228271546
124033719
85083151
76269911
67285058
67909949
67727157
67465075
67636474
67391460
67498743
76231912
67887020
67635380
67192487
73338623
67772132
67638617
67531491
68126062
67420973
67868689
67743647
67474754
69125805
67353212
67626141
67512461
67494853
67849467
67245064
65169961
67619569
73059132
67616111
68682928
68599695
67765589
68910379
68519570
68701353
74136216
67605343
67475751
67530215
67862360
64189023
67477144
67503041
67760839
67446430
67573541
67598172
67231312
71148039
67387329
68124597
67187061
67556677
67427155
67765182
82700131
67362219
67214040
67247985
67233689
67245039
71959754
67547005
67355638
67249734
70726278
67256005
67551805
72733913
67175870
67444019
67838512
67423139
67234783
67461230
66144026
67393413
67544069
66640866
67450769
67294333
67575935
72843807
67752927
67418383
67528209
67341825
67318166
67413839
67553601
72668094
72835985
67544446
72258763
67614519
77629599
67389766
67678846
67399488
67252675
67431382
67489862
67353401
72559409
67754417
72530307
67228595
67555537
61795987
67345951
67412668
67275433
67393438
67741905
67133893
67508533
67368893
67256875
67694828
67395524
67371690
67536028
67492266
78609975
67427764
67954552
67178650
67396656
68469569
67205798
67441853
67558702
67344473
72791224
67340343
66947239
67614194
67906321
78306730
67598588
67474926
67461333
67555464
67470278
67802080
67559983
68023259
67420190
67560878
69342057
67648730
67398869
67281929
67826641
67336986
67537905
67240292
67713757
68053375
67633197
67501427
82934642
67400444
67438900
67750322
67804598
67722813
67394937
76372089
67892413
68646959
67448652
67573192
67941929
67455809
67436678
67577477
77285917
67459333
67156189
73371179
68418716
66819284
67723201
67993417
77073227
67352352
67437669
72873425
67588649
67931047
67334461
67645653
67589539
67449045
66927213
67612890
67518653
81891427
67692648
67557812
67872855
67472628
67421343
67308802
65954059
67590373
67454600
67827696
67371463
67453044
67215696
67258808
67838280
67196689
74787339
69690154
69684316
69652329
69925648
70019620
69531889
69748258
70282005
69668214
68579022
69657799
69516843
67098785
69822499
70239430
70006415
70054795
69924173
70068085
69350301
69783591
69824522
69971598
70355703
69699901
70194561
70351607
69826465
69792574
97743139
69570950
70037818
69782126
69974344
69542814
69747286
69658848
69954355
69532044
70419212
69734313
69387862
74628057
69714279
69673289
69852738
70133482
70251656
69625351
71347520
75347022
69989627
70073347
70124566
69949235
69641941
69476937
70215479
70050782
69427628
69598442
69758043
69948895
70095590
69931286
70238362
69205205
70460512
69547049
69730119
69687571
69812668
78257168
70046040
69743573
69692051
69662080
69973362
