626402540
640463835
93273750
86621703
93271766
96262515
96342710
98806909
80323270
96225580
96307336
97734282
98619132
99779198
98992573
98816904
98927008
99735265
82216532
96155895
96474288
96186402
89968215
96193194
96526856
96279697
96585943
96381825
80132678
96120320
95960624
96010608
96419052
96106863
96396418
96207517
96181334
97466806
80428844
96084361
95857297
96603866
93864950
96180814
96161654
96279467
96065463
95909534
82257273
96167158
95973711
96019713
87190915
96235129
96621084
96357564
96665363
79550849
81598781
96735317
96503033
96425976
96480912
96631217
96412291
96712258
96508265
96207517
88342272
96896639
96093493
96067935
96121529
96101063
96102209
97780400
95817907
96306556
83759458
96031210
95884064
96291077
96300137
97706975
96244719
96338437
96483121
96245946
80177211
96385362
96363113
96071254
96265372
96407794
96240028
96323898
96190683
96848699
75496190
96230961
96273552
96271567
96093609
98723055
100124105
96142050
96103062
86488348
76942620
96740261
96336367
96437091
96448398
96522282
96711987
96720536
96527904
96435903
88370433
96148796
96259517
96602384
96291072
96639177
96235410
96756608
96047418
96392773
83456136
96527809
96942594
96141607
96678902
96244002
96118557
96660433
96156806
96328862
90120512
96351575
96241881
96135713
96634931
99372314
99065638
99564278
99174222
99455418
76670972
97322379
96180862
96459985
96275178
96315674
86209801
96152279
96369165
96834956
86929516
98610738
98931506
99994231
99098545
102026246
99131853
98851943
99883189
98994180
91785075
99107319
99070052
101149213
99945475
99135138
92875019
99285850
99595412
98799214
72708410
99047197
99307767
99169797
99245702
98896052
98953065
99054406
99105673
99250014
88192926
99132145
99961398
99817236
99161379
98976325
98783815
99664187
99775752
99212968
83112784
99431625
99466971
99360220
98982247
99233724
99366166
99113216
98861890
99362230
81093656
99597392
99309188
99265077
99524016
99016581
98976111
99494230
99139702
99436808
78511422
99306225
99491963
99315814
99100730
99835939
99421015
99444795
99176197
99047178
73972346
101813705
102067601
98878656
98683893
99906984
100002705
98798705
99873919
99070557
88017574
98686695
98533358
98756240
98508800
99834588
99962193
100287113
99490102
98773684
78542144
98882548
98663603
99356795
100170733
100130685
98857117
98980977
99611250
102093898
85835116
99633293
99862098
100260754
98682100
98422797
98746435
99856242
100183499
99474070
86277595
100063531
98908241
99254800
99194852
98892790
99461012
98985481
99620729
99171258
92936844
98816954
99039982
98593037
98997766
98818227
99592908
98819841
99341545
99433322
82576493
99061196
98797008
98671342
98924806
98772888
98883437
98701788
98713141
99179051
80041801
98492170
