883613525
480951877
307402158
89657742
94172853
102962952
99939795
103824328
102868771
100659723
103241405
99883966
105055744
97927498
100908515
101031418
97113642
99034222
101086675
101114850
101153654
100957584
101256044
99641940
101103092
97255321
98818449
101976812
100730308
103789038
95214175
99391961
105007531
100664462
101313292
100773742
100888663
98849680
101042036
104838509
100759557
100542429
101768160
101056391
98134787
100767133
100890895
102164266
100888765
103363075
100214235
100983470
100382971
99586708
100074554
100537173
101008902
101449805
100314363
101492566
94904529
100969560
100619459
100936068
101134068
101017990
99872080
103316719
100794281
101819059
101223451
100661888
101985252
100959943
100817369
101365204
101277710
101964289
101193645
102313731
101251418
100790045
101883061
100880193
97514001
97208480
101264364
107862183
97051507
97747692
95265674
97308958
97517632
100972187
101014445
100815372
101044143
101781058
101290164
102013023
100987504
100900072
99272601
101170592
100823813
101129304
101301718
101053076
101200406
97379126
97516283
97732922
110717328
101167021
101247520
97408260
101116669
100937923
97790450
97048535
87109675
97089369
102394550
97748629
98159980
97310180
97185375
101927313
97811426
101011984
97612426
97641651
97842419
98645717
97430776
97245021
94567774
101816280
97614211
97749573
97721884
97533394
105985717
98129138
93457825
97440503
97330923
99929117
97349091
98293351
89694844
100389819
104432879
89856666
97711722
97412953
97266187
101881839
97165089
98928271
97355678
97389730
106939764
97680942
94721082
97588751
97244082
106209400
97448469
98888255
100536161
97389555
101619836
94099461
101264536
100961496
100816044
99142109
97808410
101987781
92903616
97854071
102061280
97494238
97622530
97452894
97142774
102107482
101251500
101214818
101139007
97228537
105934136
101491043
97599218
97538440
97608726
103557088
101303602
99939130
93545987
101669426
105662857
91231771
100941938
97112270
97350240
106209251
97173488
100000736
94329705
97146924
105742560
101012114
100942092
101563999
102626334
104110531
104605019
101048090
100060229
100309255
100707381
104034107
102137968
104283700
101133582
105754647
100957475
97327454
101519489
99252015
97744422
97103175
98883960
101200105
97249210
106697408
101212495
97316630
96528204
101204014
98315948
100994085
103734310
101135612
101039499
104660995
106025552
122978561
102839633
103060525
107140281
101192607
97173822
100856045
101112437
99380007
101980169
99022274
101284044
101326776
105559563
97053825
96997166
97097596
94169295
103713879
97324282
97351638
98041262
97054882
104389593
100241730
98571263
99983841
100193799
100294161
97444906
100171351
98327266
97550032
106540228
97519506
97239264
97452997
97338431
104516797
99681471
100212191
99890353
99398010
104134598
96505043
99771478
99643525
102467952
111229679
102428344
104850605
