283706902
203736489
127211489
97201889
97207826
96954139
97883468
96865569
100968707
99386485
98841288
99316520
106103421
106174733
98887248
98732143
98964877
98697452
99204298
98251785
98526106
98810152
96870422
98360768
97830475
98720530
96233188
92156957
99062696
147093766
127266569
96473734
95084434
96961000
97020404
95837755
96993949
96882239
97459437
95852160
96990067
96105777
97250850
96429591
96371680
96358635
98338193
96799787
96448890
97836005
96237502
97325610
99302407
96564004
96401717
96171021
96683015
97201521
95880320
115101729
99789031
99106433
97097159
98595744
99330689
99834781
100966903
101798237
101263205
100022565
99870674
101284503
99444878
100874049
100929624
99701388
100037832
99790886
99814374
100642394
100212197
100342895
102453053
102374650
102500987
102533628
102477982
102117553
102116837
103408712
103857151
111144611
100061090
103544286
101750860
103083344
103614746
103331092
102161108
103095496
102675023
102792042
100574092
101865941
103037984
102489053
102958524
102922200
102559587
103045280
102704252
102618574
97982124
102841852
102466331
102428022
102610963
102775865
102164029
103985646
105464221
101547035
102153806
101770610
102716929
102088888
103786871
103372931
104264940
103958973
103936253
102854199
95693282
102758896
103085140
103947115
103842080
103020042
102406854
102569737
104014069
103558618
97462664
102762677
102669328
102896836
104047360
103867558
102915873
103298635
107715477
98200177
106846594
107779615
107536626
107692808
106901688
111945934
110818760
111122172
111837015
109722989
110452326
111815500
110607124
111665343
109102403
111306238
111280243
110285807
110894120
112564435
106996192
111126809
111856940
109010689
108883328
108767298
109981216
109598309
108000851
110615978
107870934
110282998
110000747
110131479
109883393
109617218
108634471
107786513
108341899
106795991
104346359
107488092
108162264
109383986
106975237
108380102
108293907
108017249
108554039
109014394
108366525
109151275
109147792
108311963
107679189
108978814
110500020
111119866
108109450
107398366
103831633
108081464
108034963
107660259
107204137
108527600
108298347
106829459
105973100
105936222
105942724
105728253
106184486
106630379
105089206
106712668
105800029
105900551
106307956
106313712
106789533
106268730
106168103
106213969
106011689
106798491
106544455
108449280
106045582
106104863
103997581
106824332
106778190
106758614
105590556
105747182
105929410
106315364
104740180
105741008
107612795
106610185
106824240
107525652
106198639
107405373
106570351
106288824
106521721
104322372
105980998
106442739
107702441
107012279
106750929
107591668
107227322
102576897
108177582
108639384
107431397
109357242
109278124
109183226
108253252
108918942
111820224
108683993
109414968
108463449
103369407
108621163
109189515
109336840
108238028
107821944
108364545
108633286
107974926
107983197
105621494
107723990
108626699
108246914
107671406
108196747
107386246
108315754
