228139515
115626339
79419488
75382410
68639685
58681410
62744232
58012784
68940816
78502240
65433669
59227591
72321393
71887869
73461943
68655766
68644950
68531280
71821661
78268714
72082170
74057155
72083464
68560404
68592699
68125146
68642270
68786031
68889448
68789604
68505342
68924204
68740853
68643526
68420323
73209310
72216339
68693777
68700169
68445415
68767592
77294832
68802347
72054506
78512996
71639422
71824690
72026393
72226493
72343764
77345930
72048524
71744809
73164423
72283070
72670838
72582751
77291791
72713584
78101360
72549396
72542001
72533022
71842714
72803780
72500947
74093247
72321951
72231932
71944227
72737778
71932133
72067860
72687130
68500057
73812464
68379307
68740646
72010888
72445401
72015764
71996986
73991897
76988893
71941261
68747355
68650476
77639222
73133428
67890041
68970596
72036587
72111964
68382063
68601915
69053624
68457308
68289545
72099189
68668253
68713234
68369203
72119796
78947055
72255260
73978698
68891024
68809049
71771140
73530847
72293255
68800613
68615959
72295009
68605724
69608067
68512299
68304782
68509644
72131217
77915489
68897907
71954574
72369860
68603515
68724531
68701454
69949029
72018874
72385666
69172907
71997660
68324382
67642332
68652379
68696645
69568896
68690362
73143751
73503941
71951686
72249805
68960099
72376696
72351699
72291767
72331717
79611804
72082548
75549908
72417367
72488691
72479011
71935308
68640534
73066541
71704643
68605387
72262912
76779310
72835506
68745086
72787418
68686561
72034076
72422924
71921034
68563956
72682434
72121865
72060018
72383986
72023269
72314695
68638486
72546995
80408037
72861226
72866309
69006984
68858959
68478660
68269853
68707202
68549388
68545645
73851798
68502157
68581736
68439488
68332802
68656575
68448176
68475407
68377970
68544092
73899051
68337319
68420672
68532207
68453004
73621905
68431381
68062711
68251579
68368702
68108150
68501740
68671108
69528957
68741375
68503448
68461496
68345518
68318576
68402946
68423058
68374645
73256914
68339243
68329263
68910535
68823934
68469600
68646146
68411947
68458641
68582508
73809414
68732860
68610346
68813073
68724437
68167356
68460519
68785829
68688119
68574342
69906743
72341579
68423297
68947719
68749822
68927716
74804057
68576428
69073203
72213455
68699147
71565882
69311031
71764745
69015410
71793478
79042201
72074887
71894135
69127062
71778944
78130205
72304387
68781826
72609707
71969867
72271469
71861125
71840078
68662537
72007868
68345639
68564927
68685578
68387304
69034469
68042101
68941077
69103900
68574172
69195804
72398598
72806913
72030640
71956681
72270856
72072907
68746195
71966152
71830867
79742261
69099206
68807340
73203804
72709684
68837123
68433176
69011114
69535183
68720004
68723309
68605406
