873744610
661319028
94337273
92809352
94129113
101331542
101389961
101531818
111834444
104677892
101065389
103026905
100491223
96695943
105060646
101146452
100925053
101611144
104545222
101595322
100992778
97283507
104303067
98022376
104417390
97414337
97044498
97346420
97205705
97612568
97501403
97731621
97327882
97253101
97147118
97518970
97340314
97396349
97219712
97048087
102126682
97309958
101014348
97475088
100915648
97219854
97225643
98058270
101206019
97225887
100962508
97515946
97329198
90006685
96993778
97470439
100498741
100070938
97277232
99903935
101122326
101023115
100808689
100188485
101089044
100795991
100772163
101070022
100890794
100950295
100849230
101184942
97692614
103668382
104332249
100173519
101119434
84014359
101141520
104445429
97500575
97374847
102196815
97933902
97541326
98786455
101216443
105220113
105302054
104803419
97556855
92634086
97615016
97350593
100092505
98634921
99807458
101087468
105484876
97474946
101451912
104788315
104842656
97776801
105231507
99877107
100346662
97489044
97255740
104926969
104622197
97246826
100453310
97181241
100663513
97645902
101394201
101228356
101192547
101087543
101270986
101264436
101485637
101686183
101349045
101811814
101670391
101967843
101339276
101209926
101369541
101467553
96316457
101455017
101445446
102234377
101340363
101304936
96984355
101345859
101071496
91259540
101533034
101337235
101027549
101775044
96948214
101714495
101206847
101249864
101284652
101551348
101242956
101485564
100986558
101369109
101373282
100104920
99613223
101226638
101702527
99923692
101091227
101639918
101548490
101411473
101307869
101280435
100528461
101291701
97400193
100510992
100622293
101433626
101126709
101384651
101587670
101426751
101308979
101455866
101366818
94640563
101300798
101121124
101714765
101856768
101078754
101208452
101413893
101531524
101098258
97912345
101356437
101211015
101025573
101744700
101260203
101204365
101176742
101326789
101359528
100990036
102124260
101143659
101089736
101678885
101206814
101235553
97406937
100631284
101145406
101585338
97133583
100963812
101126023
97161720
101227968
100873609
101365209
101178203
101259019
101359281
101197431
101294534
101476392
101630024
101373397
101478601
101255757
101313556
101508627
96525458
101523098
98120133
97823134
103072465
101028061
97876739
97445842
100895767
97787507
101082993
100955816
101532455
97746917
101297592
97765740
101801261
97593161
102549393
88160188
97001964
101421036
97783099
100861147
101400954
101341851
100971471
101115956
97301819
101196478
101224285
91084848
101156130
104689837
100847151
97215908
101055401
97674392
97437398
101177857
97346228
101664886
97636705
97282434
101586238
97303457
97755979
97130472
97215162
97270714
100899230
101579055
102149378
97755905
99564520
97088104
97530357
101712109
97498506
99621731
101596573
97435861
97698303
100988206
97956265
97444035
98569443
101241850
104791298
