204419017
115789998
85228883
75220187
66980605
68966462
67597596
67312497
66873640
67494981
63141207
67117206
67183722
67734315
67613019
67361350
67513001
67340928
67516375
67650281
71868012
67762155
67557867
67313695
67583908
67452948
67541404
67426846
73263834
67513963
72664389
67264785
67551060
67619304
67368331
67466406
67544222
67510372
67926352
67813672
67336609
77455384
67557938
67350795
67407077
67564795
67569375
67626639
67704364
67599917
67553966
67740156
67490733
68950621
68164707
67608493
67786859
67646054
68181958
67633948
72140832
67706518
67530812
67696295
67521604
67600617
67671431
73410126
71638252
68081222
64360063
67896895
68439289
67799607
67436175
75340963
67561812
67689636
67852168
67650334
73752048
68849364
68809301
69036815
74070185
69056641
68902383
68858614
68953767
69102309
73483180
68968996
69871945
68889717
68944630
68954644
68728070
68897132
68898422
68652205
73385574
68747282
74212618
68715770
69284343
68878450
68726510
69554724
68917571
68966678
65994520
68833321
68612410
68841793
68801091
68811399
68910571
68471732
69095822
74334614
65931759
68887282
68895388
68781068
68935064
68682297
68754939
68727302
69227729
68838671
73519947
68908830
68803410
69381833
67957876
74764596
74479333
68672352
68892107
68917823
66581278
68580692
68948571
69038891
68609329
69066647
68928707
68552085
69354692
69089518
68212592
68950372
68798689
68853555
74219168
68850569
69045366
68993561
68813961
68794950
73852481
68846740
68511673
69171513
68527345
68586255
68555903
68631231
68628812
68680579
65992412
68611553
69090397
68788637
68860297
68578155
68883820
74565450
68630496
71342257
65836843
74653226
68579239
73930702
68426412
68565168
68609708
68776773
68778640
68808331
66691292
68813629
74507888
68836795
68896365
68993653
68777303
68572284
68809228
68840806
65899509
68845273
68545924
68540418
72454020
68451436
68499330
68648593
68720271
68848653
65834794
69018730
68406131
68565781
68481380
68546909
68597393
68574884
68681067
68572398
72543022
68822514
68427615
68591690
68574657
68625093
68983799
68895341
68787768
68965426
66652190
68643680
68759384
68821026
68968247
68903695
74234670
69296119
69009409
68787592
68067271
68652296
68853328
68964325
68638673
68688073
68523329
68793090
69081503
74204478
73692616
68847681
69003000
68890317
68794050
68888719
68732782
68578962
69275879
68680104
73274121
68829970
69289575
68739636
68746430
68788797
69016239
68840825
68925047
68926061
67402335
68864684
68815402
68731571
69080886
68760064
73880400
68855444
68937745
68865812
73499631
68760810
69319997
68732693
74780408
68774513
68790217
68739421
68851847
68767279
73840445
68634896
68968431
68884872
68926572
68898318
68926128
69073179
68994151
68850834
