303374845
178297678
102205759
104592763
95392154
96443863
96301512
94732711
95563653
94949318
95272710
104011048
100873891
101568324
94164443
94361244
94168196
93538845
94174450
98354806
111867157
100716038
92729309
91849391
91588284
92134487
93039062
92608370
92449990
92161628
117916642
106470920
92429693
92905528
92481990
93082800
91716663
93547457
93039878
92735009
92091861
92306208
93160505
92310144
93242454
93539027
92609371
92443036
93331145
93156158
92290518
93830096
93529615
92590341
93267715
92806179
93168091
92478382
92432492
93532128
108364770
102555663
93655707
92007196
93215044
93315226
93202027
93275936
93253086
93406067
93959917
95601304
92770212
94369851
93273472
93329422
93514148
93268647
93220146
94680689
94271264
91846826
93617220
96484996
94594554
95547780
95076418
95346310
95289590
93309534
92382255
93852009
92012609
91856237
92774417
92292380
92827754
93731424
92218800
92796555
91160552
92274625
92829021
93178478
92274668
93266000
92264277
92976804
91392495
93235899
92389888
93678214
92569956
92661277
85680421
91784063
92715562
92156986
92257812
84935057
103701997
97095650
96305740
95070020
94487028
95162857
95500559
95112684
96521706
95498862
96250315
95784921
96573003
96624954
96998581
95775845
96795898
96754244
96945208
97439095
95542137
97059603
97653304
97202152
96827518
99790133
96867641
96903959
98049799
97312705
94069607
95218014
96051973
96244914
96272437
96566529
96546604
96011218
95738430
95874299
94739398
94149178
93980737
94954438
95719596
93944123
94195231
93613238
93911079
95304212
96074677
96360948
96839168
96461627
95930157
95620585
95453694
95610268
94557051
95707689
94701725
94372656
94851205
94337203
95630741
94927490
96563927
97932147
99230705
97779121
98132498
95010549
96538836
96836740
96554217
96513196
96557577
97459058
96794736
96229008
96737281
95151987
96499071
95782439
97074429
95910691
95478945
96025497
95443485
94071874
97703894
98411200
100871105
100568148
100659927
100279292
100608802
100368905
99871282
99564286
100590876
100844653
101374628
99647136
99656103
99473304
99720274
99390726
99692387
99629738
99107137
97676919
98415424
97927628
98572190
93315395
97433355
97415068
97704500
96264167
98811687
96764931
98854859
99272918
97536058
98712666
98437690
99122622
98329335
97555941
97567630
97423166
98601527
98661149
98320026
97940219
98908841
98504432
97931845
97814856
97730421
97378147
98571030
97840563
97891943
97758100
97943895
98294771
98534677
98262714
82609538
98059242
98225983
97864880
97810386
98395039
97867138
97794548
97678696
98455957
98228111
98186355
98260558
98320538
97826510
99604115
97997849
98084448
98112558
97941142
97938551
98018870
98148025
98017523
98559446
98126162
97949516
98248012
97748780
97839745
