328958796
670730525
106367272
97887823
104246204
107790806
108059997
95436353
95551626
97462569
94311895
95418135
96279254
96513643
96294355
96702127
95654211
96379333
96259044
96313013
91438153
95763124
96267856
95533950
96078585
95957926
96292901
95569714
95344335
96506225
92175750
96477426
96878260
99007042
99149373
98954226
98345834
99111248
98825120
96551141
91378863
95404651
96171720
95230806
96140780
96545604
95471030
95405457
95380603
96438013
91381647
95706577
95602995
96148156
95787590
96649592
96474558
95556346
95731928
95722228
86255219
95584097
95424926
96121607
95517413
95470319
95518436
95605988
95301483
95359918
96025302
96580668
95439064
95513541
95423402
95406867
95299504
95400566
95225949
95468771
95168808
95666004
95423878
95260057
95389248
95379575
95260721
95227661
95290992
95275253
93425083
95639382
95807583
95662335
95711272
92870088
96906928
96965486
96148176
96257918
92480685
96179218
96095950
99482923
96572231
96531671
96277719
96768069
96242244
95890821
87499725
96911520
92560543
96095500
96189362
95988381
96132422
96119836
96172025
96977867
84293553
96147493
95621213
95855703
98891815
95566589
95902177
96053743
96255173
93009450
94110175
96274745
96047618
96163160
96177246
95856326
95732692
96002387
95778610
95845761
91181509
95541228
95491819
96231709
95668592
95999828
96533115
96939587
96866899
96527098
95252455
96912473
96631544
96750386
96808731
93010872
97415033
96066752
95869109
96246377
97310172
96051389
96759839
96133940
96636984
96235395
96064391
95527675
96219000
95900097
91803041
96023683
96563832
96215399
96597284
96209535
96194388
96444457
95873931
95996032
96838592
96243176
96381211
98440796
96363257
95658036
95998554
96099916
95702782
95954439
91773856
96130790
95822856
95979964
96055663
95844507
96044510
95760558
96584020
95894193
95154793
96734846
95695412
96215332
96154411
96334695
96055661
95908939
96197196
95966991
96357824
96403052
96198446
96006843
95821125
95970093
92920247
95768494
95775794
96042841
87424024
95890897
96075081
89089424
95830268
96596689
95960811
95823094
96273979
96069611
87681456
95981407
97045146
99773826
95926191
95842377
96782759
96906516
95803265
96730410
93949609
96777341
95780686
96916357
96235326
95977482
92320183
95677901
95889082
96236660
85165395
95648016
95740246
95887313
95702686
107065395
95531336
97191437
98140086
98397093
95066210
97523100
97797247
83510053
95385668
92849749
95768486
95648393
95378903
95211492
88699989
95413109
95423292
95637002
95489462
95739493
95362995
95818816
95678789
95514282
86793435
95469786
96271892
95303838
96013772
95413884
95196324
98636617
98929811
98266484
98023451
95687573
95423716
95437374
95620372
97805568
95761500
95694329
95830730
95494948
