325571659
197487437
129489481
103285214
93901783
95306600
95794970
95711659
94917122
108988920
103913493
94054017
96031706
93846298
93790182
94953063
96558084
94960036
95063287
95649549
94979743
96193680
96377814
95653840
96450435
96513979
96278018
99888937
98110099
104275455
115090993
106462986
103859324
104176237
104210656
103687788
104108617
103454985
105181710
105256955
105340809
104062294
102560680
104765940
95855217
105163811
105254864
104942184
104896062
105261036
105659696
112961938
111511774
105345891
105539443
106011637
107778516
107395859
107184917
129827989
113269555
105422738
105589724
104914286
104086888
105158911
103784443
104367882
103782700
103338721
103969533
100956463
104114802
104300936
97498809
104689866
103921816
105111821
104154817
104125011
104809206
101578759
104714305
104712380
104763833
104580647
104571821
104374491
104048099
106705512
103690189
111730781
103980694
104317919
104334837
103072173
103897250
103936966
105070160
102983231
102891517
100303215
103584024
103323784
98771065
103920993
103461461
103864373
103004350
103034072
102636867
101352601
103162180
102447932
102657459
102951531
102231845
102507270
102385274
104741924
104122319
106861453
105580365
106236823
105110093
105088159
106233723
106016987
105872615
105945349
105609500
103470226
105386180
105159348
99450665
105903139
105973455
106067689
105865236
100008325
106188863
105068113
106722452
106916893
106590565
105731435
106394268
106540901
106445168
104841470
104693375
104105826
105011744
104775404
104734825
103428867
103108160
103332038
103227866
103317385
103826788
98048182
103869154
100429735
102462159
103620634
103765098
104092555
103841724
104381674
103858826
104491197
103810930
105284224
103835002
104179952
104320954
104243672
104204805
112292664
105483359
100821968
105554382
105576402
105557058
105625887
105466798
103533317
103047259
103344771
103149226
103176774
102880172
102835838
98708660
102994486
103282655
103106642
103295103
102734415
102617307
100362906
103645501
104454238
103961602
103584967
103259014
103690840
102993353
101210617
101157926
98878262
101148376
101388047
101677898
101309883
101167692
100761598
100381187
100690183
100813859
101261748
101590377
101985188
96668497
101671485
102272227
102092742
100601428
100383909
101079892
98631552
101174717
100837051
103510734
102406910
103300409
103360712
103164759
104307409
105302522
102286926
106127024
105642813
102319173
103655338
105467002
104130768
102595892
104242264
102699351
102652919
104662508
103190572
98558693
102905815
102713743
104126353
102625717
104596895
104216926
102032494
104423302
103606496
103806504
102348789
103218828
103444308
102549376
103714411
103530424
101292440
104027265
104535068
105216523
103337649
102882664
103117499
105180879
103737097
102623054
101757319
102185477
102550284
98359860
102576509
102839123
103929416
103142322
103249751
99856384
100622846
103538446
102959636
101918229
102139316
101470554
100713403
100135884
100855934
