231063399
110847196
79102202
76344753
66962657
67454657
68069457
67828308
67584473
91198188
68209934
68090876
67899597
67680288
67913187
67630858
67562320
67332145
68029058
75371611
70020088
70270842
83045650
69672800
69832358
70065645
70303229
70191487
70217213
77118316
70709066
69670656
70098889
70051531
69929201
70606046
71031248
70878963
70990291
74603526
70374554
69797923
69684959
69851183
70088466
70634657
69924672
69789284
69972852
71673393
70061417
69945482
74200482
70493568
69733722
69999770
69812414
69966520
69919960
79089336
70345899
69758357
69908384
69560450
67395822
70272598
69907845
69922716
70215227
82096912
70209821
69911859
69628315
70687998
69725120
70128981
70093695
70106325
69443622
82508132
78037804
74062738
69720941
69743782
69771326
69833578
69695733
69645975
84679867
76352485
69628427
70085428
69803335
70025966
69959161
70059358
69604703
71241816
69709604
98836500
69959731
69289457
69735779
69627937
69908249
70691055
70175363
69597951
69732479
80563159
69982970
79420379
69243410
69705574
69732515
69677964
69388210
69949104
70001900
78591978
69902670
73675635
69895233
69597159
70134825
70166362
70447832
69884648
69559101
82694938
70333794
69936413
69751444
69712774
69829411
69953823
69855557
69787576
69655124
82354557
69987544
70158439
82613524
69805130
69690598
69588146
70193848
70071966
69834833
99407294
69764044
69445914
69681157
69768755
70546858
75687299
70315777
69408883
69678709
76183657
69717806
68346891
69943955
69594192
69608557
69566744
69863194
70216887
69785543
90188912
69719976
70181126
68624445
69569514
70156631
69387656
69895226
69855163
68999104
72888405
69990776
69324904
70057932
69845258
69969515
69887480
70076129
69583496
70556210
89965191
70168380
69754132
69767590
69910673
70049570
69982454
69942949
75212373
75577204
79503303
69627559
67621609
75566783
75144946
69751328
69407113
74984186
69692135
70024887
67655854
69562021
69477810
69298018
69602682
69718608
70013356
69486460
69779165
75109488
79059467
69747027
69421983
75471311
69435192
69684941
69556060
70291083
69544790
69616190
71844927
69597212
78400928
83290947
69350884
70172981
69634210
70014595
69140274
69680105
75275054
69455021
76782035
69580379
69447907
69870988
69556174
69648435
69674292
69430217
78552927
69710194
68830996
69928108
69775290
69994588
69722242
70107408
69671458
69571736
75457525
70379772
77742153
73843948
69569703
69812366
69805558
69780794
69778715
69707928
94021164
69646869
69658632
69548243
69254003
69903311
69361262
69894155
69542721
69690577
73124071
69717374
69471215
69652862
69291292
69959616
69646098
75549216
69638486
69482548
87265183
69747803
71606048
85136993
75173784
76498585
71361726
71684955
71245730
72740697
76029358
