615673572
661568228
94761199
88234100
91631798
97437087
97486230
96963525
97618972
97463680
99098451
97991005
97236582
96918019
97065649
98087074
98441264
97637135
97415980
94348548
97649593
95539518
97500647
96927356
98576911
96982789
97538089
97461423
97026916
97771566
97710655
91016148
97457484
97843399
97561886
97379592
97128045
97695191
97779379
98753910
96918323
93838888
96929113
98058489
96688342
97579580
97401379
98774193
98458656
97389832
97489367
91817691
98566872
98041408
97064694
96824261
97114864
97489835
97804683
94224950
97632283
97409985
97609761
98245565
98382138
97626390
97750806
97279819
97094698
97242404
95177047
93296275
97487119
97200131
97579247
91216021
97453564
97642351
97831700
99204659
97672895
89600786
97507748
97285676
98289320
97621953
97853625
97685211
98813244
98564215
97563753
97685373
97501555
97695283
97643787
97528693
97864796
97304943
97318789
97053465
87705230
91083620
97746628
97199493
99090545
87254327
97645590
97148681
97816924
97174000
97424717
91214599
98508431
98818824
97587876
97243723
94668367
97654175
97150139
98334554
97827663
94462759
97320211
97418448
98091552
98615463
97532572
97392089
97557583
97244990
99146402
92932907
97452059
97797315
98912533
97009505
98297197
98173364
97621959
97307739
97540114
90256327
97741992
97277446
97631307
97489941
97536929
97211385
97640085
100624382
97747245
94890558
97388878
97443297
94021800
97625272
97607793
97696736
97433575
97247565
97865711
91953003
97822400
97490563
98163611
97665630
97663802
97302409
98340480
97439584
97631116
94599569
98580082
99105787
97119848
97366010
98470745
97666845
97696837
97819944
97814690
94648827
97471122
97242423
98871122
97497162
97911087
94534828
97302397
97394375
97444802
96995674
98198380
97126872
97404368
97488813
97346089
101192491
97216744
97587546
97674703
90940345
97153589
97504581
97924839
97370155
97652453
98028304
97279496
97235412
97487915
95341605
98832925
97674423
97785578
97212830
97528861
97390306
97790259
97197453
97648216
86677554
98077934
97815351
99098633
97939144
95940925
98127713
97475949
97882983
97663946
95234985
95134246
101535420
97808857
97623007
98418957
97682330
100978201
98385294
97880316
94321321
97661783
97510097
97253552
97609867
97757342
97425648
97234038
97213050
97665776
97134816
97101017
97412244
97670427
97223077
98210329
101099398
97014606
97724324
97438610
98609585
97662506
98632572
97762898
97733581
97635461
97499981
97279412
97556555
97735272
95036885
97306354
97465259
94185469
97330044
97524164
97115305
97265968
97315603
97393426
94488255
97266402
97351436
97807140
97869370
97192805
97169974
97304422
96956718
98683509
93537144
97525603
97241451
97164354
97575691
98163757
97115849
97636960
97776530
