891492067
752154465
99213450
93218060
83192124
99526761
96200220
98772423
99278339
99025725
98981970
99180949
100269549
99134483
85740235
98954278
99549832
99011237
99167546
99355121
99156419
98921791
99226370
99034651
81394155
98740920
98943995
98925720
99413288
99161080
100411004
99065792
99236171
99245103
197555079
99183036
99177863
100962015
100435934
99685410
92434338
99241795
99365050
98993667
82169410
99025930
99073323
100373050
99277853
98705019
99208734
98731204
99177804
99077194
80349949
98810535
99266348
99249553
99105021
99223642
99115361
99507432
99177870
99218034
81715451
99362501
98948949
99304773
99960742
99282800
99680366
99492359
99337430
99846458
86781030
99205855
98742887
99749630
99854271
99220581
99393915
99339468
99491628
99342054
81223954
99417525
98867542
100113171
98885268
99407049
98986631
98713862
99228066
99538110
76620297
99202063
99122663
95942849
99258453
99564284
99246334
99317531
100650087
99396188
84537573
100292326
99714254
100614028
101535364
100415833
100084491
99187799
100020979
99735977
84168621
99841251
99408553
99446916
97761408
99428926
99361462
101749694
99997218
99824737
82759391
100097737
99526737
92862184
100080876
99026921
100300450
99942784
98926347
100754698
78694168
99464101
100038670
98962930
99182834
100230223
99359948
99282491
98880806
99147903
87317907
102876963
99085387
99147186
100190820
99071406
99059894
100383028
99016252
99342309
85426464
98920590
99211078
99556399
99573363
99284349
99260253
100258646
100344341
100424800
96828061
102726178
102991041
102962904
103414366
102801781
103131882
102948233
103375517
103338220
96070652
104341405
103513372
102649848
103393111
102934267
103205903
102902611
103120956
103471830
92947636
103205799
103366306
103276885
103143050
103914315
103418440
95569558
103171781
103391429
72385795
103216082
77367994
102551243
102694619
102816020
105690490
105914015
103122331
102923057
99384821
102682241
102928441
102551584
109130304
107301933
108643505
108543370
108956982
106063051
99358400
102636614
103575915
102574895
102693280
102396066
102399566
105390204
105208925
103304043
85873823
105180903
105297120
105849084
105377138
103734121
102855812
102292087
102580576
105254242
87267382
102450499
102223400
103294529
97217439
101552115
103548625
102560418
102379357
102823171
86450299
103486626
102463047
102498984
87973559
103506167
102529670
102888076
102841128
103133602
187557288
102179778
102560582
103737258
102686600
102110439
102237837
102750559
102509308
102335583
85388795
102076921
102247715
102396501
102657349
102501514
102692656
102755239
102429629
102127977
88991171
102036068
102194757
102300393
102180344
101652721
102234656
102460979
102586115
102524618
89300679
102319286
102140446
103170195
102659955
101818562
102396919
102341361
102333802
102229955
86400768
102283481
102622475
102866282
102520510
102273071
