227293316
123900623
93949598
79944093
65970387
67250698
67304879
73389421
67511404
67519786
67388989
72801384
67788626
67868225
67107896
68204113
67397785
68005329
68153026
67577471
67975214
73482908
67741124
73124675
67242588
67188783
67565262
67908806
67368502
67749675
71375315
71770558
67832047
71480587
71949495
71811341
71491065
71973198
71728517
71673873
71707488
71816522
72305214
77613088
72409800
67334641
71877705
71905842
67214540
72259496
72566709
72606700
78135062
87024594
67370211
72407393
67881678
68006592
71578163
67743320
83089273
71562899
67257422
77239039
71669844
71749850
67992473
71698967
71454738
71449883
71717754
67417664
71926855
67608204
71778627
71858948
71734289
67658915
71900621
67956307
72057826
72112725
67696374
77212150
71747666
77340726
71957333
71889611
71648194
71597215
77297733
77074697
71650527
90223432
77636315
71674920
71588222
72319271
71741854
71704952
67470496
71865510
72005843
67535644
71586441
77247521
77603393
71873587
71852239
71553767
71506524
77266759
77040993
71978775
71752594
71760836
71679480
72017204
77833907
71775556
72766426
71827440
71421622
71581634
72414720
71528384
71568372
72223027
77602019
71573597
77285951
71368424
71605790
72319474
71617638
67448334
72263639
67661760
71287676
67445466
75682989
71354813
71577950
68238813
71511530
67388648
71373948
67645980
67293572
71499496
76208753
71467132
72051540
71777512
71617620
67561648
67531495
71635704
67343434
67519878
71643734
67497147
77016001
67451206
71515401
71964556
76711614
71535422
67359203
71636898
67223522
67216365
76652663
72956285
73229271
71689035
67467919
71967491
67445160
67494944
71718690
77495803
71884601
78483660
67614124
71703206
71462135
67431802
71631156
71811919
77875167
67464850
71433105
73757700
67407830
71430494
71838956
71631061
71531911
71368220
72242986
71569452
71937758
71684935
71505093
71613420
71865167
67641995
71633179
71736639
66807843
67378764
67538381
67424255
74856727
67286699
67405449
71815233
75434369
75465729
73870258
69557511
73962874
70173988
69713526
73963243
69903425
74064130
69923963
74046067
79263785
69953904
79177292
74987821
74380682
74585730
74424650
70117153
74325223
74068499
70227315
73761932
70061738
73774742
69762099
73575735
69925764
73675439
69858198
73687172
69826076
73574726
73584534
73697147
69928017
70071009
69779793
74061928
70015234
73867964
69748638
69696180
69944170
70107892
70067792
69783781
70307789
74045055
69495175
69987015
70130238
69670247
70222302
69806145
73962243
74002761
74584627
74627145
73985445
74062809
73991630
74264142
74041777
74395531
73862664
73956509
74129570
74297057
79331607
73993797
73999327
73437889
73859990
74200379
74022273
69519236
73874584
73967025
73967713
73955296
