236978484
88429970
85160150
76219570
66707246
69361581
67584296
67663015
68264238
67663020
68852529
69716479
68166456
67540488
67557157
67797502
67538033
67722462
67584449
67617631
67460521
67566567
67504334
67653430
67752810
72636193
67506341
67625953
67467890
67597186
67388896
92237371
67433310
67498243
67304620
67474678
69022958
67607855
67676685
67565329
67305812
80810989
67564778
68215915
67587912
67574555
68296961
67700793
68183571
68003547
67718319
75083863
67404807
67494136
67892238
67642282
67551723
67545784
67605364
67634571
67693504
72666841
67784874
68111300
67360108
67557756
67696400
67811647
67744657
67741571
67425008
70341244
67872063
67666673
67578780
67882885
67302562
67735053
67619530
67718356
67951914
63814905
69037514
67445915
67569018
67879099
67091386
67611298
72684005
67537847
67291725
80413300
67375881
67508125
67712390
66892752
67450671
67565114
67422737
67142171
67289619
72634217
71758671
67273844
67155496
67589515
67671387
67611303
67192536
66975017
67479603
67161339
67220014
67560273
67439076
67044977
67094147
67607674
66917956
67353036
67042177
69051504
67394882
67963168
67454673
67796688
67595955
67158746
67236257
67468528
67513524
67939979
67631106
67623350
67636966
67301088
67720765
67510150
67966508
67730963
67603459
76563316
67834767
67628253
68331161
67688712
67538436
67110005
67716165
67298745
67662225
71615207
77016290
67179350
67318950
67521736
67008747
67210362
67076583
67615242
67360911
70382589
67125021
67433834
67180913
67090397
67293529
67464346
67428832
67266588
67242886
66206690
67571007
67300434
68220849
67454538
87217983
67316894
67097065
67121504
67158947
62601182
67242292
67531161
67056976
67439590
67448037
67125275
67435064
67548473
67173518
64286183
67155680
67499264
67210020
67374227
67269331
67892677
67130726
67255007
67673798
66922649
67580829
67817096
68082327
67369977
67950020
67463784
67672224
67825052
67540330
75086913
67469456
67785510
67584438
67776453
67715066
67859557
68067927
67639538
73346382
68503569
67616801
67752812
68062954
67872693
67693026
67535790
67625208
67594516
67941293
77006963
68062456
67995565
67902388
67427976
67577341
67565295
67465915
67437143
67842708
72221646
69108174
67875783
67877805
67615353
67420081
67305900
67763425
67352470
67389954
81930274
67546800
67790919
67554328
67210886
67785767
67219863
67423735
67475703
67286684
65438780
67041694
67631948
67321536
67469537
67412773
67480849
67300119
67290809
67844626
71242363
67702509
64307879
67376441
67547794
67233219
67036405
67267760
77451622
67261055
66860646
67726890
67287812
67720257
67697223
67514630
67726517
67794374
67516645
67646887
61940827
67464879
67444946
67330166
67672324
73032792
67395353
67815211
67478086
