307702102
198585611
111067380
97171245
96522059
96657175
97429157
105582293
98068482
97771044
104918829
97237717
97718293
99582905
97674662
97641066
89960389
97037625
98184471
98327045
97047943
97399590
97694059
96540927
96395018
96127067
88785518
96534305
96930049
134802006
117931657
104512302
98492954
95379175
95314699
98046821
88931918
101198909
101042711
101062797
101187054
97087792
100300986
101010748
100838405
100488686
96886080
99787822
100045662
100382625
98725025
99878896
100389073
99588936
99733977
100150775
96548578
99604830
100118148
99871367
100991585
101456255
101424903
99725636
104339781
104520693
98425801
104832419
107286591
105724185
106021686
103513232
106471466
104562082
105710354
105737006
99982973
104668734
105003644
104965790
104036202
104868628
106107289
105099601
105976960
105187916
96799664
104387944
104567084
105892570
125557635
121574770
105087234
106503826
107091503
105331552
99713099
105581747
105291872
105802309
105518416
104854344
104605681
104818425
105503243
105473949
96077387
106525504
104793343
105109563
104335019
104858501
105245167
103395299
104369982
105143898
94948949
104398792
104975340
102923426
100623466
101236829
101579642
102455014
102778951
97062682
93999668
103166899
103586566
102940973
103087676
102911695
102411224
103927250
102738946
103086640
98260806
96377873
102795580
103817651
103437558
103132957
102886989
102397952
105214219
104654760
100066691
103823986
105761725
105521774
105323008
105203341
106921289
107152261
107287261
107132151
99919054
107305670
106921582
106149896
108508898
107417565
106634639
106919205
106725363
107522329
98488449
105003385
105127518
104475291
104322467
104837490
104483723
105694946
104820450
104775298
102393622
105080474
104488494
102608194
101857163
99506295
100065562
101757189
101345084
102563216
93833248
102290082
101513000
101006745
101437765
101709096
101724990
101447471
101531546
101425189
96603534
101878166
101447726
101866619
101641667
101870113
102109662
101719142
101677856
101645491
92615551
101739057
101431619
104478644
104693830
107174083
107051691
108327138
107439744
107502004
100393087
107347250
107045297
107115271
107043501
105780574
106759456
107717283
107230299
106314186
101192077
107104868
107211244
106618485
106669999
106904198
106508441
106481289
106524133
105653698
98535795
106483389
106673370
106029870
110302923
107892563
107266046
107691780
106766896
107662260
97661400
106310590
107408514
105667337
107426784
107527245
106778707
108311911
107157238
107449553
93180852
107355320
106208380
108174875
107426354
107954254
107757463
106939631
108293962
106945879
105002643
107603760
107297990
107616597
107719953
115787479
107935413
107634676
107866822
107097818
103211198
107362302
108043404
107740137
108169769
108031886
107784896
108159670
108746961
107573280
102924468
107850617
105932920
108077729
107987790
107839228
107655096
107586260
107728380
108183310
97969577
107355210
107356678
105523329
