231675915
118178921
82044082
69903023
66636719
67064154
68010511
67188686
67253029
67301224
67244900
67061072
70835805
67681166
66630724
67339978
68187435
67712300
67925278
68020484
67882706
67811082
82373640
67870032
67591446
69897154
68110723
67708641
68338123
68692779
67920797
67769462
70626325
68106911
67264329
68686381
67891150
67635666
64872047
67903926
67890271
77663465
81731093
67930665
67689634
68166957
68067825
68229542
68098428
68070348
72588044
68094029
73640896
68461188
67463744
67635220
68434775
68467420
68098354
67805173
67995880
67739279
71229819
67912627
65695191
67914309
68345819
68062022
67791472
68836365
68883320
68199878
76476341
68224732
66606298
67792014
67967693
68172239
68633501
62990934
68256045
68169957
79077005
68275714
67840663
71248893
68059333
67947327
67982961
68047251
68246801
68350193
79159545
68003479
67521144
68201365
67595225
68159632
68106942
67999690
68004449
67874833
74543121
68159623
67497616
67866995
67639122
56096653
57035355
56341916
73208747
67876341
75440081
68294325
68303830
76675382
67971151
68027995
67939744
68201509
68073632
67942857
81603595
68212453
67895172
67720428
67376992
68039468
67930485
67984191
67957546
67976624
64889879
68155542
68077422
72922854
67748719
77618445
77342161
67684782
75072620
67890050
82653661
68123690
67992118
68880250
68449046
67935443
67925892
67438939
74393000
67444907
85622488
68332985
67638084
67765872
68189917
67715478
68163476
72134701
67811088
67970822
71411452
67925308
68049596
68280745
67616893
68083084
68044010
67841819
67922700
67705611
76221570
68511475
68315796
78032035
70369805
75524711
70254271
70494562
70726633
70377801
80542052
70653843
70587022
70624517
70545489
70417616
70365869
70912038
70091190
71354025
94049245
71173394
71463961
71562896
71263247
70959262
70874225
70859241
72545319
71681167
68399477
71830994
71604824
70090444
71799006
77866956
71609351
71771948
72460944
71820522
64857893
71205873
70435879
70199308
70374164
70234090
75688953
70540057
70296314
71428158
77981747
71569418
72964768
72666317
78776001
72645629
78107395
73058071
74252042
73684162
82274270
73049681
73273144
68112813
73108202
78617249
73273401
73360235
73202280
72855435
100143765
72961613
72837149
72843513
72377623
72454503
73034366
72804977
73472922
73147032
76118084
72841331
73350940
73198082
72547432
73008462
82248588
72532607
72916845
72634569
88881156
72860322
73425176
69981641
79063927
72510381
73276056
72932401
72704332
72952186
82038724
78349838
72488343
73335671
73771036
73170434
73105598
67405805
67252309
73073584
82456897
72771424
72779889
78364718
73071085
73024295
72672266
72933611
73572806
73358729
72644483
72584507
72937185
73874862
73327377
72438265
78921264
73034415
