536452237
203680579
126932977
98695200
99186690
99492960
97078442
95865890
98770332
98371867
97787251
99763269
95529911
97835968
97732136
97377106
97044767
98699068
97796183
98160504
98555425
97956176
98295723
99329537
99186025
99469029
99130319
98936985
99060011
139637328
123807936
103149765
93521956
95543638
94658033
95066349
94783068
95155172
96216839
95350892
94268791
93773930
88607998
93743566
93535088
93760882
97194017
91954966
93882911
93747858
94479091
93638511
94090145
93657920
93637473
94217231
94183699
94628909
93789415
110601613
119118786
106774976
97258206
98876218
98384978
98547520
98275707
98702940
98055094
98581285
98072151
98361681
97297695
98063759
98103915
95476158
98472454
100188231
98285299
98567292
98186711
98103341
95280131
98450390
98109106
98537722
98319046
98613252
97899551
96974692
105039694
98019923
97893027
97842692
97329189
98208449
97884723
98613026
98072567
98377112
97896303
98144207
97297233
98078482
97650250
98303568
98601451
100161670
98266776
98534771
98208810
98330556
97959233
98334249
98012224
98115155
94434055
98266607
98157051
98621590
94918530
94803582
92040001
95188111
94783419
95037792
94590749
94854821
94618607
94517076
94582044
94928577
92365973
95448658
94393748
93520927
96130926
97586697
96070364
95539947
95193765
94452586
93482284
94466742
94591154
94323253
94611604
94545196
94378997
94983151
96169085
95961396
95273096
96203634
96150773
96448260
97710917
96308075
96641097
96408982
96259294
96538798
94278307
96575164
96362795
96411781
96034470
98039987
94935152
95156601
95121423
95249668
95323675
95149949
95487751
95152730
95465973
96642728
95482450
95810606
97458778
97078092
95033938
97262333
97655809
97252794
96952785
96747899
97324900
97154768
97102565
97511708
96626812
97861601
99109043
96946644
96692496
101304507
90112453
97532045
97657441
97862393
97465945
97646731
97373391
97327836
97658774
97159451
98034366
98858252
95531753
95712590
92097857
95539475
94972017
95882130
94550053
95293274
95261733
96311327
96432618
96575650
95374182
95796273
96052812
97738265
96545318
99368717
96187182
96890846
95366578
95265132
93273248
97310731
95351630
96068440
95373785
95408743
95865838
96756419
98970913
98916570
96887003
98962054
97926764
98583523
98745556
98721351
98560920
99353663
98939237
98777527
98003289
99746592
97500776
98578198
98885580
101005345
98593256
98508259
98766092
98892213
94971878
98624397
98988414
97547091
98671556
97553694
98715024
101334058
95954423
96052137
94572895
95604300
95677155
95381576
95126100
95679168
94834249
95609346
95517078
95278562
92869804
95820272
95040454
95815626
95595052
97351808
95713949
95707922
95957142
95686541
94880720
95864694
96059039
95968620
95438610
96191304
97259732
99415360
