325135494
205897798
145851257
101615546
102954544
103515818
103787283
103755763
103471367
104071654
103314048
103285095
103336826
102949002
113181405
102187542
103530677
110246778
102169360
102266555
101532636
102433494
102095806
99621519
101071937
101464951
102078184
100991616
104224172
139418974
130843822
103529369
103314400
100454281
102684497
102574194
103658654
102706970
102637395
100796017
101724398
102159584
101596426
101583161
100750149
101416744
102057293
101551945
101716037
100370286
104146911
100880806
94611392
99822802
94543682
99116328
101591471
101195408
99970085
101546557
102734826
104450821
103739092
98763843
102758889
102440445
103316126
101384866
102066821
101250167
101651417
103705894
102375792
101622948
100623719
101573857
103622744
101346549
102341972
101831667
102374103
102473039
102625547
99450767
102202758
103555122
103119008
102501746
102501173
112951744
105752472
102308790
102837236
99597382
102967964
102662906
103127273
102431817
102184127
102289022
102547568
102855848
102461109
101875602
102072618
101996000
103744032
99674174
104880280
104868464
104945801
105797551
104806564
95543413
103889745
104179621
104359323
102887477
104310366
103366113
102874947
105259468
104142704
101626080
105264660
105121557
104646014
104722961
104050698
105933399
104934906
107151224
104967628
103871439
104870350
103841204
104727484
103978362
104911044
105597575
105305298
107024504
106655677
106291196
107072423
107621858
108283623
106253566
107104134
99571088
102591031
111938010
100188487
102513764
101669429
103382125
102687601
99988763
103496489
103634164
102159930
101084048
103557531
104002091
103671978
103727150
104032455
103609270
103554662
103386292
99930062
104973921
100820086
102870025
103376261
103756090
104364344
103755660
104065672
102764522
104811284
104699742
104703468
106497742
103864870
102884843
105860264
105358309
103306891
105634541
104158298
105416817
104410625
102125021
104024179
102615882
106072587
104588681
105818672
104180096
105452888
106638269
106681550
103814874
105986752
103805939
105285952
105959161
103323029
106620877
109166372
111361061
110974938
107504861
107961631
106359188
108020223
107097058
108096826
108054504
107164004
108719963
107556407
107428518
107870923
107758417
110668414
107633642
105648171
107902197
107758086
108045974
107979124
101581735
108050329
107880035
106029660
107622317
98910452
104348573
105923140
108165357
106293671
106190001
105874893
107723413
105905644
107270366
107493424
106991313
107737974
108559103
105664536
106554233
105956323
106497356
107502008
107866072
108181642
107235070
107700680
109253770
108745627
103924481
109017666
107788522
99168019
107732154
107506492
107608372
105072237
117313172
106242587
105364184
105451046
105347839
106469224
106083131
106747721
107285676
106840579
108452011
107152885
106789421
107811344
107028740
104650218
108639054
106432778
106688719
107154119
107940167
106321350
106433471
106502385
104286985
104934584
104427712
103444338
106109280
