234358992
125862225
91136618
70877005
67195746
68518685
68371236
82466345
69005179
67864311
68558580
68391531
68748838
68784392
68583360
68759868
73779601
74533849
68460510
70269607
86465832
71734092
70117629
70218156
70240390
70195788
71862110
76855301
71807531
71630508
71835214
71989111
71948406
71495043
70602338
69697345
70336667
99295564
69826684
70176782
69840876
69798177
69973748
69665298
70470436
70545921
70476308
73079602
70260185
71096158
74476168
69915960
69779632
69955226
70093815
69780413
70687302
83104405
70197963
69777283
70009524
69865917
70243276
70079811
70084892
70134071
70037331
64146800
69715307
80466003
70087905
70295599
70105968
70012604
70294187
70207130
69957225
77676765
70245367
70409412
70950313
70050265
70297177
70012171
70167274
70277147
70542319
90195650
70552089
71794515
72410886
72203870
72442660
72494428
72587965
72911771
72206365
80909638
72211023
73159736
72140749
72359211
72819921
72130356
72248256
72502503
72688838
82761557
72504731
81963662
77526763
78064638
72338200
72235325
72219791
72331765
72237681
86716755
77904132
72073249
72150084
72239104
72166719
72432909
72195586
72288502
72006368
79112903
72242909
72143720
72613266
72497651
72709813
72182522
77901983
72341766
72751761
102489129
72488926
79320565
80704135
72842300
72253413
72457795
72398611
72593623
72555882
70929254
72811086
76972209
72861919
72427236
72929431
72832332
72715908
78252375
95170196
89630604
72739491
72492820
72494303
72732175
72548702
72340064
72234991
73382108
72510827
85553977
71980825
80244816
86632463
72323465
72453523
73106109
72425622
72644759
73335640
89599316
72468722
72338405
72716783
72422535
72729051
72415246
69817747
72482859
72597586
88609545
72350924
71903732
72456676
72422426
72820125
72578172
77508029
72594557
72666939
86590615
72514108
76362190
81234438
72331531
72227756
72236950
72582630
72327519
72442888
76050397
72728412
73356636
73868268
73224181
73339937
73585985
73557700
73399671
73158661
87515927
92354503
72248067
72455173
72293244
72061362
72505923
72204619
77352859
72104530
77411469
72486723
73562702
81240477
72378374
71805722
71944379
72364237
72459999
72532957
81666445
72681402
104212816
72780182
72360389
72384522
72385871
72217275
78842028
73569526
78327277
73663071
73885237
73665506
72837258
72818040
72282544
72045188
72444916
71983909
78150724
71974595
72218364
78350845
74466143
74707275
74222721
74307422
74318466
74434847
72241275
73993945
73915375
74124212
74218576
74092791
74010321
74024344
72608484
72370441
83834497
72436156
74924935
74836406
73472028
74430979
74331733
74131773
74504747
80410198
79779838
74212917
78559684
82943190
75465966
72875570
73127916
83067644
72831396
73748501
79630723
74133881
74091930
