307317896
197369193
118604722
108744882
102725509
97065654
95005220
102931366
99073511
99511365
99243187
93758831
99376208
112642819
105701550
96196697
99439504
99694911
107153740
106064336
97421327
97892650
98636617
98933371
99150536
98671193
106918387
105587643
99207930
96925781
112552642
115018668
97164485
101888251
97194786
97100160
97737718
98145999
99862141
98148010
99744455
95102086
98188388
100585238
88454283
97973720
96772209
97834594
98900163
97715720
98077737
98060662
98333273
101566048
97240489
93381995
97366204
97591206
103623138
98485478
111606318
103890855
95798943
103805521
97883280
98328448
98060051
98232532
99540709
97812711
99004883
96329926
98869269
102584666
96827557
103985965
101158656
100161475
100276150
97799524
99305317
99691392
99148755
103623587
98998194
100276893
99495890
98561937
101856227
101583413
116649744
110109137
102004068
105617628
102115573
101709847
102184312
84927599
102574108
102339134
104034925
99083678
102385982
107544894
103313859
103401002
103165523
103213473
103105827
101908947
102775596
102042681
102251200
106170665
102529235
102913659
101972307
101495795
104785297
102165044
105537886
100326054
100674509
104391999
100172320
99746105
100058195
100532395
103080298
99817194
100480239
93963723
99547701
101580961
99988916
90798402
99822834
100011192
100109387
98984799
101952835
102028908
100164869
104974285
102039991
100741323
102537774
100882075
102694954
101796660
103615576
104222574
103231683
107359999
103624437
102168143
102419436
103131402
104555922
103489569
107736041
98824549
104840977
108834249
103837100
100416659
104741328
107185033
107192918
105918016
106664415
106063878
106579033
109898394
106203336
106245502
107061049
106548373
105672486
105535526
110193013
106695888
107205765
111342284
107193732
107442510
107697540
107391523
108254710
107066206
107261587
105859164
107661066
109733546
107636252
107748988
108240249
107012760
104046367
106829977
106988583
106756702
106724207
108369193
106273320
106263301
106821423
106425557
110902369
104989203
108365504
108708880
95484219
113187025
109184941
110125270
109048108
109550524
112427979
108877826
110567886
108028045
108948984
112752312
109297314
109574303
109342130
109366289
109789600
108125699
110345641
107652707
107600712
111803583
107591935
107638341
107759986
108120482
108749358
108557308
107892577
106481886
106749739
110823588
92681242
106421050
106224392
106602959
106783779
106713399
109059034
103549046
109222212
112986016
109118943
108065282
107706993
110046162
114953252
109117998
113615930
106184301
107389379
110794261
103890299
107424362
107729589
107845446
104476335
103819662
109177811
107931438
108384642
111404875
107625392
106570784
107294813
107699989
110093745
107151501
107932534
101626410
106768947
108238648
106748227
106802256
103454205
106123125
107520118
106269984
93735878
105936958
106272702
109270584
105988099
106500211
106532049
106515584
111338648
108517694
