666693452
547470584
95296144
95253954
97896836
100101515
98833638
99654946
104456360
96912878
89251516
96684158
96095523
96404342
96255852
92922937
96455739
95847360
96375571
96799818
91208910
96703060
95995122
96466824
96212812
95928059
96109986
96171935
96141943
96819160
95371105
96703521
96129426
97248307
96798068
96606444
96677256
96733376
96469782
96347827
88783950
97074749
96876491
97239942
96210204
97140033
96224414
97080797
96588575
96683152
96351168
96518633
96830737
96401884
97964725
96240630
96198314
97002853
96724493
96546471
89648902
96690405
96859790
96427624
97178920
96667278
97218274
96624261
96257540
96286371
93077329
95922750
95999013
96466676
96046506
96193218
96734150
95998057
96832014
95899476
89455106
96039094
95936892
95859589
95946582
95940376
97455418
100034268
93646758
96156220
94631114
98125198
98476801
98712281
98899335
98217733
98820715
98649694
98564621
98227393
91225731
98604473
98400098
101694981
101901475
102030685
98803295
98761642
98842347
98591416
96396238
101074620
99066635
98471146
98426502
98474413
98706896
96091301
95634569
99029412
93938125
98471145
98934087
99508653
98664447
98523854
98727092
101026266
101259019
99235431
93727461
98456012
94732194
88045622
100980763
100864178
100852041
99026851
98307781
98537531
93734624
98988544
98498116
99721340
99483131
99150165
98723919
98653232
98407150
98553038
91472122
100943942
99491353
98875997
98702802
98571128
98650519
98793880
98512877
101340908
100865153
101447807
101158542
101643929
99062533
98457890
98418407
101113269
101282212
98886309
94628735
98917908
98616442
98560684
98751062
98662681
98859534
98843280
98445568
98754234
94860828
98780920
98772337
98540744
98815024
98542585
98659346
98687348
98397198
98375790
91955602
98668856
98586960
98577438
98497475
98601832
98527678
98536128
98648258
98617654
95417316
98456073
98408428
98482472
99172886
98779068
98281842
98285292
95203736
98124709
94622276
98194677
98561352
98393826
98294359
98568189
98331503
98596597
98700257
99925581
91714042
98607863
98691853
98824287
98552382
98505622
98704761
99303290
98505724
99069671
82716665
98645942
98748744
98761987
98634463
98750788
98276462
99015133
98789385
98591069
93106079
98623659
98696123
99046038
98506504
99006623
98663378
98645342
98924048
98582577
96030090
98484185
98388283
99000684
98726990
98667836
98056377
101079116
98751459
98995500
74611569
98768621
98844987
99369664
98569613
98769087
98738361
98990622
98355084
98799849
79720570
98775934
98619538
99876632
98930271
98277067
98294421
98755019
98771090
98641245
90172771
98765472
98677050
95987604
91737685
101108208
98427662
98605213
98901525
98855071
94548911
98776528
98786412
98464440
98252801
98583356
98271265
98521132
98655522
98332540
