230833279
127710996
84770283
77264615
66406619
72253812
72509606
67875051
67922993
72280081
70960600
70894547
67776688
71970636
67817648
68057186
72025476
71834299
71992681
71614797
68226511
71192182
77032583
67783769
70542701
68001900
72052305
70526753
71897819
70656088
72205006
71599597
70863612
76667160
72205503
71872278
67659302
68673672
72062829
69008195
68952693
71707959
70030143
70056662
75140506
72143666
72175290
71851547
70832362
78100420
70663824
67987943
70384486
68458004
68518689
77473695
70335527
71755866
68018370
71922950
68378943
70750902
67821954
68124016
71160080
71122311
72098095
71718231
74337008
71967324
67974820
77341986
69816649
72604770
71879740
72277786
71232159
71693702
70146925
72286747
69290460
72233674
73099552
71710277
73252064
71413248
72650631
71777503
73334500
72265423
71834089
71554618
72497379
72359384
72425300
72355443
72979927
72080106
72263686
73001268
73187191
71780518
71765439
73683949
71681168
72338412
71817531
72229545
72497728
73634189
71681032
72164914
78494661
69341978
71765490
69121367
73624199
73871191
73385047
70587690
73211952
71652122
74456702
74321172
74458746
70484082
70934804
70466278
74453710
74288083
79955549
75524264
73011785
74158250
70762041
71923394
74002339
72250418
71271604
73816262
71086394
72307679
70894277
74261991
78570153
70028456
74254619
70069950
79230438
78010572
78908629
72996842
73044631
73064282
74892472
69437868
74157008
74097554
73203096
74062389
74222536
73107304
74163351
70884007
72891924
70116695
73020466
70390910
71014068
72095226
72087987
71700697
71848521
72344273
70798643
71801184
72312699
71150226
77853231
70905399
71957481
73755945
71209897
77440550
72092051
82593279
71833985
72206347
78002998
72913675
72323964
71462424
70634275
71264720
70558434
83220416
78051602
70815787
71959484
71269128
72387962
72205639
72252353
70838825
72162368
70893038
72083377
71459187
72791663
72882971
70545187
71931834
71271213
70478645
72999366
72969958
71395294
72614667
70987833
70760996
77532424
72253689
71129333
77537387
72305814
70288142
70958291
70848037
84493633
72102134
71065393
70473391
70678367
71311881
69934776
70246702
77898177
71085247
76947759
70044766
70512474
70257867
70348243
72287475
70874138
70697057
71211258
71305871
71232243
70283818
71462199
70533031
72149965
71162526
71866156
70849607
70527295
71490845
71932361
70887467
70777553
77710513
71087307
72133533
78309443
68225667
71830916
70755864
71480923
72086588
71834137
71365977
70968707
75018930
70371614
86695423
71705325
70856407
74397979
72367371
71972343
72071312
72010703
71516833
71188773
72114655
71937408
71466396
72325157
70485918
71067908
78882177
70218966
71790770
71929171
71221579
68015253
71372017
72442142
68583216
