230598254
124805821
85351752
76580920
68034879
68224840
67990410
68449400
74028863
68181377
68061151
73838737
67905283
68166147
68264090
67981318
68254197
68005274
76154353
68200518
67511548
68347542
67861385
68248110
68227106
67138353
68515210
67410676
85808310
67987254
80468498
69317745
67854604
68096730
68183044
72217962
68163424
68069602
59618721
68099614
74598715
70352638
68375503
68149400
68555328
67957013
77364816
69091999
76854533
69283014
69641256
78718064
69290897
69100232
69506126
69286789
69607297
69307488
75764498
68430693
68732306
69218700
69306513
69326841
69675416
69245345
69381904
67939305
88771283
68074829
68176193
73137300
68103988
68504088
68329890
68363766
68193883
68373159
70814420
67583847
68417362
68518678
68632518
68686532
68716098
70999465
68760099
79326575
93052702
68706845
68398051
68525961
68782556
68550067
68542752
68634018
68453300
68443900
75698637
68739422
68506687
76903644
68465902
68702032
69285755
68650552
68552646
68886578
64608525
69106493
69501084
69774610
69484198
69495771
69645359
77706958
69771981
69422887
65160311
69231991
68462045
68777765
68661903
68732362
68724368
68524791
68705600
69419873
70867991
74159006
69500802
77253066
69680275
69508031
74766087
68718827
69224124
70260385
83716287
69468816
78243547
69899706
69576377
69231695
68849533
68603466
68669136
68559411
89393046
69198966
68485668
68715218
69151965
69456330
69387337
69288041
69520761
69666895
62250268
69669018
69892443
71634481
69824458
69742288
69678960
69689302
69382572
80653238
64324151
69683712
69026449
69420061
69560629
69213173
68203391
68496634
74154459
68414500
75409497
68732702
73976730
68572265
68410362
69355713
69502607
69475683
62925404
69166729
66832579
69504853
69951405
61782346
68683781
68633418
68618756
68867091
68698300
69234727
65673900
69308072
69352138
69407501
69397520
69710232
69354555
69229872
69516964
75514207
91711068
68434174
67771382
68217890
68187318
68469713
68502671
73810755
68660097
74834146
77791710
62774106
72178700
79154394
70255637
69851377
69886153
69836118
70036494
70341192
70508932
69877531
70077050
69871723
69687673
69676356
69968565
69746095
69817766
69990127
77716154
69997151
69820938
74728028
69880122
70037808
70021179
69801196
69905794
70056488
81274126
70060298
68840951
72377859
70350672
75310893
70034304
69991160
70084932
70099554
77184349
69986111
69527392
69846856
69806022
70076984
69898297
70203367
69920598
69730854
83537641
69819600
70229581
69913115
70185375
70126933
69480251
69885732
69799833
70205647
73862090
69624778
80823705
69112497
70771495
70720608
70749212
71345153
70858265
70922457
67017738
70695127
78556064
70856402
70758164
70680812
70122679
70993362
70820487
71976156
77135917
70921644
