325470542
177323251
125905973
104268552
117149191
110662922
100437930
104091908
108073439
103366253
103642328
114427806
111197968
104107554
103621325
98139325
100184892
103136180
104988901
103232885
104951894
101293296
103128454
103345222
104339499
105381320
102707737
102543638
102631988
99757040
130803683
117287169
104015035
103265880
99545126
102605338
102154148
99403146
101028709
104052456
101564391
102688298
103802631
103926559
100738133
101647345
101062502
101176587
102017872
104230301
104003704
103952375
103996405
104711768
103381329
106392865
105456223
106109776
103654022
106179807
118435405
112776658
106178888
105395209
104986993
106323318
104745533
104884989
106751010
102025199
106576282
107894939
106372135
106224273
105324257
105616001
102860172
106388425
105820960
104849505
104097816
104920186
105460282
105049366
105878706
102797706
105782691
105732443
105722076
118443998
106647516
102788178
105338349
107475969
101817236
100947152
101804525
104816780
104613901
97010357
104792386
104452036
101982260
107492791
101890825
106181089
103539763
106405121
106609540
102368045
103172782
106389580
107732453
103295995
106838067
106450329
106592434
106282816
107772737
103456405
106966304
114630606
106251390
107968142
102261985
105043617
105524753
101933576
103272584
102389545
104084009
113214592
106082534
102450545
101713277
100670589
105682309
101527999
102985610
104042095
106001445
101944068
104269616
107965898
105538766
103970025
104876818
101446675
103784921
105458992
110553898
112306788
97179037
109765544
109066215
107745650
108184122
109291203
112734738
111076813
112231310
111389364
110279065
114272524
113051460
114237167
114260675
113717509
115363693
112896423
114555795
113788246
112888840
114690817
113578282
110666663
113987842
114193266
114468298
114345015
114297001
118226512
118322498
118291546
116135799
114721534
117536903
116446669
118251340
115569686
116292347
118498301
118331319
119423150
118344876
115959293
117732068
118461824
119635074
116110869
116782114
117952052
118064971
119201857
116712533
116471952
107625786
117680220
117317931
112307081
109396354
111595982
110489881
112848001
111826235
111268076
112395565
111623148
120355471
116283717
115135396
115708273
116674820
118217338
117838738
118063035
105523821
114169751
105211151
112359206
112767538
112292658
113071023
115059323
106761521
107131402
109403718
113675165
115233951
118012157
124472721
113796902
114724035
111023451
110532450
110708088
109764589
110293243
112998879
107935981
111314583
110436942
111042370
111860985
109427445
110288332
109152260
111133958
111649566
108852514
106594410
109316360
110416109
110740998
109314882
113346019
112625499
112585540
114976959
112526709
108627256
109106313
109733634
111921562
108883611
110696876
113562060
110889829
115696259
107821282
111930302
111763904
111989744
111422089
110037243
109827567
111613235
105713859
111329058
109795788
112489698
112021270
112624623
114816133
110122126
110861771
110868742
113713948
114854888
110755229
