780717971
753736198
98260048
91031528
96530341
99681334
100327449
89094309
99672977
99403904
98958884
99625305
99403240
99471671
99630886
99555107
99966701
84459996
101609509
101162475
101635467
101807617
101619147
98769941
99161515
99014804
100558530
76305431
99057351
98942520
99346828
99384804
98516884
99068223
98538056
100025462
100381080
85773689
99107604
99226601
98996287
99189433
98985795
98628464
98922294
98753282
89849863
94374530
102100723
102231032
98909108
98734391
98915454
99001071
98602598
98732825
102548066
76842177
98559130
98856553
98662311
99044455
98920624
99640011
96848582
98650863
99683813
92564231
98951835
99080265
99206849
99927192
99203092
99057471
98790989
98905085
99059831
84221924
98912137
98663247
98812630
99522654
98581146
99059959
99079116
98986664
99250203
84873001
99188807
98508236
98950818
98423152
99503672
98597794
98500529
98961179
101409073
74469815
97024518
98399752
98529570
99147313
98119232
98671200
98285498
98270457
99106921
94481984
98344719
99088555
98562116
98436460
98117759
98143264
98563683
98019401
100403951
83279596
98231382
98055800
98460885
98188197
98748081
98093733
98543969
98616716
98533925
92827593
98923795
98155338
99154942
99035163
98264857
98409434
98546116
98605652
98693593
82156032
99160265
98320849
99897417
98221011
98657023
98323631
98653937
98625426
101347752
86272463
98472691
98529523
99531969
99819057
98942555
98826064
99193767
99114634
99675073
93189308
99658205
99521009
99040800
98902248
99057304
99090242
99263806
99017632
98819019
79271543
98697254
98677376
100129701
98976672
98943261
98567978
98927799
98890728
99161587
82753188
99323476
98879663
98805510
98794159
99260355
98414891
98898640
98919763
98744685
78708708
98631764
98623286
99511189
98144944
98830929
98919386
98560835
98446202
99036338
94917167
99039582
98519524
99347543
98469461
98610005
98217579
98370845
98362984
100047629
83312855
98712504
98263565
99189186
98459197
98482638
98430945
99231149
97967587
98830062
84829498
99134012
98406869
98492874
98890962
98567202
98517426
98264338
98529268
98710671
85085674
99296935
98489878
98390459
99064867
98691021
98432778
98683843
98279203
98392561
91963362
98718991
98407356
98549004
98921994
98444435
98488971
98698504
98413958
98444469
98288407
100956599
98570354
98229992
98512341
98343753
98328827
98809847
98772502
98558927
86982024
97921322
98138734
98162188
98203974
98693008
96447519
98234929
98336676
99300991
90565462
98316943
98607086
98594617
98362753
98089013
101024337
98271265
98627127
98028636
89844971
98525759
98517386
98473324
98899363
98577323
98619414
98558300
98407270
99091566
75604143
98444669
98291650
99370035
98402106
98803597
98532373
98878006
98466972
98785075
95625627
98779471
87942335
