638842110
541520718
215639833
87159439
95025069
87657072
98867698
98338657
90892467
98421760
98519913
99537445
98093172
98276393
98107742
87947548
99162961
98212203
98166625
98124441
98351743
98970735
98375885
98023319
92162378
88439363
98373663
98065306
87041903
98894939
98257796
98254299
98120344
98018880
98120637
89083295
97957373
98369474
81520372
98760175
98558816
98349279
97557171
97145412
98043841
86643089
98245766
97943590
98255226
99404890
93775455
98989751
98639945
98978112
97989431
90972047
98281142
98859016
98684384
97859772
97945832
98204795
98282851
97953576
97923528
93031303
98657099
98138324
89800301
98064808
98277300
97649369
98311005
98124399
97960552
89966945
98447408
97976712
98105683
98841885
98158980
98342786
97731071
98521134
97905507
91252045
99075227
98085687
94932873
99336296
98336597
98828859
98016747
97936851
98589272
94697231
98382731
97915607
91299474
98301353
98613686
99064521
98524340
100929028
101450576
81650657
101787731
102427450
101223477
100982709
101022773
94953955
101146829
100940147
101351097
85341243
100984592
100453062
101158735
101419396
100753852
101013180
101227930
100805570
101166671
95415906
101593719
101513006
89399628
101532394
100635014
100663883
100773260
101119057
100460625
88073450
100372191
100310017
100565612
100380497
100288897
101701526
100678417
93715986
100387950
92800480
100522562
98193103
96299165
100516604
100325451
100104994
98633671
100658993
100898081
97014660
102543846
100494052
86452814
100348677
100515312
101066813
101494784
100975258
100368165
93564565
100913399
101643748
100686716
100685309
100850687
100802886
101327119
100698304
101517418
97251126
100544147
100704789
100386679
100443145
100330807
101187316
100636528
100781282
97348176
98319667
101328604
101165353
90999497
100631475
101515889
100690349
101117661
101295899
100536017
91936292
102547047
100327859
100297222
100510902
100710613
100219290
101093306
100529184
100208579
87753591
100788958
100724988
96668641
100664858
100808192
100777100
100898926
100643162
100577770
97081084
100908673
100787835
80488600
100388689
100958989
100856462
100572073
100711371
100270474
99636043
100551809
100907059
100247366
100839644
100658899
100495169
101646356
103960781
100940135
92238007
102943795
100877006
101248681
100796247
100609130
101438087
100354068
95491408
100912428
91837116
100550893
100707726
93694041
100230586
100480280
101556434
100451353
100331613
100451384
99938653
100249947
101347685
100083718
100760666
100501212
101132176
100487897
100620695
100728970
84984720
100710450
100380937
91323302
100374649
100646545
100558630
100940012
100166145
100640868
87145683
100682486
101670623
90587779
100813857
100248885
101368575
100454120
100712880
100745810
92147164
101696811
101048486
100828916
100307302
100423259
100378098
100898875
100781580
101257055
87539585
100640839
100607004
100448360
100324989
