238867647
123155004
91720559
76587198
70128852
69750846
71373687
69836301
69572997
69617779
70085803
70394357
69839143
71614575
69638726
70246439
69885476
70099859
69725548
69841285
69616230
70252774
69860925
70007494
69764551
69728307
69414243
70045868
69643711
69310412
69565624
70343456
74611768
76156961
69589432
69401170
76111439
69334627
69939622
69314135
69735578
69287588
69719683
84400366
69606978
70001303
70974314
70680502
70576544
76351520
70529467
68690789
70111224
69261060
74981312
70187151
69515890
69448274
69451114
69339986
69925873
70001018
69317357
73157306
84134354
71446443
75714067
70134885
69504783
69707539
70579047
69673073
69626136
84320989
69450785
78647259
69742901
69599678
74745650
69319023
69962741
69639793
69440449
75369080
69938831
69530964
69830125
69838166
69596015
69288630
69788694
70163102
69481329
72918686
69918302
69244592
73591665
68998827
70082563
69153947
69794343
69250488
69252438
82909849
69468085
67349690
69119626
69167516
69740055
69368075
69736023
69351655
69794257
81141719
68958383
69787853
69339046
68892724
69017789
69121369
69457409
69898976
69115294
87507191
69338906
78905984
73948015
76623875
69624882
69200438
69466063
69353034
69767209
71999797
69311384
72757097
69492635
69351745
69174003
69307050
69813911
69819331
69284841
83361457
69778704
74995158
69933513
69438144
69130531
69597170
74502941
69411697
74941322
81792808
69347307
69265733
73421389
74873866
69023287
68996764
74766914
69731996
69139554
73006037
69399664
68994759
68990682
69306651
69123884
69381041
69239948
69387951
69673855
74773978
69404408
69856524
69496865
69000813
69105407
74774826
75025689
68967173
74670010
96175362
70019367
69575426
75381561
69519785
69850955
69204550
69478977
69521161
69417214
68562095
69511205
74876228
69814502
74981994
69211325
69515999
69697660
69445930
69404268
96249149
69152938
74906719
69656132
69493642
69204792
69567710
69743854
69953773
69385091
79931549
74835386
77761494
77275743
69582479
69592769
69308148
69537419
69283208
69524478
75813932
69395683
71073436
76013053
70042549
69437901
69548356
69769881
69651403
69461609
87835506
69936459
69664449
69794500
69549354
70016791
69666687
69784241
69992352
69415556
71487596
69669412
69504987
68328124
69828950
69630883
69804243
69713855
69956828
69423072
83156618
69910188
69850284
69913528
69978389
70405815
75494334
69577451
69687976
69639164
76419209
69718496
69840286
69533102
69761458
69935207
69532482
69662663
69583753
69875990
83608720
69787565
69511205
71933052
70164185
69760700
69229397
69709667
69745918
69428723
70336784
69913427
69286377
69450068
69516883
69617106
69256302
69708268
69886515
74858035
81790550
69491977
74426807
69606369
69454718
69698325
69322101
