858657927
469157836
195427537
97708003
101981776
102118946
101363575
99827422
99032928
99059245
100562699
98721306
94351807
98525471
98405173
99257733
99308542
99080018
98937524
99297081
99147266
98730437
99427760
102033785
104667775
101926896
104948625
101406543
101290331
101083839
101102255
101272639
104257618
104092506
101785025
104032929
102037030
101751797
102158866
107773683
103991837
103890845
107502035
106694306
106790664
108288782
106963865
104080140
104678163
102250820
101143029
101922871
102651203
101304911
100696718
104074050
101889323
103420628
104578008
105007342
104442403
102138731
104327212
104112333
104953316
103993273
104168452
104160606
103998015
104050040
102857372
103928245
102453599
103599016
104168776
103758193
102642466
104046410
104105950
103922087
104009503
100597922
100927677
99135647
100305212
101215673
98977034
101238317
98906163
100827706
101248222
101508895
100822844
102518267
101475946
101360946
100352807
101445466
100018514
101140325
100612610
98174878
101322962
101356567
99660073
98883541
100963558
101009648
101010128
101170290
95031371
96857801
101323380
100911547
105561193
101018158
101370097
104281936
104176543
101348367
101008772
102152883
99412359
98567476
102313254
101272348
99217952
99704996
101202036
100755360
100932872
93716791
99711897
99719237
98825124
99794273
100031827
98651212
101317209
98791163
99090065
99370319
98915822
101170036
98716723
99003762
97154084
98797611
99018852
99433299
99211171
102453301
103043040
103795126
101438036
101786516
103615775
101758097
104427681
101584228
101241234
99742613
101833264
101292989
101299335
101034154
100678145
101282166
99105463
100522309
99281771
97240381
100960879
100881201
101780304
100794867
98273989
101006313
101097978
98851718
98464222
98533851
100759335
101339486
103839938
101583562
103796537
100692524
104002950
103672097
100514753
100886932
103567872
101366546
101339473
101100749
101280115
101270023
101413562
104366802
104506735
104304466
104240536
104122773
104577758
103543694
101917525
103756137
101560092
101360067
102173238
101875411
101436855
100912892
101087461
101242999
100875897
100992034
101349401
101730175
101935176
101035320
101263131
100728470
99137417
100514985
101055509
98570357
100197988
101694676
99888039
99997540
103333283
101515111
102772114
101802843
103405058
103104053
100685837
103800798
101748264
100583716
103992978
101346792
101087021
105155191
100990016
101466401
104152720
100700944
103920959
100990239
92551644
101419811
104383872
103728032
100972299
106003160
102316789
103792233
104142516
99558036
103681876
103755670
104364235
103870423
103934368
103992469
103900748
103619222
103668922
103480881
104303985
101074192
100713850
101205801
101330910
100734987
101196320
100883714
101018010
101165555
100756311
100699451
103589209
104208436
101254289
103753900
100631805
107502923
101231221
103796133
103764891
104158695
103657220
103351082
100819667
102949143
101948786
103284347
