528729348
556123196
99449641
99807141
98550821
102015907
104892959
102181895
104824126
103521350
104021417
104022940
104631875
103613531
104471676
101654667
103458380
90006032
103411289
102951428
105306441
104533655
104220899
101934751
103501493
104697254
104779905
102961457
104906565
105553689
104151681
91924616
103306042
105387697
103576567
104961790
103802807
100437804
103544646
104135431
103872278
100476528
103510037
97901778
104648320
104757042
105369221
104918083
104568531
104521018
100158408
104147125
100292745
103619914
104212867
105595922
103023373
104963604
104319136
104052093
104546009
104445969
103245314
102151578
102497977
101485139
101613433
101153888
102787526
101590579
102734969
101875613
97682888
98479552
102385973
97575274
102367490
116277512
104261225
104667226
105358064
104429475
102478415
101881494
102196862
101659080
100481095
101640370
102925858
101286728
101376942
101512243
103038785
102026904
100344429
102873160
97509824
100922300
101772030
99223396
100395616
101927521
100376093
100496687
101460290
101732301
100420735
101467885
97858224
100778462
101555988
97034864
102576202
102788432
97658752
101618350
101420880
102219655
101654328
101970893
101385612
101545248
101975148
101337510
102334042
100494139
100464210
101849375
101141272
100814938
100563550
101227807
100499234
102201311
103022878
100545610
100349063
101156167
90510680
100846070
100425167
100822267
100623475
101599370
100291275
100727386
100677906
100126654
100161263
101547886
101469592
102056172
101992700
97422237
101603447
100074531
98617706
101451125
97340318
101959814
101423117
102010043
101281392
102502525
102009406
101880893
101917817
101746877
98102768
102102505
102684189
97375930
97829091
101799304
97404899
102490047
102000213
98823127
102866467
101570484
97477186
98384749
99269430
101636526
100913630
103105554
100285763
100815652
101748646
98460544
101681505
101995822
101444899
102067184
101428793
101549619
101654120
100092825
101498985
101225887
102478033
101953651
102171230
99961393
102607568
101502626
102040368
101639760
100365211
101794163
100458109
102306548
103525253
101907023
102299353
102373258
102050888
102315795
101765393
101518045
102249863
101420024
101681921
102343365
101725670
101885152
102937567
104001008
102871401
102770100
102386944
102391910
99718331
102076838
102197000
102354269
101992129
102192100
104131405
104920847
104762903
104010799
105194081
104054263
102980596
102001649
101162229
101059033
101997600
102028818
101822730
95797203
101579460
100544474
101552095
102034950
102003166
104093923
101120368
79295478
100074643
101794491
101337258
101156547
101800230
101439899
103519178
102112652
101564487
101561035
100646156
100181834
102575382
100836835
100533041
100457587
101682659
100326940
100667936
101751576
102369867
101318949
100170232
94143849
100027195
100484749
97569240
104469736
100233908
103555924
99526390
102013381
102615531
100298261
103267733
101733935
100557201
101428786
97613878
100127119
