314596111
194870509
131593266
95630338
95760924
94674504
94761691
120546721
99624159
94398117
99552042
94497710
97399120
106416523
109244521
97938699
96146669
98036002
90973255
97143627
95745366
96979636
96936540
95763075
95624213
97095053
95915928
95211239
87407264
107780443
105666963
103011879
93631658
94218513
94653652
94026188
94814280
94759845
89798134
95583053
95013572
91311373
95644061
95494693
95938645
95451696
94415699
95013699
91593598
94421616
95744336
94468494
93112548
94650221
93897604
92841009
93718494
96195022
87792997
98755878
94937601
96181818
94333192
94360877
95593564
96996002
96795400
96167581
91048763
95334173
97243152
85243191
93911972
93976233
94229368
93663816
93518880
94530846
88079543
94086972
96566062
94022192
93906299
92896422
93975776
93978862
93904130
94078550
88706929
96876976
98581916
104548602
97120877
98265192
110259596
106184763
98275529
98659325
94555606
99642057
101123440
85380303
99049438
98967100
98597953
99138018
98842519
98307885
95029698
98343694
98937561
98526054
98510874
98313178
99027860
99184803
98386868
99803646
95748379
96900845
96394080
94428467
94773586
96085904
96007214
96352783
97987395
97685336
91486861
96597556
98716950
93174458
96705479
96780581
96641299
96337493
97046417
96653201
94377805
97790777
96893919
96893347
96180465
96752584
96561438
97118886
96360577
96454000
94777561
96725742
97157038
96350263
97087629
96868915
96621921
97172521
97093464
98891965
90586393
97478512
97679625
92107170
96720800
94108607
97174857
96397510
97263350
97317352
93222448
96443952
97653977
96963176
97442050
96968572
97428585
97129101
97333186
96843917
91610553
97331570
100572178
97292891
97119243
98642070
101563236
98750939
99231414
98958130
97394126
98309650
101161682
96833439
99687594
99382392
99153606
97981424
99224707
98899228
92288408
99426932
97756202
99754379
98630234
99382914
99054921
97507058
100360149
99582325
92919467
94622163
95107824
96751772
96748607
97540929
97586457
96587093
97081185
96868939
92131843
96171710
96690261
89847001
97440876
96209880
95943258
95832128
96322546
96351198
88730037
96259587
96098777
96326288
95761442
96539196
96458103
96661458
96747797
98264501
90529469
98474911
102565416
101913578
100976153
101103630
100892499
101323961
101214867
101019850
95239775
100388367
104754949
99372874
83409365
104371209
103752092
103503350
104534451
102663065
96811291
102302195
106132463
102716439
102044066
102052046
102342474
103362465
101976840
103274899
96633680
102313364
97811609
97677347
97108219
97517315
97470040
97600530
97744169
97466604
89739358
97702361
84833572
93364686
97286904
97696850
97692198
98273641
97513245
97459008
95467823
98980884
101668996
100655401
101261594
101326441
101135716
100063031
100118149
99915749
95118968
104649709
