781049113
732808925
97911220
90309798
95962286
96042667
97911505
97900927
98130593
98756020
98866165
98975616
98057164
97954989
98057349
98705683
98064153
98089414
98087955
98803726
98260257
98331669
98290848
98585211
98063031
95453254
97818204
97828127
93632568
98289879
98287223
98189495
97897111
98745513
97965943
97816657
87868040
98078654
98265707
94905722
97973752
97707731
98703076
97523663
97959606
98395731
98020552
98443071
98491081
98508983
98248960
98206158
98450384
98470777
99085400
101162493
98825539
98195651
98606626
98503354
98361810
98641461
98342187
98668138
98118860
96085174
98249864
98440281
98050693
98206594
99045679
99001601
98331975
98076226
98111631
88672191
98262488
98504420
98238350
98566831
98015897
86171399
98124225
98448577
97887579
94627697
98050547
97973705
94477326
98055158
97961230
98102236
98071076
98182208
97969278
97630930
98258510
97738390
98133369
97833531
98142635
97633883
97838029
97979482
98892285
91480231
99580411
98200229
98171404
99916877
100003630
98975488
97995671
98452761
98104357
98806129
97861735
98211036
100088051
98131560
98006962
98182305
97917402
97869165
97931631
95651508
97915694
98203374
98471489
97758639
98418028
97918769
102279468
97908378
91446187
94559146
98101097
97918170
98333912
97839360
98056171
97946536
98843244
97903854
94543042
97947143
97887037
97850343
98060570
97861386
97831016
97499304
98091328
98096389
97663252
98299006
98410208
94690069
98503967
97618448
98302295
97518652
97864113
97871531
97435149
91692047
97790755
97671112
97991390
97886414
97680722
98027889
97639675
97821016
97862333
94479063
97813840
97746206
98210577
97919237
97835360
97455635
98021312
97855758
97684994
87823563
98322861
97598786
97946441
97608371
98144028
97850190
97914129
97735226
97747709
98595298
97738028
97104632
98364714
97669056
97841940
97422728
98002051
97808836
97619334
97779214
98681603
97622522
98156665
97733684
98413998
98134480
97850682
97678033
97635357
97029821
98309660
97751328
97942736
97748275
98749886
97834916
97420158
97218075
97854452
97543675
98352215
98060791
98275357
97666222
98347303
97611284
91309288
98666021
97915958
93042710
98526030
97966124
98991980
98623426
97923376
94068661
98017912
98016599
97889258
98231620
97795565
98105934
98229649
98611189
98463597
98316554
98127695
98050229
97991311
97754690
98086810
100278881
97669416
99808426
98055049
97950998
99444486
98240738
98725485
98441031
98224408
98343225
98222285
98164909
98303783
98210245
97981657
98214649
97896939
95154113
97613378
97713215
98219609
97627120
97616148
97770140
98618608
98768794
97649248
97897010
97577068
97587305
97316930
98358790
97794999
98179544
97653782
97588422
97621717
98029054
101078725
100624032
98939336
100587402
