312547498
174659254
115989754
93038990
97709082
100489266
92082420
92012718
103339479
101779672
93217979
86295208
94197148
94499158
93501647
94781470
93884484
94656546
94072454
94111734
95485291
90651965
94858622
95255716
95730238
95918083
94466838
95419911
96801051
122443517
101427316
86956341
105356534
102916441
89871183
96072208
95726621
94940402
95128894
94322956
94479604
92706029
95278075
94628750
95664161
94252217
95945704
95301517
94390393
95754323
95844913
90758174
95896484
95639994
92628026
95730676
95156962
95572195
93514651
108531633
109755419
85855018
95129581
94783064
87726909
94775033
95991153
94694001
95218311
95044311
95482918
90128863
94420701
94238832
95477973
93989486
95279799
94394112
94411234
95466621
95694133
88658794
94733939
95201825
94592161
88680414
94460261
94250153
95013436
94306603
97476743
95932964
96668594
97333040
89186998
97489050
97673464
97338516
96892376
96936339
97017748
93504828
97376116
97301774
97025512
96855916
96874955
96882897
83824052
97409402
97418885
91701271
97197509
96516763
96301478
97641389
97323361
98257829
97777210
97424942
97904053
93652829
96692035
98240096
90823188
98084023
97805578
97446653
97896551
98456156
98352856
97783956
97565399
97730916
98776090
97993159
98122844
97973754
98250692
97264388
97257491
92549312
96312727
97443320
96737121
96895482
96978219
96936459
97179395
101099210
100154214
97524479
98481899
100544998
92860722
99291239
99100059
98047454
97567065
97520929
97389140
94489850
88301883
97350560
96934161
97405695
96955825
97400670
97264407
97299002
97480439
91462146
98079412
97335495
95395539
98122412
98808088
98308690
98031530
99330221
97363515
96133251
97684204
96718943
90236924
97300206
96834234
97440454
97222793
97257824
97036068
95382689
97404585
96997166
97524257
97143826
96888631
97257874
96480296
99476591
98721339
92144282
99251663
98887891
99242179
99217747
95964270
99177513
99966790
99686998
98129377
94679084
97359273
97186449
94353272
100628182
100965092
100548438
99577455
100213380
100308445
86570860
100070863
100300240
100932262
100708305
99339891
100706190
100745560
100829478
100607605
97219335
100485478
100338117
99261104
100813274
101221190
101823967
101166196
102653793
102493098
99252002
102474778
102741110
93193849
102940352
102381711
101430352
102447769
102154296
101631235
100653929
101746216
101918887
101025925
100836166
100828588
101429714
101205730
101161842
103165895
100239646
101732796
101003993
100636924
103345711
101227857
101345908
101237907
101053675
100859087
95583621
101474201
101278715
91238903
101088720
101151317
101063803
100851265
101193363
100597370
98639886
100996412
99008722
101402947
101718771
101459174
101210155
101170214
101048240
101166339
95543095
101149496
100941730
101209672
101118357
101534564
101195521
101289476
101673818
