781577241
377959928
94114256
89214416
88539098
96572939
101402105
99744455
100368087
91788015
97164030
97282754
98202558
87512438
96870949
83926917
88643205
80621300
85820890
94336177
79793821
97033927
92387765
96539195
96559715
96939991
96966304
96988489
95983235
94109439
95202981
94378086
94942496
94474581
94104602
94129449
93912131
94810537
94195446
91338300
95019677
94356332
94097989
94393607
94739265
94296127
94094516
96805346
84280312
93382681
96759103
97093933
85191391
97357732
95312570
96826978
97286868
97454973
96719134
90262063
96450351
96841073
96765232
97585463
96618661
96922032
96807931
96818896
90457583
93944254
96539621
94253551
94356508
98109122
94241961
94203977
95051902
94399035
94739604
91372522
95047473
94315016
87563507
94461933
94301517
94224301
94346992
94258436
94035527
90929489
94167290
94395857
94206891
94981500
94859862
94370021
94080630
94037213
94766762
90475352
94083745
94432086
94116019
94350251
94662811
94250268
94221982
94679625
94194823
94057129
94510453
94100179
89711449
95732726
94058810
94485425
94009390
95454172
94185853
93591837
90533807
94451226
94192516
94927037
94028334
94502332
94153909
95308433
94139314
90343218
94879086
94490012
94219927
94405387
94207899
94608762
94804588
95620672
94852111
90649656
95077638
94523164
87682755
94731758
94962834
94532672
94945891
94371661
94730263
82856940
94172014
95577586
94667410
94151422
94794491
94365213
94236911
94157873
94297310
93913588
94610197
94427541
94444255
94374660
93897943
93555503
94640620
91210324
94474831
85988320
95059021
95416197
79938831
95121837
94725527
95508048
94274371
94940204
94450262
92740553
94666904
94945248
94295127
94418429
94239987
94676222
86041681
94525679
94431674
91434676
94246916
94097672
94544235
94748606
94789678
95138398
94238623
94199004
94791277
78199636
93940482
94801026
87190392
94822414
90588873
94113548
94288401
95421805
93980955
90971973
95751191
94330190
94155346
94140700
94334014
94268489
94123270
95108605
93993446
86573938
94581992
94393263
93728960
94187084
94059331
94278434
94161037
94180256
94070000
94056584
94314999
96794853
95531510
96779957
96701775
96918444
96947637
96844361
96950493
93566409
94938629
91770467
94174474
94162846
94715597
95195067
94041737
94013794
94102271
96380618
94647240
94348731
94072068
94076439
94328037
94524817
94165720
97148145
94409033
92772854
94578333
94945515
87419083
94363897
94042676
94237787
94285456
94228326
94152275
83860897
94624937
87559046
94604268
94597708
94330346
94608902
95094223
94318188
94532569
93429426
94186870
87432680
94171716
94394849
94112155
94468181
94855236
96684659
96685196
87055374
95167268
94337583
94215928
97587101
94852628
97056145
97159677
97732080
97019448
96442317
