331540169
213044357
138634233
109893396
113729242
95250286
103723708
103191894
104118102
103743597
103771239
103946364
104423208
104583995
103573254
95288500
103828191
113891770
104017039
100933658
102672732
102079416
100783076
103802696
111375943
100937279
101582830
100955291
100544649
101041650
110778664
114824548
98751984
100317513
102835346
92807388
100384811
99456193
100763253
100685632
102553730
100795399
100509380
100000567
100990718
79527835
98286952
100621779
101363909
99689812
98924966
103206988
101685050
103103984
101715864
94681343
100107424
99825219
108727978
103046418
103007829
103461532
102142349
103687877
104212478
96002865
101478828
105059595
105103520
103498393
104261248
104508261
101606778
109041761
103272060
97317782
102721503
104273712
102896054
102710590
103157918
103686689
101756895
102197279
102717590
93699136
102402204
102955978
101876597
110038619
104343184
100614597
100115626
100799274
101381952
97380731
99096405
100854075
101597707
103052134
104110238
103676170
102645362
101574289
102492648
83640990
103756781
101663666
103655537
101822588
103492246
103846686
102082340
101452785
101917405
92089429
102208384
102742261
102343933
99622839
104147156
103455136
104009306
103386927
103222797
97333293
102866345
104021564
103640444
104288877
102687155
101076477
101541396
101990407
101201469
93701277
102211236
101720274
102130510
101771642
100422293
102789194
104077405
102662797
101739503
100245105
103947105
103772234
103731119
100126022
107663317
103547443
104576446
104166107
103854080
90328200
104464012
104226212
104124029
103870318
104125143
103986844
104144739
104185160
104195552
95881818
105815201
103739462
103928203
104489548
104156067
104010429
103999561
104240832
104680654
95032604
103953143
104298695
104224746
104410994
104493952
101756347
103948919
104420255
104498275
92003955
104061723
103661759
103744550
105672315
105258535
105689263
106358313
105710086
106258408
97392748
107337721
104323019
105838642
106344624
106200534
104385422
105896466
105309411
106182888
94937668
106749235
106302156
106271428
105077838
102783950
103660857
102485340
102011035
103466270
95135639
101591482
101922951
102278757
102254909
102427776
101953816
102002231
101933891
102367128
99180623
102115621
105361324
104910668
104611856
104245857
104853884
104309497
104157551
104327284
97067207
104362480
104258116
105123027
106318735
104879382
104696876
104863360
105693078
104767813
98885314
104510897
104471573
104527986
105742385
104171744
104489635
105064620
104424997
104271273
103905213
105418387
105423253
105471712
105428443
105583557
84269369
103554530
106444773
97724458
94131053
84443283
87602179
89389304
105645675
103694450
95638122
94248214
84477743
95685049
86651180
105745276
94696334
97957783
99739756
100926170
92387330
87386002
108513832
108436929
80677060
105799306
82718611
88274983
109103817
108411071
97797435
88584176
108163550
109667969
95529805
108187319
108465782
107904550
105899120
