722249588
672989712
91532417
89755951
94444538
103266535
95791212
95966488
97390376
97142933
96237082
95805306
95850461
92996781
96006157
95993401
95852998
96546275
96223303
96183639
96183499
96551918
95710878
95991900
95905192
96037185
95943443
95986416
96127861
96225649
96663848
96480792
96075427
96504934
96219644
95955850
96255899
95986953
95836061
95952152
96774310
95722277
95860907
95536926
96392506
95916674
95891990
95843644
96059817
95799074
96435420
95779176
95867697
95572952
95549699
96048673
95684290
96117028
96161455
95865046
95997997
95965146
96087935
92481871
89672024
95682135
96058790
96114856
98881384
96633615
96310964
96239488
95701380
88873989
95864019
95695559
95825886
95952378
96077909
95649131
93414492
95698963
95936873
96087430
95975826
95876106
95851935
95849503
97672406
96041131
95786797
95799107
96165964
87744590
95925533
95902343
96083214
96245562
96117289
96108558
96021999
96231047
96221913
92548753
96144420
96058269
96018579
96055120
96957476
96173550
95804597
95962316
96043194
92595996
96163034
96178020
96388342
96227791
88199257
95582472
96440414
95696909
95571462
95797506
95994881
95537873
95562117
95633985
95774466
95225204
96054374
95666554
95752027
95569486
95927519
95808617
95426950
95655571
95588251
95609765
95667872
95717608
96151036
95269226
96362934
95762695
95369331
95788471
95558126
95840349
95729959
95576379
95705969
92945096
102251427
95718088
95545993
95423934
95694160
95805883
95876654
92448063
95870952
94223255
95557540
95637037
95704626
96278853
95421198
95205405
95604163
95509958
95534051
89296236
95723528
95531362
95345138
95421509
95342775
95344224
95139888
95555873
95534421
94028155
95512110
96277384
95814333
96111056
95461641
95720239
95423046
95666016
95306640
96034853
96943066
97961880
95937068
95872852
96037772
95809984
95908163
92412287
96300263
87603502
95877338
95437119
95609178
95569176
95726290
96456830
95869200
95533502
95914580
95140754
95703764
95714885
97035219
95410900
95990247
95482658
95739653
97979852
95914154
95726931
95744363
95981123
95731411
95659847
95499081
95563243
96304997
88209877
95686676
87371450
95737624
96011859
96376100
95855988
96002469
92672613
96448197
95914981
96023140
96010035
96695973
95678465
96062376
95984993
96569129
96050394
96273105
96711349
96266131
89388860
92082057
96840588
96311417
99496625
96504289
95974412
96457389
96053371
96072371
96371664
95941683
96154000
96583706
96031512
96012043
96606425
95985444
95885298
95710775
92704188
95683116
95906915
95859868
95847235
96879946
95844252
95971484
96341946
95848547
88143390
96642170
95754372
95881610
95732152
95537026
95675306
95946529
96126144
95587598
95875345
96207954
95830857
95851570
95876187
95716575
96465678
