302680592
198354708
127804362
103662681
102835262
101158102
101641253
101161396
101934487
101209537
101007471
100718275
88839324
98879739
99099732
99411235
99433505
99038406
99440902
101057683
99937212
98513550
95649724
106499336
109386183
105319751
99349272
99433504
99929007
101232609
111199647
120101755
92578755
100776693
100054291
98022504
109119452
106404382
99316436
99282974
98790481
98577974
91030612
98479116
98290397
98030010
98086330
98459466
98250790
98010833
100149192
99378781
93495331
99229188
99236639
99363552
99329440
99118914
99050136
98849841
111191923
106457639
91150006
97757599
98435170
98527661
98324445
100739005
99494178
99578254
99356554
98012677
92314815
99647020
98833538
99388905
99296616
98891840
99163476
98777819
99081943
99141992
92505318
98975927
99258432
99683401
99470200
100200611
99785282
98576007
97284650
101733851
92297044
96724588
97709350
98299823
97321200
97256016
99074216
98567136
98889944
98245785
88401443
98092902
98357183
98418084
98286726
97879094
98795671
99248600
98813279
98517025
89927703
98892417
98717512
100938390
100434781
99003082
98697599
103019675
98474824
98683765
90333578
97053803
97831981
98516831
94776606
99594918
100124227
102639194
101266998
101205725
93887552
95528902
102110025
101411611
101911909
101904880
104509069
100563414
101167500
101168885
94189519
103848457
104624825
104103945
104181762
102018386
102437772
103456499
98231802
102369585
97317214
100817399
102377020
101516407
102128116
103692312
103395945
102235949
102580521
102217369
95926711
102379027
102318640
102748991
102947871
102598151
102321632
101877876
100822491
102989491
93976060
102012876
103397891
103382178
102949905
103197711
101967987
101096704
103596371
103656159
93839269
103730181
102969800
102809355
102612801
103147130
102857170
103150462
102831008
103009569
96528885
102812621
103495209
102791885
103224982
103003152
101581633
101731347
101286192
101303995
95743031
102950827
103099247
101746881
100672676
100882984
101717312
100735666
101917342
99226339
93773264
102422355
102340730
102358181
101992150
100740305
100703643
101364110
101897027
100878697
90882330
90849264
101766320
101074884
102023717
101908273
102733050
102233286
103297360
101476331
96361691
101064495
100137769
100755152
100337140
101114013
100986585
100365159
98886405
99100780
89613749
98738646
99106106
100120807
100052465
100271280
100177844
100576089
101311578
99573972
96015947
98936390
101889686
98848024
100446753
101338098
99893217
100679683
100681612
100399017
96693787
101774823
101539844
100920652
100869053
100873067
100782208
99778614
98415329
98118484
95536825
99218958
92758614
99984725
100040058
99549765
99591670
102284119
99550831
99936432
89554507
99796933
99634064
98644466
100047982
99964162
99430158
100381652
100916364
100516838
91931514
99025943
98956733
98730043
99835210
99178193
95783155
101304484
