310145987
199241974
110265318
104400494
106181696
97544432
102937221
96520515
97310279
87808426
106248637
97101774
95859847
96931834
94778661
107401030
102572174
94320055
94644472
91526179
95264115
94570232
91120110
97503279
97527838
96776856
97950572
98931752
96878334
108456681
123823948
103775909
95295397
95581271
95538354
94564479
93869261
95804971
95759596
86420908
94207210
94945023
93134258
95750891
95572063
96092716
96105612
93816246
95774731
90216835
94860281
94344825
91078831
95581747
94825617
94648589
98251562
97717203
97822914
91978494
97765137
95893906
95901496
95509417
94142228
95627370
95669926
95604120
94358900
82290832
94698903
94622982
96297846
95500844
94843787
94534881
95601903
96343725
94044616
87718413
96377430
97443706
91650928
95404410
94793216
95878354
94676425
93908486
94637088
88262425
99334453
99231397
99624101
99162223
99061666
98435058
97862783
100985936
98734134
90702290
97761561
96347020
98735905
98713637
98474792
99550246
98621768
98922603
81397659
84952893
98908057
97785852
92177874
98953361
98733369
98896591
98824749
97398540
99240114
93229033
106886967
99034353
99379792
98156043
97961129
98669699
98250165
98625077
99566693
94042072
99763717
102417309
101353378
100891817
100744972
102050768
99770391
101133766
98851788
94068365
100979797
101172831
99511560
100854367
95095270
101803550
100515546
96615870
99997967
93274566
96758809
95617130
96175338
96585872
96739569
96528474
96881243
97216587
98773991
93292679
97374521
97633363
97379281
96302797
96759334
96313554
96037822
96189711
95969598
93154521
98154488
97856129
93863586
97846217
97336182
97781176
97285744
97220156
96545953
90760568
97705951
98943260
100059055
99034938
99608073
98844005
99988646
99925580
98454025
89900277
98639190
98361839
98697080
94220822
99251011
98734180
98414119
99662862
99450356
90988427
99042611
100644788
92793907
99258415
99910621
97931472
99910079
99533251
99546666
95421282
101762614
87137710
101122755
100836376
100188946
101241614
100149291
98837056
100723007
94147369
101025707
100728751
101010542
100117230
101175672
100001872
100148600
98343780
101333154
93191322
100152944
100370576
94610058
99732260
99574574
99604088
99719508
99960767
100666703
94375904
98524055
97276451
96935086
98185568
98218623
98693437
97378599
98508717
98837585
90797303
98311758
100225299
99429954
98721982
99007835
98848246
97644130
99682117
97955399
92348131
97911482
99561142
96374488
97571389
97848511
98017887
98337738
97719840
92396450
89720700
97192386
97097946
97101062
97646298
96872585
95753237
98815887
97627084
97260528
89095687
96785834
97017180
97432505
97641511
97757319
97212042
97532166
97417677
96834923
89616725
96507445
97603260
86520516
96172884
97059944
96500127
96283101
96518430
97634976
91745280
