905296276
577919025
94956345
88668322
95379230
102838648
99879026
100023174
102704034
98989321
99463100
103101216
99697078
103796380
99246696
102700309
100083885
99202075
103127288
99325786
103115119
99582059
99713014
100217451
102710964
99701875
99134695
99759727
102439459
99894441
99389114
99840754
102614830
99395884
99238592
99340798
98725363
99743501
101295406
99683946
104843821
102679698
101545353
102047295
101590423
102156900
102259680
102284450
101796746
102261814
101929520
102314851
102077818
101775312
102120597
102266859
102326166
102193531
102163796
101863344
102161820
100831433
100408005
99024138
99203087
99687383
100838786
99110003
99182617
99512672
100073337
99590303
99758133
100427707
98783956
99183674
100744370
99799677
99457527
98865002
99055727
99875098
98981560
99444397
98961491
98681125
99468800
99723355
98786483
99175345
99670473
99123671
103172658
102343482
103460253
105532689
105753704
105445429
105417802
102874420
105574724
105303435
99691964
98992152
93884411
98832478
102919955
98478798
99853861
97013652
99166328
99055356
99167675
99257437
102837806
99144090
99554590
99257932
99199754
101466472
98896916
102728798
102975431
99446054
99623278
95747558
102646128
101731484
105526921
98263381
102120409
102548556
105528143
102434202
105715803
101554856
101817042
105411185
105343993
102785104
105633020
102589716
103772172
103057535
102996967
98904487
99003913
98868323
98986131
98813309
99033476
102911209
99939254
99207889
103197465
98722241
99334537
99284028
99402949
98956653
99103945
100208608
99117361
99757973
99540710
99067480
99730703
102888612
98981268
99554873
98948167
99914806
102807122
100290442
102063490
99407097
102907475
98881445
99238954
102897474
99423881
99842922
99144671
102114864
98876209
99617167
99477214
99494954
99611908
99929022
99510694
103212719
99235566
101592811
102813683
99300873
103207015
103346005
102835819
105869042
105750516
102625130
105457324
105548428
105655409
98730909
105779920
102214645
105822040
105663876
105735886
102156713
102360062
101832348
105940617
102433841
103302305
99128834
99810873
101825714
99540154
102712337
101003988
99130344
102753413
102962176
102943055
102895463
101777220
103147077
98938066
99419047
102894009
99247262
102752201
99068101
103069624
101248602
101981254
103349634
102816560
102607434
102958342
103050825
102581525
98889918
102317468
99725970
102750764
99574106
102747741
100137870
103229755
99550444
99493779
99402438
102676623
99124018
98738758
102583315
99370981
99302605
102438817
98976987
99002598
102918456
101812851
102750809
99756649
102542592
102773862
102770979
99468211
99148457
102572037
99064819
103007200
102796291
102683418
99325147
99478667
99131543
99618442
101802206
99210175
99429346
99306560
99281594
99494221
98960271
99941908
103134247
101273043
101483930
98785337
102842484
102547412
102664090
102604846
99124239
