810271480
764804522
218316275
93178227
96397534
96253458
96533503
96024279
96271274
97471165
96635181
96161006
93847414
96299831
96324784
96164570
96877501
96087801
96168666
96321958
95302552
96355761
96445795
96085369
97036298
96577782
86605828
96457512
96649413
96394864
98116744
96348924
96498635
96470417
97059658
96407898
96414385
96131229
96434076
96996848
96676531
97505505
96420960
96664008
96168398
96693516
96830128
96389894
96482185
96361602
94158665
96370877
96293721
96712354
96452646
96461840
96501419
96556456
96416908
96341122
94146861
96292230
96189086
96292197
96649335
96602754
96470661
96344654
96452176
96416363
89315021
96305375
96396014
96570825
96349991
96494908
96309156
96351976
85560606
96352729
95927396
97047554
96242345
96157414
96369572
96193321
96288447
96691242
96558359
96321379
96297767
96150326
96529640
93747651
96625998
96272784
96447093
96656448
96362807
96376961
93238767
96450918
96780387
96225158
96450062
97181567
96584996
96394969
97605204
96692132
100070528
96518563
96523945
97823932
96277368
96591433
96279756
96390920
96408251
96137920
96707788
96153478
96316584
96464575
96692328
96424410
96441295
96196864
97987170
96547699
85936445
96490106
96366610
96467019
96418575
96504573
96662596
96529243
96478436
96450515
92345292
96309958
96279382
99761408
99403790
99145703
99437665
96230055
99977241
99134574
85955690
96669855
96809555
92793874
96785630
97121321
96826592
96428045
96550391
96246748
86468245
96613446
96506922
96598714
96567522
97249581
96820957
96666831
96656137
96630034
96541398
97676763
96515275
96594105
96594068
96373306
96956141
96642450
96562306
96518409
96465995
96910513
96425941
96239912
96376991
96711220
96881138
97177997
96963286
96698350
94080484
89621334
96489332
96626148
96531814
96607890
96854278
96675184
96672919
92597510
85721036
96678665
96734325
96692062
96631031
96528708
96779706
96429254
96485244
96400098
93044290
96230933
96665473
96474669
96387872
96407620
96456795
96693545
96543099
96391053
96844528
96545358
96483659
96394434
96537752
96556615
96342527
96522604
97620344
96510656
88874591
96334696
96563284
96542094
96309870
96568733
96440540
96254668
96743381
96367416
96652790
96291944
96529939
95824022
96650497
96237125
96728048
96667905
96535083
96703154
96889085
96339504
96702499
96426656
96625428
96423434
102283108
99213361
96653840
96491073
93977729
96531921
96533365
96614693
96639964
96903027
96764923
96568084
96572278
96270213
96595730
96713280
96318480
96481891
96802732
96451919
96472232
96735628
96589667
96496488
96936258
96585005
96784673
96647884
96775600
96705074
97589247
97269141
96712946
96862328
93211329
96670403
96959769
96496808
96695445
96413647
96977043
96482777
93251113
96547593
