220184030
123700720
85076373
75333271
72890797
68073733
67568073
67830181
67927932
68119554
67641480
67826550
67491606
68015643
67908427
67808253
67680450
68393581
68003173
67784915
68233960
68090401
70349392
67828856
67871563
78408592
67799418
73302597
67714477
68203936
67941539
67909200
69567086
67740580
68189820
67754136
68177393
68109369
67915090
67874051
68280555
68063864
69772577
70062724
69188799
78615144
69285182
69183196
68840419
69363977
69201704
69173487
73845169
69155681
72837405
68453109
67996895
68367919
67740621
67813045
67800917
67567511
73747228
67851122
67830064
68122623
67841209
67965577
67966149
67657865
67886183
67862567
78166212
69006862
67720460
67797067
67949294
68135319
67657521
67767437
67872983
67902905
72622772
67930717
67870881
68049810
67768532
67866889
67760913
67976102
68043097
67921028
73412269
67772801
67953192
67875504
67809310
68733844
68011066
67959790
67985642
68055601
78510367
68622824
68061919
67932089
67736613
66888138
68309199
68214216
68104742
67874601
67352494
68031365
67846583
67832967
81908839
68169381
67660042
67873662
68416703
67760299
75955512
68193132
67795149
73429707
67558286
67995048
68143995
68091614
67866395
67951864
70219239
67988325
73494888
67966928
67904129
82790492
67877118
67896788
68020345
68210311
72608329
68110916
67895961
72955716
68109820
67949235
68257627
78056418
67851568
67986449
65648964
67911030
68157234
67793846
67700376
67872307
67746414
67758284
67786657
67917762
66474840
67756904
67939401
67759522
67815092
67586319
67576884
67809534
67778092
67669378
67461864
67778133
67830347
67780386
67819701
68093385
67612816
67941987
73503660
67628624
73114241
67820576
67864281
67720342
67851645
67882897
68047973
67864914
67827666
67842127
71591433
67715777
67770666
67757602
67609969
67968354
67877362
67937393
67784144
67757230
68062031
67645491
72825372
67984632
67859020
68033143
67986076
67970713
67096142
67996962
72868821
67977908
74012922
67030991
73811225
67840644
68079912
68065492
67938769
73255664
68051987
67667179
67740784
67808432
67717826
67704793
67705261
68169621
67840867
67690784
70453779
67558546
67793353
67891336
67727950
65126891
67866167
73507468
68051646
67892478
78375376
68169351
67608876
67762719
67761395
67880936
67784021
67783851
67472953
67737443
73262270
67867148
68089983
67680717
67885132
73438744
67879963
68079374
71464378
67922577
78657399
67624108
68253205
67578000
67928631
67386464
67975479
68060177
67838241
68227588
77489731
82348572
67948555
67633851
67644584
67596118
67250292
67948304
67729663
67901772
67464700
68134484
67808936
67871994
67683388
67641402
67672881
67979704
67454453
68195475
70141805
67960023
67795616
67896353
67804784
73391641
73669456
67894808
