313720249
201953915
143727114
106585326
99378275
99079531
97826336
96828139
93759590
98025923
97415585
98312107
98127034
106410159
105491934
97810043
97018524
98156980
98476163
97610248
97803658
96764455
98306360
97929822
97932252
98620976
98536285
98827018
98865872
125677804
132608612
113251771
92911539
96717845
97765047
97130462
97490664
98536461
98963899
96229565
96451088
96546297
97630595
97453431
97963813
97646412
98082101
97696268
96757865
96510245
98372127
97166833
96455568
97076007
97072160
96690117
97605442
97378617
97052541
101663695
100619770
99701394
99820809
99478568
98696521
100308920
99375573
99071180
98641554
98606230
100628274
98791783
100576054
99049798
99248896
101754417
99755375
99949069
98417512
99657343
99129561
99584993
100613928
99264963
100818146
100607588
99501932
99437864
99963207
96760138
106663764
97779371
100314733
101606245
99578132
101617261
99402463
97593455
99028170
98929798
98509446
98926143
99188492
98226535
98443583
96845157
99931022
100165841
96920674
98457032
99447170
98142577
100549535
99120421
98988928
100213512
99743255
99292441
98373703
97195115
98229898
98432985
97740022
98088148
96084746
97843696
97801489
95014890
97601920
95083801
99140110
99647586
100398301
98759689
98441772
99591234
99599032
94899615
97722377
98061314
98267537
97229348
98640724
102195086
97566773
98138355
102381337
98620633
102130230
98839488
98061998
98009476
96902540
100344037
96429192
101157827
100840349
97309643
97642572
95223322
99620158
96878663
98217926
101304871
97415099
101092683
101256678
97693216
98535778
99066935
100121134
96475261
100396056
101356503
101308094
101206549
101368913
102375867
103702838
103004044
104366464
103456288
104037296
103036691
104881838
104492648
103209797
102195308
101714650
102062888
102550124
100512991
102262127
102209555
102832852
102590866
103453994
103634562
103054046
101982887
101698110
100863519
100412434
97858013
102010187
100050270
98145485
101774679
102524903
102917758
97530584
100210255
100192455
96110128
96091838
100077682
96815874
97003436
100741546
100989211
100787175
100433100
101638579
102823888
103089000
102271465
100566776
102667639
102257677
102344982
102784556
102550620
102939587
102889078
103168411
103000531
103115609
102723769
98134106
104914294
100657590
100863023
96101140
99495296
95880076
99354652
95814615
99744753
95716843
99963796
96946348
97939946
103201311
98191719
102153792
102718125
99356482
101590272
102342447
101656555
98286652
102896170
102630840
99001205
102713869
99256257
99216446
105909352
97074636
110344121
99545327
100513085
99905998
101555860
100335639
100011373
103062362
98549384
98454843
98425818
98294499
98269189
97797133
97495952
98377019
98419724
98707853
98127200
92186077
98036038
102249608
98057222
102821110
98947981
98766636
97549005
97793214
102852530
99511513
105543671
