319204948
195589669
138462549
94645293
93553584
95691334
109250740
97754778
94855619
96403650
94073944
94487401
95409232
94483003
95304749
95995382
95316927
92795885
95162791
95223331
95487835
95057601
95213272
95054415
94439506
94808404
94762625
84135325
94770415
109081099
129647257
112048916
96067812
96523912
96542362
96380955
97472338
91566141
96482767
97516334
96917591
95417903
96838175
97256658
97718093
97058956
96902116
91663630
92737625
98633761
95648596
97151575
95861997
96136146
97021104
95687868
98032690
93972619
95893986
125152549
103154322
95343793
94261655
95046959
96497709
94376327
95461264
91354098
95225971
95652695
95160219
95773537
95159424
95121359
95108310
94897348
95842914
92167535
94835983
94985985
96712109
95108351
96569152
97327113
97467276
96501415
97236594
89104238
96340282
102333701
103056267
110985374
103546256
103315415
103170966
103255722
103887761
94519413
100020356
99793869
100219407
99395902
99438533
95632914
99660090
99621264
99366695
97186649
99101294
99727340
99870847
99588104
99577820
99653105
99796873
99544384
99253066
93946415
99909559
103652333
99028335
99763171
98965346
99148994
98707476
97798902
98499247
93297977
98469727
98097556
98632542
97898546
98090601
98200789
97700255
99047471
98435255
96570461
98066100
98110769
98424499
99237514
99670020
99541909
99403811
100010094
99003154
95078247
99376274
100254605
96933259
96580123
96397316
95622734
95500564
95848167
95709935
94319588
95812875
95263033
94991520
96151968
95745966
96114413
95380695
95399306
94504705
90318116
96143639
90994732
94127637
94529605
98824609
98861286
98931622
99019317
98644308
90985840
98296376
96501194
100614951
98285658
98607180
98419878
98550293
98645580
98347621
93452913
97842746
97459826
97403812
87766618
97823368
97582871
97049698
96994685
97447276
90817061
97684307
97975650
97783361
97623684
97456722
97797520
97609918
97460463
97209573
93343793
97365087
93882216
97407620
98195553
96952950
98538047
97816795
98468466
98238671
92446941
97031699
98140215
98951362
98631414
98081763
98581047
98780124
98437459
98659811
93145463
97282327
98256558
97711236
98446427
97498057
97786369
98199912
98423949
98661674
93035201
98596581
98193546
96522565
96693073
96131595
96483813
96736138
96547253
96239444
89929733
97172059
95633775
97133623
96484507
96427620
96644839
96241360
96202792
95259232
92555182
96536377
96562033
96628493
96582095
95960080
96827138
96680607
96713801
96659349
92114244
96539422
77124941
85161413
95835462
94645383
95547386
95641171
94639868
94694343
93347052
94751313
95053432
97814491
94872923
94722993
94983923
95448922
94976775
94482095
92126620
92445999
95128202
93047700
94638495
95470817
95475977
95407831
97227046
94923733
91619053
97146342
92955562
