227561633
121037906
91485074
69752939
70208412
67149082
67477524
71369977
67178132
67099849
72311882
67568854
67198721
67200235
67558997
67055259
67148214
67141547
67939651
66992903
77480422
66610389
67224654
67505036
75789309
67203529
67328379
67017555
67066853
67680816
67482166
67099197
67217941
67603264
67438853
67140933
67023579
67142322
67138424
67552854
67805306
68175936
67131203
67408723
67293706
67280647
67143274
67137343
67750731
67556480
67410396
67139385
79086521
67050137
67261729
67036245
67137459
67467633
66884449
67060616
67105049
67326172
66336348
66936218
66708041
67168656
67200696
66923518
66978709
67027104
67552343
67749051
67114612
66946397
67025372
67096429
67249866
67081840
67527702
66885269
66569528
67573723
67346133
67909294
67160008
67409304
67658697
67426466
67450560
67150088
77197361
66957998
67574682
67490344
67479942
66910351
67863630
66840561
73765151
67066880
71940354
67695772
67367105
67766814
67284794
67381113
67164710
67522464
67111740
67258687
66503626
67516058
67172311
66928880
66898928
67489815
67222288
67427982
67672378
67478479
64843931
67669653
72712069
67382758
67308973
67423331
72636243
67442925
73389244
67128288
76463035
72725740
67264071
71915717
67796905
66827891
67576255
67235690
67583318
67496293
65666905
67793544
67732898
67108980
67636102
76207217
70384044
69834733
69160672
69127079
86116026
69926222
69721575
69633448
69447950
69258262
69626857
69768022
69375258
69718506
75087946
69536214
69575755
69909120
69446724
69541323
69354738
69784230
69448927
69244177
74967417
70224220
69642926
69366154
70252455
70017115
69878852
69620611
69930190
69425112
75767847
69063340
69888280
76845834
70969944
71201203
70806350
76383651
70673128
71082899
69713594
69849825
69769871
70019193
70102898
69680353
70775819
70722441
69563187
69699255
69971518
69622584
69805958
69433083
69566028
69879088
70069965
69621158
69817068
69627193
69544486
69831902
74714333
69355823
69507536
69448258
69695356
69601719
75528599
69525461
70486363
69654372
69510991
69517950
70096947
69619659
70097570
69769836
69927704
70060707
71798685
69957048
69768161
69774582
69994848
69482711
69746528
69428582
69601784
69849945
67919853
70236823
69802728
69787941
75158321
70421234
69919768
69469735
70036059
67050824
69349339
69929984
69781160
70123402
69736850
69821418
69770490
69498836
69781426
70045693
69420591
69725304
69681464
69548555
69690223
70264850
75522455
70102158
69684205
69903726
69736474
69831678
68981847
69876165
69715145
69411327
69576835
69540342
69498752
69701008
69659931
69837941
75292001
69555005
69594393
69577730
69810069
69742141
69612798
69414110
75757286
69748322
69696596
69669554
69811925
69666996
70293672
69841742
69587063
69803807
