815796066
677546063
90360741
86649061
88463096
95083627
95742320
95294296
91601168
95554776
95409767
96648465
96683060
92816658
95945833
95369483
95454410
95218347
95348944
95199956
95361523
96286012
95044646
89235152
95801568
95805128
95626116
95511429
95825999
95711897
95592964
96930975
95441484
90848171
94997082
95285553
95366476
95365581
95767313
95425080
95321991
95289793
96039762
88591020
95636211
95084517
95362702
95642117
95388110
95294371
95331843
94920631
95334165
95693842
95473078
95432211
95309612
95176035
95956013
94940170
95242364
95545937
94840226
91692812
95186076
94988784
95505815
95182565
94911093
95128229
96090719
97797837
97875865
90994591
98381250
94749177
97328617
97911825
97814675
95214832
94973459
94535351
94830682
92302827
94888381
95044012
95056450
95150027
95194383
94925494
95762251
96753153
95125125
95172377
95654027
95495991
95270113
94925518
95184146
94768674
95282683
95122702
95436920
91641348
95203103
95319159
95101587
95353851
95126333
95263289
95243168
95098198
95302908
91850499
95647878
95979718
95349410
95260886
95686947
95137440
95225755
94636033
95476103
91991408
96077064
95294688
94912137
95043629
95828671
94849293
95171358
94947302
94889732
94262056
96052972
95082874
94941806
95117782
94899029
94822502
95299795
95183047
95192345
95069211
95061764
95365256
94987798
95262862
95643600
94998326
95132081
94896168
94982541
95234342
94994349
79701689
94956317
95018431
95322374
94939376
95035451
95022154
95404994
94703565
94866395
95031224
95643265
95731297
95038787
95089052
95448305
95258752
95842813
85494981
95590816
95265317
95302753
96247823
91691610
95755339
95267530
95846760
95205241
95483061
95691734
95264989
95724422
95225853
95503007
95661813
95299989
95433728
95356156
92709276
91833047
95531679
96162988
95325656
96075258
95551108
95514178
95555848
95197901
92383915
95460776
95313515
96195704
95636084
95212720
95051633
95439353
95564412
97579816
95594112
95233816
94870209
95924387
95325783
95256501
95455502
95893962
95285754
95277457
90234612
84950281
95280952
92110595
95369458
95500685
95431708
96044518
95048178
95544238
91620721
95418180
94907322
95309167
95592134
95047648
97489597
98492008
98201395
97799812
97714319
98274150
98104931
98152895
95426100
95369533
95303310
95443584
95199802
95092264
98515844
95405086
96020454
94996947
99960369
95746693
99478135
95749279
85210791
90563810
83450012
86126580
95304518
95831412
95408318
83119238
95492823
98815233
88684328
90619143
82200056
94394490
96228347
86436626
86126011
86321665
99727185
84457508
100647881
89175037
95255404
93944755
96533172
96557027
86328305
100362853
100512822
100696056
100798745
100308261
100791947
100575457
100496815
100309484
101112272
100462779
101096432
