711201467
659216375
194648593
97481555
100169199
100312047
99787629
102984322
102995608
103122603
101617246
104451170
99788871
102901086
101582533
103119793
100979677
103066646
102820900
100870457
103296109
99933416
102221497
99736678
100876162
98902194
100613276
100733948
100739875
100587546
100781808
99610137
99615046
100969011
100588216
100646446
99070237
100917206
99718596
103391929
97423812
101486746
99738100
100155081
101466849
101142663
101161031
100800345
99930563
101039866
99976167
103087654
101013529
102483632
99305787
99526239
100168225
102930029
102878367
103179655
100639456
102778382
101095055
102463671
102500006
102314940
102402814
102455415
102956490
102835533
102594274
100204173
102804867
100016072
102562545
102773505
100365805
104033584
99436089
99328167
95941923
100532756
100386436
103306306
104351608
103962051
100809766
104166889
100542248
104126563
104439067
102130340
101535282
97273838
101042869
100418260
100300923
100208672
104201243
100658875
99420107
99404298
100485369
100351240
99334291
99058982
100056355
99481017
100134800
100672685
100353379
100872939
100516673
101006043
100537425
100512539
99938392
100574062
100059179
99018310
100956943
100751296
103976185
99597283
100684557
100612946
99757149
100402115
99300434
100744978
99963333
100873393
100902032
100572685
100765773
100395880
100724925
99421185
100405741
99427396
100721448
98973370
100982263
102191878
101153861
99912294
101692966
100194989
102035629
99241190
100896746
100431706
100619963
100264348
100709783
100699388
100182310
100625731
100439850
100196158
100324277
100346321
100736800
100146299
100612583
100298174
100772763
100623309
100414370
100452771
100041945
100615186
101277119
100766538
100438646
100604290
99096437
100390594
100517176
100748997
100657361
100062914
99467466
100519244
100164867
100625271
100771956
100066180
100669277
100393510
100857766
100659813
100698753
99301255
100641596
100149532
100535545
100302577
100159339
98459956
192009412
99873791
99263054
99614644
100384093
99026825
100546642
99146709
99641198
100464565
100483096
100671580
100540568
100609523
99366257
99106892
99214492
100742360
99455154
99141016
101056846
100253694
100671696
100411339
100212374
100309324
99035924
100242275
100434549
98650004
99248792
104475748
100351378
100529043
103302808
104392833
100698548
103993556
99417644
104211509
103137951
103374156
100498632
101027151
77581756
103259037
103280680
102864387
102646499
102945774
99472173
103014613
102340012
103011283
102577743
102311875
102572625
103152391
102472851
102613993
102578388
102472982
102745036
102375660
100440118
100265972
98565978
100623737
100451138
100562505
100561315
101316903
102918685
104072719
103435111
103386316
103611840
103070257
103040717
101919507
103251348
103062389
102782931
104079875
103363697
103683393
103457268
102136909
103549652
102919809
102096897
103625714
102997964
101976273
100487093
100145060
100312310
100510938
100326253
100328159
