534574305
669878426
95945230
90541500
95531774
95616278
91154860
96527103
95592276
98949863
95730321
95971500
95898213
95956349
97113962
96173610
92042088
95557031
95630703
96348339
95507999
97407700
95587735
95341964
91743125
92818853
93066029
95709634
95135873
96060700
91432142
95132147
95026266
92189705
95157362
91933837
95353122
95652912
95195001
95769715
91411457
95408229
95537778
95564832
90122326
95285538
95339798
95401964
92137230
95347173
95495095
95947105
95488119
95529148
95407261
95494897
93172453
95247853
91744317
96415582
91647619
95231793
91608422
95533596
92367590
95450671
89185281
95634925
105247739
95409309
95456925
84096747
93987306
96278625
93532620
95741015
118572233
91588884
98167112
91762373
95490542
96405788
95424556
95703694
96060398
95738227
93914621
95267296
95452717
97803780
95623507
95420157
94714298
95545330
95362561
96853082
87148351
95537095
95796958
95665629
95209799
95821748
95251934
96235637
97168080
95807667
95616992
95862008
95637180
95841403
95332990
95892523
95546606
96162709
95680279
95759849
88910635
95859808
92206078
96115062
95514263
95746116
92048209
96013575
91754216
95594256
93621524
95715701
92612666
95485128
92997940
92142413
92220696
95423342
92284940
88646140
91819956
95409324
91807153
95398547
92220500
95732262
91874144
98108778
92354651
95705377
89435966
95971075
97157944
98123912
94304864
97898355
94335464
98232842
99291086
94421487
92606692
98185915
95587451
95525539
95209222
95689817
91761115
95814070
92204084
97504375
88863830
95818406
92049531
95543879
91626558
94701165
91461342
95516872
94641517
83662310
77031214
95585832
91850110
98397037
91801054
96310406
91740351
95598406
95312245
95509655
91957325
95642884
95808043
95570357
91705144
92235321
94919250
95476219
95819554
95858383
85191042
95907589
91886061
95463248
91853642
95586446
92448987
95614819
92391832
95630561
86776749
95586844
93681498
97144723
95699257
95738693
95899325
88245259
95422998
95757805
91813211
95471917
91622627
90379112
95903094
95611348
95390751
95570637
95357667
92508695
88661168
95464258
95279877
86039053
92191086
95867157
95235034
95469181
95552436
92228339
90891174
92140833
92837430
96645425
95660076
95440337
95299172
95767747
95672705
95578639
91095944
92112933
93045478
95549372
95328937
95567305
92291409
95624044
95857314
95697919
89101238
99416074
94933018
95426155
95744591
95892338
91961481
95797826
94734261
95416294
92147545
95658055
95449967
96307821
95597248
96019483
95570529
95578893
95657377
95741092
91932388
95685531
95913943
95869342
97967236
99382359
95523113
95869694
115614069
98044075
93923087
96331045
98053158
92122643
95563671
95527389
95797533
95798588
95740869
96147636
92599699
95572575
95692204
95828401
