464655578
661199015
101482562
94981629
98144411
99427742
100803901
84079536
99609730
99326722
99690213
99654459
99748950
99424450
99642639
99612390
99544922
95538640
99515032
99502793
92527239
99287543
99181216
99505899
99495570
99778923
99724018
89644964
99531180
99666416
99648514
99489031
99439763
100162668
100109146
99613300
99180302
91651051
99208006
99514290
99789871
99862562
99539707
99304981
99266341
99338806
100101181
102260253
99755672
99453781
99376612
99905187
99601518
100075124
99356367
100551101
100208376
95920188
99502476
99141240
99323593
99755822
99680903
99655387
99471811
99718217
99597541
92976784
99458771
99501979
99485780
99558611
99408029
99747992
99467293
99786516
99819585
93648254
99696147
99520499
100114912
99882156
99637761
99849584
100035370
99920552
99865693
97723030
99447110
99896279
99518683
99605880
99760930
99737434
99579002
99528634
99589125
100292184
99524531
99796956
99759972
99967874
99883994
99492056
99097641
99589318
100695131
96275696
99322874
99902808
99325047
87021683
100911045
99877273
100221525
99833895
99942303
99703942
99927241
100119372
100546711
99566486
99466069
99718283
100119561
99522051
99353251
88699515
94792879
99625567
99536688
99726469
99247321
99485512
99826104
99768270
99980841
87063805
99329313
99788191
99321298
99975918
99660481
99777020
99562435
99606289
99323802
98824875
99158747
99681484
99731489
100210354
99430689
100302330
99852586
99671394
99745472
97199643
99505148
99706968
99564584
99642919
99657142
99895200
99611441
99762075
99988204
93688414
99479998
99554170
99470327
99554869
99470107
99430040
99918136
99931712
99783077
99860687
99723463
100918840
101551849
99787407
99819169
99620992
99580904
101224696
100540921
94682358
99817635
99641958
99687761
99841405
99798082
100174718
99504812
99951099
99878380
99735698
100107105
99373272
100048425
100004785
99916017
99839567
99539632
99646017
99896221
96945741
102397015
100958564
102477727
102715515
102244673
102647326
102398917
99649350
99817215
94558061
99351605
99382903
99504199
99668189
99479980
99460677
99434296
99675806
99656668
95829166
96280888
99556714
99683480
99294424
99772981
99519717
102113394
99444123
96733817
99734095
99543996
99544525
99792167
99651346
99752236
99995829
99732371
99864919
99860869
99162009
99787877
96770142
99279727
99761492
99983176
99693774
99900893
99098804
100137182
90902995
98523067
99637854
99541105
99540748
91032210
99540599
99748813
99663477
99824829
93528507
99848435
99492205
100189699
98674688
99445704
99407768
99488747
99446063
99436697
92471601
99338830
101542985
102468848
102391301
102056227
99876720
99626472
99456309
99426935
90937312
99231075
99711525
99541069
99380207
99711366
99915753
99963990
99226849
99595939
99625997
99395114
99286341
