236689110
125298409
85418573
70888503
72499387
67529845
81815168
68581320
65281876
67900854
67118707
68910514
67484443
72503675
67493863
67353230
67481854
67238569
74398308
67800332
67374874
67449401
67810104
67730547
67321607
67674803
67325889
67678418
69654526
67140041
78669476
67582032
67065176
67368153
67303392
67888711
67001346
67719258
66930634
67321009
67501920
68002213
67359805
67201220
67178287
67310731
67508634
67177476
82666999
67259681
67343984
67316582
67856300
67389246
73667190
67391617
67121525
67060660
81426095
67891540
67483143
72871720
68005781
67462650
67316763
67059554
67095924
67292866
81611170
67077077
67286765
68076893
67025056
67368684
67112437
67118629
67291345
67255562
68836318
67604441
67290290
67724285
67577263
67175737
67228858
67339761
67058982
67188937
77428070
67535247
67202030
67466146
66897509
67385132
67576408
67866414
67293267
67530216
67183468
67416750
67402074
70759073
67460777
67572847
67420500
67528543
67501377
67287002
69291047
67548297
67355695
67528840
67381320
67783430
67335967
67438760
67187637
67375035
66305672
67500862
67481019
78059409
67318682
67331654
67130436
67307677
67310936
71109390
73977668
67478906
67380466
70918229
67192157
68737635
67614375
67064325
67296815
67418152
65543852
67897252
67884811
67132429
67434908
67281377
67097118
67466609
72811825
72607571
80237211
67510399
72992980
67701334
67779475
67189959
67104569
67538218
67471928
67531574
60369334
67524905
67008966
65034227
72681511
67404826
80086943
67657720
67440183
67580748
64764833
67318779
67033633
67417517
67603076
67169521
67471729
67321590
67194474
73221619
77493231
67473359
67777478
72106819
67118197
67571332
67870681
67825807
67483826
67038686
81863392
67279348
67658542
79549037
67448299
67463121
67541789
67359978
67877523
67230236
70630395
67486063
67461485
67496115
67427458
67735614
67532184
67468380
67579710
67548346
81258576
70424275
69965626
69860283
70003561
70013201
69877709
70281294
69873649
69977556
81867976
69571307
70018111
72056134
69551764
69659608
70425822
70132097
69572867
69869444
84801401
70234863
69765488
69789578
69958115
69811009
69628298
69876525
69718239
69831384
72690122
69807182
70591575
75230353
69558246
69839724
70027985
70105281
69629406
84421006
76984288
69670328
70105795
68775755
70116402
69947800
69780388
69738186
69712270
69867716
85534472
69932474
70525029
70052372
70140365
70125559
70872980
69879153
69915825
69428427
81502590
70155676
69876617
69827401
69617648
69521114
69575670
79120791
75533788
69909488
84085676
70080842
70499849
65096777
69660693
69611810
70426631
70350841
70173995
69801106
79109693
69848160
70113049
70130426
70248392
69663696
69639840
70262395
69781070
69840721
81762861
69830820
