224233530
124883965
72461773
75003351
72024444
68962810
72280661
70557545
72585347
68735105
71003766
70425919
68919563
75865672
68905684
75176507
68647612
68863006
74025218
70214786
67441581
70252898
68523608
67615989
71926165
70492540
68636393
67802255
73680800
68886564
70292104
67467117
73492250
67239053
78260895
74109038
67595896
67574727
67485667
70445705
67756466
69524156
71309519
67393822
67824598
67934737
70434521
73685124
67664794
67626414
69479983
74451982
73065349
69075805
67301680
68291189
67299663
69551738
69132372
68802093
69270788
68949306
73658612
68852833
68881826
70019948
69248176
69128888
82398456
67652092
69752506
68705500
73088391
68717836
68737818
68263760
68755154
70448036
70887173
70456243
71187027
70618324
70586304
82163344
69812458
74212287
68987009
70340076
68786277
68858989
70136736
70287928
68427325
70396079
74067856
70020055
69188554
69207192
70334262
69153802
69891933
69226547
69415257
69847485
76283937
68719868
70153068
73638018
68806782
67910446
69386507
70338773
68560899
68350118
69344785
68122091
70583971
69367899
68434276
68617611
68491760
68671480
68641933
70502038
67640525
69322429
69487704
67770859
68767880
68488849
68587322
68831406
68774171
68730937
69530281
68517980
71661344
68994378
68090296
68912563
67981324
70523975
69920839
78315609
70250546
69344462
68541818
69754625
69485744
69888747
69421139
69321054
70120789
70638008
67683639
70632338
66988957
67933161
67524163
82221671
71991822
67945147
75930603
58142346
59760908
67664851
72399221
66525910
57054214
58837242
69270358
63975930
71331275
64850946
66832933
71694104
71230507
59814577
58586389
56802811
69590070
73995854
69324742
62902635
77252771
69198178
71769252
68770723
72008173
69830572
68875506
67321085
71512272
67601848
68778555
69070123
71416260
68550271
67652253
63699754
68842989
69176450
68640092
69701039
69099561
70245299
69348994
69406125
63212015
69546756
68687779
74539454
69011339
68472336
67757856
69211449
67656039
69411210
83599959
67973488
79641378
74946315
68904265
69247219
74342558
73249399
67911873
66570020
69165007
73332317
69750243
70903131
73462070
74161045
67281941
67556040
67937057
69838157
67919842
68309773
70903418
69185062
67628308
67380568
73312386
70384101
67698631
67709153
69869375
69148418
70008860
68957459
69000288
69791079
70256824
70338373
67762588
70048816
68894057
74453691
75363604
69429496
69064623
68583892
72376339
70058510
71798778
70251684
69220320
68630083
68651935
69280578
68581703
70302912
69490032
69885753
70131254
68959973
69326287
69447818
68620611
78607472
74634487
68705421
69779391
69887089
69365551
76092552
69775556
69703970
69090082
68787421
68812017
68605918
69177054
70112355
72733011
68890039
74443375
68831789
