241693590
121774664
84333478
79325691
67581606
67614931
67619840
68126360
67966320
67454275
67582647
67509014
67505172
62584443
67971651
67564077
67516907
67624157
67561521
67766384
67534857
67272479
67590418
71894550
67623648
67877149
67850154
73368420
67438111
67555268
67340731
67662982
67687149
72692155
69393973
68899091
68808737
69357348
69392610
69224829
69137937
68955483
69357503
75606472
69374743
69173041
77871782
69603071
69245338
69038090
69225817
69050467
69122978
70830197
69110251
69312596
68981309
69325803
68922896
69509383
68928310
69383495
69164182
73856683
69406367
69362048
69988003
70916788
69714727
70806903
68997428
68964908
68876496
75333031
69072396
69100016
69283544
69113696
69432180
69822349
69073947
69457265
69017528
73583245
69184780
69291211
69240400
69585558
75465293
71355541
70860917
71286030
71171370
75204406
73609240
71714376
76867759
71161065
71203688
71599704
71432763
71399203
70927660
81311112
71353756
71220153
71346251
71503255
70329128
71184667
71625097
71186231
71100264
73467646
71269134
71640796
71692551
71672662
71451210
71154846
71072702
71229564
76671520
74645681
76854843
71326155
70933257
70993169
71708117
71536528
71040267
71261793
71420972
74454718
71607385
71020447
71727259
71143835
70887527
72177126
71316479
76965933
70925581
80973232
71311475
71206749
71167650
71040814
71306668
71924924
71295061
71241714
71438817
68149805
71196306
71897440
71356996
71051819
72262430
71006265
71093357
72057927
71075614
75024948
71232097
71002521
71091199
71706839
71324817
71033210
71489483
70909084
71023279
78225928
87255188
71224901
71668101
71368282
77488197
71969447
71505247
71581775
72227974
66072438
72027827
71660768
71675538
71402862
71592111
71337730
71586034
71656163
71520363
76503573
71981456
71381092
71660035
71949504
71284943
72101050
71630836
71525531
71735333
83558811
72144895
71604595
71760271
72034757
71870154
71928183
72010327
71754860
71846078
81232964
71662239
71969651
71924407
72230787
71314814
71836740
71723072
71588103
71519191
76461914
71937168
72047164
71982507
71946737
71904302
71938210
72971758
71579578
76997606
74884589
71628288
71704305
71656958
72036507
71338590
71317422
77069033
69203305
71542203
77027065
71141028
71538856
71633091
72415918
71196654
71586578
71928055
71234042
76503959
68771597
71458234
71302684
71352567
81902243
71914058
71461438
72322880
71236484
71340005
75662154
72148778
71374925
72100201
71287158
71916021
71516338
72328630
71458848
71491771
83223882
71434208
71569409
71516499
76720019
71618691
71742235
70633018
71437969
71818364
75389815
71323298
71341307
71493507
71394110
71300469
71077273
71451549
71445418
71491943
77597496
72050232
82552357
77148402
71853298
71223649
71491632
