316742929
199483950
100320954
94110837
97793113
94696121
93719658
93568497
99440986
103594058
94674087
94807582
94442688
93986914
94196763
94207291
93732688
94166152
86907838
94316758
93051729
93203806
93102065
92164446
92471518
93337993
93319676
93001828
84652314
134707471
144124398
109084763
95920856
95478991
95759946
95137969
95667399
95461829
83741388
95897153
94821863
96031726
94821573
95943105
96009591
95653091
95030698
94652338
90256417
96910318
96884984
97775957
97071517
96666861
96855823
96444593
96931048
96590755
91187035
96108031
96763816
97517908
97502583
97662164
97412022
96600390
97481615
97875046
91894817
97359491
97649969
96093871
97299471
96995740
95560081
97740234
97397315
97381756
91893159
95855252
96341817
95870934
97025760
97464085
98884643
95251745
94930080
95590409
87320347
99916953
101139134
100236779
100447698
98649873
96989286
99523391
99607528
99266698
86424470
98097819
96342116
95693916
95490830
95400281
95571779
95988540
96417382
96213837
87637033
96955168
97393616
96895153
96937328
98731531
97779987
97550943
96092731
97235256
90950815
97658130
98094586
97935357
98918006
97709334
94953998
97656116
96200746
96968899
91500919
97921644
98118210
97183234
99206076
97438074
97466654
97183854
97610280
98639219
88998725
97253754
97225761
95986117
96957126
95711507
95339545
96421881
95188695
95642109
86309918
93547103
97450912
97273213
97225588
96923514
97271280
89535658
96735279
96794468
90596579
95248097
97262499
97472960
96968250
96777549
96795582
96695000
96674698
96905554
89835000
95663908
96927025
97138167
96630564
96870000
96867613
96938055
95456561
97443694
88944484
94716375
95292296
94831357
92925078
94445936
94725998
94850536
94737652
94833903
85582192
94325505
94756349
94484120
94606900
93993199
95334880
94723574
95299338
94724638
90805137
94326018
93856816
94086501
93885064
94822063
94791714
94557675
95755987
94674111
88648574
93801204
96300793
97082478
96995012
96858431
95906944
95684826
95633445
95233509
89420038
95415433
96243190
96327547
95097336
95242039
95621562
94182411
94343415
93802971
82741387
94248716
94312656
94414394
94277192
94253715
94062510
96135250
94511385
94303956
90430350
97161967
95960038
94829713
94785395
96106874
97550371
96918055
97306138
96707643
89206837
97318923
97906379
97174983
96939251
97519676
97807032
97162582
96253348
96437624
87555055
96389389
97146348
98030614
92134559
95036214
95673099
95810035
95368951
95456227
91173954
95643479
95316619
96242128
95258892
96424034
95197512
96135542
93278456
95084577
89723266
95236492
88780709
94900951
95178540
96423133
95176509
97089100
95652343
96106605
84552908
95095277
95966875
94451464
94851044
94833008
95104043
97095251
95035913
95030699
88801312
98076844
