313781345
195900783
107939387
96564032
106818800
96043753
95704969
96537578
95079104
106495247
103590980
95550073
90323933
96977560
97557203
96357603
96297219
96277646
88448246
96493107
96135596
96895542
91636462
98412997
88881767
113712900
103282771
95141368
110708497
115482476
122237076
111586468
92496172
97028024
98427155
93472615
98794100
98672610
100180513
98774772
99153791
99423938
96561128
98682083
99433277
98569776
99567243
99720822
98911115
99177475
98464699
98613228
92329528
99896771
100555427
99094983
100343133
98869770
98983116
99812289
98940977
106776142
92824155
98850180
99785248
92876607
98929334
98555730
99340451
100382407
99901687
100117735
95201458
100384032
100470517
100000951
99073690
97905447
98611760
100081662
98507241
99046533
96391014
99060186
99911799
98963175
94356776
98637141
98890788
104501095
97267859
103735513
95208841
96169484
97530185
93492986
95427132
94792391
95921977
95769109
94989867
95467329
90329384
95200986
95932581
95079975
94922797
95006313
94779497
94748826
95106826
95748590
91097585
96121057
98001747
96774535
96183228
96202055
97969329
95487030
97057074
96690604
93965194
96590339
96693243
88328722
96159837
96864675
97017993
97074439
97329711
97381048
91545462
97137859
96818495
97220121
96661169
97257411
97325231
96438589
97274621
98255878
93749432
98863414
101502635
92276402
102099479
101964114
101949863
103027201
103887319
104043668
99395255
103562562
104222620
102234596
103881531
103884676
104789678
104880797
104500035
104545155
97567513
104389303
104361096
104633690
104385576
103912913
103752448
101405709
104164078
104039309
102643983
103931657
104700771
103977862
104024549
103928395
104126541
102039312
109561540
101381069
95175127
101154786
103789378
100387392
102593364
102001391
101931802
101945185
101986655
102248772
96273250
102443612
102146102
101203631
101880963
101653687
101755452
101763121
102479402
100674549
98345943
103911862
104155972
103965311
104255468
104236543
104861285
100362135
101489120
101871389
100386677
100395091
103589305
96012135
103321095
100939031
101990999
102007735
102048005
102379264
98057872
103109824
103302490
102745928
102927825
102136471
102983698
102969527
102621988
102802584
99968266
102709248
102821494
102834304
102968401
102596577
101532033
104515703
107629114
107006352
104788219
104620095
95533028
106504074
108855832
109123357
108704692
106676638
106851947
107482501
104688694
109289472
94492937
108950384
109076292
109473221
106088700
107780037
107755324
107220818
103422086
104402851
104601211
103980228
102029856
102998850
103500473
107734759
103327969
104211221
101490703
103239704
107327081
108375120
107906970
107356622
107825100
107697450
107818195
107615933
104205873
105638977
102479423
105990254
106054146
106158542
106168961
105383418
106449736
105930613
97514072
103788000
103695487
103888319
105375282
105031528
104955761
104420686
