301434320
195168643
102765090
95718990
102139637
88055264
95160225
92228531
95464004
95982670
92012612
95907864
95327577
95353437
94591066
80460841
94600380
97027020
83673719
96087927
94575341
95102454
96375518
95021743
96164059
86489582
94675344
94501585
95524263
108812868
136890866
118542404
107507137
102989331
95973096
84172077
95706389
90912176
95639903
96231386
95822833
94860770
96238947
94864343
94283817
88506685
94642513
95335629
91725948
95223540
95433911
96340550
97481815
94416172
95428266
91206250
98774539
95578748
98331886
99576667
102299197
101895946
101224887
101725791
101620541
92010295
102106884
101541164
100700684
101427454
102139269
102184751
102218979
101337576
101213346
87895487
102193001
100009407
92632457
101602653
102090443
101117405
101807970
101749084
102605759
94540551
100589443
99399207
102392649
96640423
102062177
95049462
95834146
94940784
95665974
87214625
98257470
98971691
96862003
96979840
97087021
96782890
98413118
97950425
97901726
90392844
97713977
94687063
88873844
98232257
99065442
97398315
97650193
97950944
98746727
89765361
97127421
91613295
96901779
95790033
99398535
99137413
98202706
98873159
99169311
89071461
99007728
92419303
99016549
98550327
97370113
92208135
99519723
99316233
97392941
84576219
97608888
94039247
86309803
98996232
97924248
97877660
97805587
100240841
98833834
87279877
100293986
99486243
99790933
99964821
96298061
96430429
96584667
97031761
95896114
87096714
95972059
96747604
97837882
97987130
97944623
97179625
97895655
104607884
102732067
88795992
95445819
92968348
87853401
96441375
96198576
95834227
93196171
95962381
96425507
84993905
95895220
95471537
95495892
96307934
95104124
96943151
96280530
97111222
96032873
87433326
95964562
90855918
95451935
95758948
96108847
95885711
96168018
96077412
95834623
89211916
95658592
94743592
89789745
96986894
96369962
96214137
96186267
96215991
96018990
83700462
95680637
94870861
96254196
98695337
95587683
94964516
95364011
94994307
95813415
90678002
93981063
95919298
95356324
95640338
95113067
95416263
95327511
95586370
95791736
92239841
96324450
93701998
91139117
95497491
95653848
95532737
96325058
95616217
95966028
88880556
96447440
94296023
96638387
96881770
93452516
99578914
92956065
94796432
92462911
86648204
82392550
92270976
92557875
92335326
92702726
92171465
88224022
82039834
92551124
86874482
95865745
93216216
86670155
94426751
94687081
94223107
94922271
93897966
94495407
82791622
93997628
91118682
94089245
96897957
94455935
94243367
94548660
94640335
94801150
93648823
94551904
91444110
94200409
94548699
94580196
94522673
94518590
94328421
94509599
85742377
94182811
90545710
89027821
95410670
95546103
94784576
94381571
94639338
94167511
86710649
94379099
93641077
93908800
94697204
