614227077
744372553
96638596
93113903
95742524
90284713
100288299
104143866
103585513
103129462
103170264
102795082
101361004
102770793
91025472
94155099
103808415
102527914
97112509
100241210
100100880
100455050
100331783
97417994
97607578
93368701
98867977
97299109
94511074
97711079
97606534
97335261
97620708
97507705
97521135
82080473
98290763
97976362
97189147
97383496
97362668
97296718
97941112
98149915
97653576
87627738
97477772
97412915
97389445
98723912
99533076
99820832
98928069
99359327
99114764
95519598
100267367
98982374
81804292
98888109
98679576
99082850
99367437
99812675
99269526
90695443
99095222
99319801
91435885
99241565
99206807
100187670
99479697
99061604
99073037
84384508
99156665
99795159
97368133
101315417
101664274
101537941
101373033
101134518
101186448
87862981
101651335
102461907
91661813
101521478
101329195
101650276
101719120
92527672
101952459
93718215
101727839
101496596
100998430
101398441
101881849
101136115
101437700
101651827
103333520
93961508
102489548
98255568
102572159
101175328
102427807
101646579
101507983
101133190
101627716
97438315
101899228
101828956
88027406
101445799
102370651
101463188
101664124
101287110
101292672
83201621
101096096
101679252
101425040
101256382
101398583
101736721
100989750
101288183
101254653
94508501
101258406
101398938
98503786
101649804
101694196
101997882
102820030
101338424
101815394
88853722
101094680
101947266
89060650
100907443
101473771
101522681
101252397
101386320
101337186
91983520
100857430
101189660
100610142
100743099
100910284
101090939
101424559
100734585
101011832
91816043
101021604
100707182
101000050
100781150
101050068
100972640
101548245
101083236
100728549
97596435
101224421
101012103
81976229
100839964
100695255
101005640
101174397
100743843
101239320
90753540
101139345
100975905
101363147
100907681
101651841
100974558
101955603
101038824
101010035
90575764
100963711
100705207
96353872
100536389
100854788
100843920
101460138
100852842
101184202
86175103
101038730
100943818
87604777
101112702
101228609
101614091
101752315
101278010
101886801
85428051
101604039
101682035
100944505
96249545
101166330
100675898
101143199
100813585
101018039
98113603
101575890
101010634
101285935
101218709
99994027
101332637
101421749
100776848
101029967
94186829
103592328
103452577
92828049
103125477
104053960
103807488
104391517
103822145
103988028
99367263
103803530
103345278
103631916
103561527
103960887
103670918
104453307
103991043
103714694
94878650
103882673
105180475
104433317
103544610
104004486
104427403
104039571
103430364
103618058
97951304
103866200
103872524
98513729
103696016
103966110
103715226
104422022
103774256
103761843
99506025
103969970
103619205
103899858
106597919
103889949
103728363
104061259
104507920
103725441
103139742
104079840
103752251
103670504
103219323
103461216
104836091
103955711
103670441
103720313
91102098
103748150
103774624
100163162
103626331
