717677576
673502196
100306940
95416486
98722444
101167771
100951019
96670921
96585430
100480619
96751271
98222439
97498944
100557132
96379502
97105095
103131839
100537686
103052689
105114251
103717257
98757558
110977388
99656567
103365519
103514773
104941706
106803255
104899198
108238507
94724603
96598369
108553455
96586364
101743968
96764797
96315561
104759522
96608363
96784019
102252385
96763208
98435611
99982464
89869219
96862442
96791131
102733238
99233403
104347711
98850359
99119721
106421143
98839889
99876867
103064657
99205977
106415239
106056722
106913472
106501526
105030474
106609138
101622712
102101074
102227950
105719826
106510787
102501882
104141993
102143409
99642898
103387481
99267263
99504272
99642142
99286542
103610827
95686865
198724620
99417709
98947720
103287259
98956086
99103280
99247833
99446930
102522655
99117635
100432098
99524229
115011022
106274755
99132795
99066135
99444714
118280593
102198549
102334030
99406688
103152399
103342245
106060738
103300679
96762587
93397919
100264542
106416424
102085428
71680982
99825350
99732266
104338884
99230612
90832484
96259698
96769761
98504243
92650681
98648774
99133538
98463673
105730253
98777678
102267021
96494903
84322136
96793001
101152160
178565055
95875500
99948857
100208935
88549619
96221683
97547739
91949521
102730937
84667497
84649057
87928194
85190750
82489326
83735121
88116124
84617400
85933705
91350788
83987911
87770107
77278227
87163856
90121366
88796232
88779261
84487970
86916437
102198699
102420285
100165390
102770818
102672706
103905814
98681880
99268788
98687748
99820057
102434354
100057301
101303381
91136520
93695743
88490757
94896626
102407110
101776418
102458005
103024461
98330462
99209099
98473825
98988824
103942509
102132234
92898721
98763434
104322771
101771903
102291081
109365244
103260483
102451008
107560992
100871644
84652036
84343199
98810191
100599817
102510793
98682102
102611282
93117829
102576700
102251407
103612356
103158870
84520866
106955063
102241279
101540489
100563408
100155312
102050051
104148225
101618253
102073616
98806004
104935793
104173008
196702140
101241695
99822850
106711379
100869238
104011592
100297707
98524902
107175587
101054846
105384817
99480933
102880798
110314520
105246095
99615645
104068331
101808607
107721856
102177739
106009274
102593061
105254281
108724355
102833661
110125149
107630527
105258246
105825054
108597030
109203674
108329692
108501417
114925508
107136469
107096205
121781219
89429335
123083185
106526511
114478878
101106229
106047769
105741848
99441646
99048683
120504351
106898386
108093213
102253516
102435022
94387891
122111102
108566507
104479899
108272245
126269390
104733894
109499275
106027872
99694391
101758826
105984637
103682031
101511839
105319329
105732885
104483289
111242638
102238172
102935293
101793181
101690544
108991762
106306194
101793173
122913774
98714823
118733724
102710345
103335030
