333683633
203080660
143350755
108682441
110479136
111353251
108273713
100662991
100955906
101359416
100590615
101050705
101211793
99838593
101567711
96805518
102429539
102140772
101880987
101880120
102793214
101278992
100693959
100720796
91091104
93916997
99459650
99568592
100317343
110477543
113736035
108318718
101082546
101870804
100432419
95142259
100444507
100593488
100783189
99989118
100488056
100533387
102586282
102605913
100555591
98184764
101995043
100684546
101795852
101844201
101669286
101492559
100773208
101359769
101211323
96894204
100464972
100026132
101681698
114437946
107774913
100898560
101489228
100644296
100150409
97325945
100849362
100372309
100292305
101019382
101517210
101273713
102741832
104551777
104583487
93464235
104852155
104582294
104390713
104741540
104726258
104299662
104176718
104176008
95124796
103706812
104163940
104746638
104726520
103197777
101958113
102523433
102959776
102574478
103325610
95276859
102089627
96206297
102176032
102216666
101412628
101958219
103064680
102964909
101650769
101015696
103222218
102270344
101982556
102113807
102095193
103167943
101713366
101984090
103140094
97580154
103059287
101491839
102984503
98561993
100110647
100218158
101167466
100151939
99970597
100617437
102032560
100918151
100567845
101413819
100351392
101319171
101749338
101059624
101175343
97529663
100796946
101292549
100648652
101195526
101237935
101074199
101886557
101720407
101090003
99641952
100508962
100878523
101600337
103699335
104792141
105070366
105384047
105038283
104981272
103631992
105354981
105072579
105411128
105327206
105074380
104816665
104994846
104585665
103395530
102916591
104480825
104774060
104992859
104404546
104927481
104936906
106850689
106435700
105870404
94881865
106883602
104605500
104662004
104960887
106222938
105551319
105382183
105291607
104819494
102834385
104913851
105454528
104424890
105669257
104947606
104854354
105271937
106318922
104984182
98383710
104837751
105282253
106012126
105392721
104616429
105473222
104169660
104879396
105059853
103249112
104754561
104720530
103752243
102073132
105759980
105701301
105220999
105473349
104893769
101742177
104990160
105108297
98202110
104901651
104453736
105395711
105473899
105225543
106466581
105324485
105788799
106216376
106629302
106661647
106526030
105128644
105160097
104717976
105058833
98506654
105191769
96015177
105555714
104190356
105278617
106572277
105332589
106215842
105200337
100981794
104871524
104906435
104790476
105124861
104781214
104224046
104838346
106120633
105694593
103662747
104901626
105096777
105815284
105332395
104989222
104682485
104031311
111730781
104735845
102204403
106634368
107201002
108002587
113591263
107848145
107904539
107851447
107409304
107524719
105004855
108013949
106207131
106125812
106263311
106602178
105977383
106190012
106225020
106131947
102575598
106361035
105944520
105893781
106090690
105727892
106044936
105650469
106246674
106066458
100116654
105738520
106297057
106149565
108922213
