240428996
133665275
90089677
69072576
73196486
67179272
67533007
67205636
67362441
67683760
67289041
67149259
68534434
68129926
67151017
60961021
67309098
66974263
67043046
67545984
68468620
67430048
68059597
67311837
67071504
65510128
67219157
67308021
76519498
67736905
67529816
67191394
67403882
67385901
67321703
67264732
67945413
67281168
67422709
67636337
67424585
72699983
67364636
67462675
67468802
75933945
67261677
67214350
64923733
67419300
68455528
68211932
68421551
73331139
67553211
69398409
67654036
67637604
68913626
67509275
67557920
83204461
67695253
67583671
67456942
67330715
67591813
67441708
67527605
67781796
67696581
67391400
67217835
67503501
67568811
66320493
67769973
67691167
68876575
67426021
67422283
67530298
67685733
67663332
67210367
67759285
67722907
67439002
68988451
67638365
67843330
67736319
67468464
67748221
67478383
65177619
67199380
67048042
67437864
67656553
67497527
67423643
67520952
67367598
67307092
70836047
67132372
67269147
67372945
67390847
67333893
67186197
67199889
67305774
67355604
67543172
67208544
67401164
71799476
67248977
67116591
67273844
69658276
67393136
67138285
66932871
67004026
67193572
67232867
67128644
67143337
67126704
68610831
67235226
65546663
76429136
67300582
66889603
66932636
66728668
67042006
67318165
67115221
67196983
66992421
75786146
66951782
67303024
67123839
67511746
67374833
67262724
67078883
67975490
67117735
68747736
67337793
68445883
67622499
67805938
67248734
67360788
67090568
66579440
66935046
71862725
67115928
67094063
68518984
68670648
68509369
68150380
78344550
67995134
68197748
68546430
69097741
68269209
65302155
67996141
68152010
73709788
68395062
68328175
73890661
64945720
68300590
67301991
72923665
67817042
67339913
67126362
67422566
67439900
67620271
71178520
67461445
67417619
67612024
67421170
67510763
67367998
67195095
73045247
67213579
65660642
72740989
67590925
64052098
67576492
85056592
67610005
67363904
67699126
67580528
65934322
67452019
67342080
67339339
67170037
66945761
67601609
67179596
67570752
67090614
67084994
72724265
67225166
66500727
73561587
67591030
67392276
68605757
68444921
69345286
74318126
69203733
68145739
59039323
68145589
68362145
67764317
67073114
67246984
68833619
67469034
67362061
67193339
67184992
67176815
67425625
67332475
67374892
67448074
67334784
67778211
72828714
67261023
67347203
67724985
67297397
67306298
72964286
67412896
67521925
77218002
72918199
67353951
77840524
67548978
67225111
72908494
67677631
67538054
81572106
67386204
67651721
67214347
67203138
67245284
67055731
67660462
67376121
67514636
67024884
67429826
67465548
67954875
72793763
67223058
67620746
67418620
67311612
68115779
67322006
71519814
67408690
67601480
70375732
67420434
