323389678
200866169
102897188
94503122
95108196
101438667
102730784
95288938
93575547
95029824
115443140
110853252
94969758
94251814
94402589
93911884
94095200
94303188
94636485
96561013
96859634
97344145
96462227
97001380
96235442
96403341
96431229
97155790
96273591
110192857
123652833
111277075
98761336
96256674
98708579
99269960
99015682
98746305
98071084
99116735
98385454
96881841
96972753
96649690
96956178
97464503
96984006
97104332
96915988
96300126
97052376
96759710
97231388
110786591
108456608
101022413
100883822
98467228
98509709
95711277
104514081
98929453
98947186
99253076
97515301
98017600
96879939
96821918
99089313
96400385
97344518
98001960
96356121
96165131
95392764
94670816
96354874
97017202
99092323
99392976
99864296
98997426
99634584
92883730
99530207
100033793
99034941
100900145
96145237
99589022
97529143
97319900
98781458
99979675
97876300
97704374
97964128
97956705
98413032
97959304
98865699
98240920
97547472
98615152
98041286
97650979
97214133
98799343
96382003
99562749
97830354
98543787
98661708
95069507
101188449
100661127
99986945
98807026
100070520
101266617
99478234
98936634
99044267
100115998
99324679
99100583
98816114
98566649
97340035
98438745
98101531
98967531
97620543
100526324
98621067
99208844
98980494
98618674
95951091
100521664
100770455
100702454
101291111
101656853
101510085
100989243
100423344
98909643
101185690
98336019
99254520
100859371
100779750
102906232
93597578
101662463
101931245
100478930
100425428
100954186
101743125
101181868
101271753
102768328
101966251
101824416
101360843
101870335
101187272
101998595
101765099
101664536
99797392
104025520
100580179
100502270
100308876
100998854
101293245
101514662
97887478
98086710
97837892
99670588
98236741
97359842
97859986
97542112
98240075
98756888
97251195
99060137
97929326
99713148
97980380
98798216
98157098
97030155
97711888
98137933
97023326
98832277
98109570
98223277
98731744
97922407
100010755
100495910
99252182
102724001
101401431
102454186
101529902
106278288
106881720
104051729
103755259
104284038
101566231
103513449
103288387
104211388
104460960
104750203
104012645
105354167
105182947
105372430
104198841
103689706
103282724
103605328
104095329
104875949
102426191
103937998
104124012
104695211
103046684
100236824
103970452
103964511
104078000
103681136
103907042
100709465
100729554
100635181
97060618
101809262
100342577
100420230
101435223
101545947
101721309
101598172
101662700
101747980
101738880
101476972
102694096
102681234
102539425
101900713
97492221
98962382
100500962
98475835
100499581
95830573
100490679
98980284
100100200
89497144
100680967
97800096
99282467
100489348
99747579
100002683
100601966
100763724
101023375
102599132
100523881
101264117
101233104
101203666
100135857
100651456
100706946
100847644
101594253
102642322
101407838
101050491
101176722
101151764
100383316
102142771
