247779249
124217462
85298586
79692805
67518990
68143903
68287883
68183290
73704582
67897444
67962332
68376954
67778399
85360560
68375292
67801292
67791757
65926730
67655359
68055484
73039808
67874697
68004818
78926312
68121995
67820134
67926360
68652488
68139262
67988946
67680609
68053791
68086850
87372057
68329388
67790646
68309383
73797575
68083740
68171777
68139257
68167177
68268307
79664877
67768410
68019541
67947614
67938385
68247882
68078984
68299208
67865132
67914136
81207922
79210182
68299117
68019819
67897054
68002970
67942897
67833532
67926606
68055798
71056822
67784246
67922191
67753937
68116212
67988983
68155511
67929273
67796000
68031607
92949883
67782420
68099649
67939805
68179810
67804429
68642080
67862755
68220476
68137388
82195462
68186567
68292756
68194177
68083025
69238809
68037940
68087316
68039544
77722971
72122582
67568903
68086379
68081493
73626450
68175101
72856360
67998449
68293054
68354974
87332191
68095605
58390222
67758152
67917736
68308840
68455572
67981307
68310421
68215363
93179256
68282579
68316286
67940055
68164134
68162524
68301115
68263908
68075335
68270356
68886633
68275926
68166144
67904055
73899081
68392917
67874128
68286372
68244593
68128448
87034003
68274743
68281283
68351460
68255278
68158430
68047100
68125257
70094688
67976362
63127746
68349531
68355827
69950518
68227644
67883939
68038244
73200507
69245808
68978475
75575674
70816652
70615080
71453804
70758781
70473971
70555714
70317003
70857143
70837017
87800877
70741711
70559095
70823698
70723208
70450234
70587699
70803675
70529622
70841444
74768381
70479974
70745239
70331411
71156755
70699549
75772651
70435565
70584400
70940969
76653390
70501838
70296230
70601487
70757186
70437288
70616482
70815038
70917880
76169975
84689824
70368121
70899289
70714155
70656491
70279584
70309247
70620224
70433834
70616721
83149577
70303574
70360666
70368000
70569035
70111625
70614974
70566332
70185776
69896714
70310582
70337846
70223627
75898859
75674790
70499353
70495436
75154449
76113400
70323765
76867056
70477656
70635812
70391245
70934449
70713794
66708197
70734512
70713043
70697897
88002310
70606650
71162194
71087541
70512330
70614711
71025235
70608960
70828777
70829852
61785465
70825991
70675078
70805587
70731419
70776539
70885631
90194284
70881201
70808778
81193213
72469055
72614110
72395883
73641027
73248274
72895945
72829000
72180631
72462578
82623678
72286548
72722299
72755834
72268250
72779687
75050913
77660884
72158859
72512583
85823664
72544223
72587313
72958977
72391959
72474241
72552948
72593792
73345601
72652516
74228519
72087226
72790319
72253088
72399822
72188526
72251316
72176442
71969466
72602878
75652443
72153545
72135941
72054172
72363273
72089996
72321525
