325088485
204812051
128109843
94630878
97934595
99217304
97792941
98409026
98095942
97651736
96675921
95889877
96905877
95941370
97013470
95946572
96173722
110282823
105298106
98371425
96531469
96429895
96785691
91500663
98160337
96702162
92569364
97050563
97653818
148138277
130942297
105270213
95666968
93110166
95638875
95840730
95887516
95429005
95816605
95298476
89133164
95107186
95353161
94931811
95544908
95508686
95105494
95359996
95959585
96210654
95910941
96906668
95904514
95819000
95136442
95194240
102622782
94816578
96895770
97902695
96283020
95845940
94945696
89244443
96037552
95674081
95226319
95882578
95960429
95365691
95303706
96422003
94610335
92057773
95882960
92665554
95421138
95526580
94890206
95574606
95657050
96414975
95684075
93004551
94430939
95851522
95461339
96866618
96640999
97629368
97399651
98605637
98189341
96467913
99861834
99353837
101462045
98600352
97643755
98802702
97466206
98652139
97233477
93744333
98354470
98154821
96772270
98884251
97316278
100236317
98643626
99783335
100146520
95115647
99785056
100812255
95902069
102187720
99964127
97543017
97775707
97386213
96777010
94335985
98311570
97922025
96532646
97597778
96385475
97584979
96235522
96604532
96150361
94937741
96248205
97035599
96531627
96321427
97526822
96632408
96683155
96596352
96348793
96768253
97645316
96789584
95395918
96179236
97091022
97638243
96390514
96638367
96851951
93486776
97168681
96918568
97328472
96369992
97424184
96383227
96877992
96664026
95830779
94893317
97117348
96393870
96465267
96579040
96651793
97268656
96330366
95904766
96737373
96106938
95159107
94949507
94887102
95060335
95084409
97998076
97730116
96439622
96320136
95635230
98046075
98401207
98533513
98935132
98769923
98800205
97413084
92983528
97495562
95238978
96457114
96524794
93352689
96251458
96663522
96703884
97512056
98278044
99351163
97896234
98398795
99311323
94233455
98489784
98132032
99547261
98395141
98422459
98070064
97742818
100186717
100075111
99439515
100668381
99048166
98376604
98318346
98974592
97435209
97320982
97828977
97710206
97288912
98844374
98296037
97882698
97867196
98884638
98484510
93915735
97430774
97572760
95344882
100002313
97426430
97925013
97228838
96935860
96933417
95064970
96758841
96406894
97073883
98016704
97079623
97138379
97701599
96784182
97320971
96523619
98379071
96898010
96970534
98275472
96803173
97799591
96978646
96569988
98174103
97177107
96954136
97441469
96110550
91993162
97446659
98927717
100266908
100343266
98037888
78955494
91052082
91830283
86388527
101391120
93788157
95127446
80676011
91528886
84450736
78941232
95340315
87281084
95099797
99584622
83746650
79843121
98981655
97978017
82651291
85106993
66494097
77847532
80287569
98546562
100675137
107275476
