236124678
124505321
91509587
76317276
67925432
67768684
68051898
67918394
67861005
68032446
67934468
68120136
73789510
69840553
69951324
70714168
69787354
69468679
69202405
69098483
75084095
69795993
72562606
69884583
69496223
69407575
69686375
69262241
69430260
71102171
70142483
69857039
67417984
69543604
69149677
69740029
69715498
69496291
69551125
69811719
69741129
69844651
75494335
69723085
69662846
68738250
69800258
70025255
69481592
69523536
69784764
69720928
74682125
69249694
69739754
69411671
69892312
69413651
69833591
69682665
69814026
69226892
74040455
69225501
69227022
69113114
69697442
70311024
75274383
69682759
69629233
75245497
70012723
69662468
69514650
70315471
69844208
70004951
69407716
69720264
69459382
69776441
79460626
69494147
69883160
69340443
69473887
69622752
69304982
69909536
77169917
69943415
68936504
69464897
69307940
69423662
69556583
68979035
69559496
72457333
69522346
70129943
69846170
69488598
69446817
70844363
69310647
70421625
70052508
69731506
70183360
70006354
69450690
75104669
69932389
70051242
69796648
69838288
70122197
69733291
70224684
70499231
65220161
70137149
69638432
71291222
75856303
70030477
70160444
74691040
70175875
70191278
68103726
69544620
70710349
67293859
69482836
70095943
69617226
69955118
69892265
70760911
75265147
70344715
70460147
70314491
70068405
70514752
69943463
70313365
69921774
70420034
69688301
70290638
69647197
69692364
69540451
69862364
70208844
69843352
70575218
69925769
69436980
69868150
69921708
70767448
70252562
70132738
75048532
69767975
74974288
69706594
74244879
69802891
74162363
69492489
69844517
69800740
69640220
69772295
71059093
70455740
70161725
70307023
70288865
70354157
70543715
69533591
70216707
69669555
69609650
70428152
71228506
69768922
69795522
70619370
69330493
62972506
69684063
75570173
70234233
69807433
68237138
69322182
69489707
69234331
69712097
70105236
69487589
69484008
69393704
69291892
69515371
69607822
69188507
69742830
69760778
69804122
69783208
69324142
70081868
70389064
73359430
69423172
69356607
69186703
69490501
69932501
69674037
69593899
69592041
74171368
70028618
70066908
70244220
70704594
70590561
69751241
69622936
69600133
69768895
69945413
74687024
71364716
70272793
71152019
72070101
73396878
73032542
73099463
76586528
73727961
72881652
73947179
72746447
73749460
73289218
81029140
72829701
73209476
73162661
73344307
73169964
72338343
72313273
72576701
72508384
72653032
72720215
72381156
72897378
72562841
83311188
69134324
73778466
72787641
71261175
73810089
72032304
72196634
72732504
79208463
89872314
72101320
72307439
73068226
72471860
72641755
72519661
72026747
72358264
72264056
77399887
72618973
71462989
81201876
71852859
77862989
71953885
72228224
