235356665
132458838
89949208
63045252
67270356
63369219
67843413
67711759
69447466
67205302
67464526
67428124
60623160
67207352
67246608
79348586
67617045
67754445
67522450
67277976
77317999
67592491
67538941
67541362
67672930
66968024
67525035
67287966
67592655
67210372
67713422
66665193
67079566
67475788
67174800
72241587
69884469
70269830
88315240
69690076
70434180
70367996
70215278
69346210
70301907
89117677
70155783
69822553
69648783
69744449
70396623
69728696
70005672
69748164
69735566
85520866
69668137
70314520
75188729
69611845
71040348
69365980
69627048
69634563
69394975
71740136
70274005
69979492
82321777
69589485
69936500
69601542
74151733
69643070
69219870
93404859
69747114
65475352
69995915
69846805
71060999
69662332
69840391
69964964
70082607
69226252
70067201
69877224
69789026
69889409
70564982
69583225
70631307
70152293
69647214
81206141
70079665
69734419
74171710
69920190
69949749
69527635
69817974
74582688
75323842
69095834
70098447
70048677
70020693
69912798
70250162
69920261
70295166
69638642
70006562
82913045
76034937
70186709
67162991
69953346
70452806
69884535
74852856
70139626
69778290
84362014
70496320
70103780
73875320
75418050
70970029
70185422
70105315
75268446
69957501
74739490
69790641
60471598
69742831
69965238
70726500
69644720
69918579
69777285
70362598
77976538
69927935
70350937
70412597
69768436
71377019
70531270
69899806
69964686
69981815
73553383
69858074
69987281
63174715
70063245
70676026
69718921
70202347
69642519
69767271
72288028
70353059
68142856
70273670
70311696
70007375
69889855
69879872
69957270
70043618
78276488
69948445
76916161
78464923
70199739
70695053
70071862
70640633
69771699
69896037
71802811
69701830
70078166
70497551
69812390
70535984
69645107
70296491
69969120
69760144
75403026
69756302
69738911
69777756
75861258
75366337
69803540
69591918
70169648
69810014
71307136
69592102
69821384
70167958
69700209
70015612
70056396
75062991
70523218
69906257
69426074
69925390
69728789
73108141
69610874
70247817
70207702
70055236
69763042
69442157
82462787
69992071
69961374
69809920
69835704
70077222
69852719
69833286
69715934
69989876
92305555
70291870
70418257
67597208
69644592
75536712
75909811
70511148
69720231
70180055
74455134
69728675
80373070
63160885
70239466
70195446
70100785
70353302
70098314
70438754
79415097
69879760
70222213
76240446
69602286
70049241
70190859
70654225
70116671
75141140
73261358
70724613
74362655
70271870
70105936
70197837
70349717
70377960
70032065
69753774
66125744
70752271
70382993
77243876
69779592
70152353
70032211
70266191
69979842
74857370
71499716
70220863
70462098
70036871
69841246
71007715
69831228
70274842
69830313
69746217
75352826
69891132
70410729
74852525
69672022
