309632069
203786612
115496321
98502925
106124133
97398016
98970757
98085123
97702586
98947023
99427661
99182531
95808305
99200040
98918351
98332215
98554176
96396477
97563289
96170138
97293860
97212303
97450983
105645128
96209692
96033825
96455636
96083620
95836516
123826363
104742488
96964690
94262428
97862443
97308779
97903376
95627644
97356126
97453811
97618753
96774827
97856657
97528535
97050898
97233954
97196691
97544179
96944367
95488131
95747558
100360275
95992980
86531604
97716705
93127824
95998578
97721100
95682656
95994675
97559287
128895215
121363916
98293482
98300275
98461192
98596579
97630640
98955813
98329860
96830287
97780209
96435206
96459319
98477661
98462031
95317392
97099763
98772444
96841079
98259287
96639203
95860804
92143927
97189953
95850047
98899179
96416473
98332556
98160476
98360223
97875311
96863052
94951787
98409975
97035653
97169359
96861572
96721373
97091918
96901878
98446409
95066390
93840372
96714658
95806513
98479915
96366457
98468787
96370980
95627017
97807227
95568280
92496766
97173032
97183465
97999405
97778763
97718585
98473932
108325676
105625451
97821292
93831958
98818277
97828171
97657498
97368535
74077791
97463071
99853586
99028400
99090914
98906413
98842183
98866042
98239872
98226965
98022216
97045583
98724945
99664369
99183656
96517493
98127316
98168285
98883145
98137332
98614787
97945126
99881483
97986594
97994821
98410469
98033254
97866119
97677604
98568610
97739414
99695268
100655335
97360991
99617583
92711255
98796152
98959074
98542173
99403058
99329451
98377416
98927556
99378168
99797285
97109620
96305999
99792806
99389661
99879515
99144509
98625378
98338810
97917815
106736640
93113384
97803241
98353591
98036744
98264593
98441154
98000523
98536810
98024214
98523291
97128723
97947484
98633526
98236505
97945071
98120681
97514955
99078437
98764823
98592519
97443600
98299872
98237184
98458464
99138263
97807371
98465032
99320993
99030622
99763684
94172195
98628739
98765391
99241779
99571416
98371244
99123214
97842397
97126919
97478969
92113505
92023230
97114064
97314437
97844255
97490418
98415959
97778527
98012661
98277517
97138935
97858202
97900543
97991523
97708454
97972903
98135854
99166630
98471132
100032331
97629969
98836563
99253552
98626945
98179086
98761663
99156238
98878093
99335903
98653449
96347408
99133271
99450124
99303575
98448630
99225576
99098084
99079498
98403892
99092722
98106194
98689837
99037567
98668928
99265804
99222624
98626503
103349653
101731308
101643663
99153666
101004725
101155026
101286356
100980061
101505143
93031833
100865947
100903077
100614490
97891573
101075997
101079271
101404443
101658856
102149126
101609620
100780887
101445907
101580500
102034334
102180935
96628929
102387610
102007395
101757382
101955922
102959670
