229821635
105202121
71987621
68973538
71975820
79363446
67164713
67270816
67144618
67991613
66643806
67959110
75342884
67332999
79464131
67334400
67318462
67034151
67449024
67450468
67312767
67421652
76199133
67010204
67672961
67464283
67956178
67383608
67512780
65820235
67258307
67599219
78320192
67292041
67279218
72385747
75348458
68652477
71115914
75067378
69535938
74852341
78582080
69388341
69647803
69395732
69752702
69664018
69853039
69848268
69472508
70482640
83183856
70406222
69442215
69528163
69776518
69523605
69346106
68962422
70086484
69758375
74491407
70016119
69351104
65072925
69458391
70215336
70242840
74821326
69431817
70509159
84256365
69424792
69449188
69515281
69405793
75139784
69494775
69800166
69455706
69811958
70642774
71932279
71841964
71638344
72161770
71481448
80440512
72275099
72035876
71658978
85924583
71634072
72136805
75131233
71611219
72044205
72411087
76390956
71866324
76894602
96095536
77627987
72042335
76869872
77647192
78236255
72690968
73251752
78326284
73154748
75663830
73278229
73122982
72953070
72991829
73028808
72163722
77965491
72763047
72160770
76275890
72108839
71747602
83581636
72055185
71976360
72413377
71927052
71953623
71767204
83189326
72656043
72335476
83602594
72270357
72291696
72479847
71676492
72607996
71925010
89168228
82635664
71853264
72994824
72408882
74379933
72717532
72917973
72559781
72951251
86498945
72712109
73201081
89812010
72608297
78158044
73372247
72579475
73111787
78069156
78831678
72539725
72704104
73004789
73863070
72686258
73287645
72952452
73073099
73047533
91727393
72507527
72558042
72885432
72888836
72634049
72635776
72932400
72842312
72903584
100184550
72882017
72823513
74799765
73052582
73718776
83068224
72862014
72970487
72593021
73131605
73140715
77447309
72484321
72563588
72762054
72732438
72607605
73382355
72856970
88108722
72909254
74249432
72790494
72587551
72845136
72497864
73065163
72854877
72466859
77291797
78573744
72904466
78123302
72485712
72414762
72591514
72822571
72846346
78197641
72560326
72642033
72920442
77854400
73479429
72788817
73411046
72612066
72840392
72608101
77041037
78074534
72588268
73006919
72686988
72696591
72713698
72642704
77890604
72894322
87338224
72659296
79275221
74648766
72748144
72864647
72845037
72736736
73027102
72770329
78495798
72533826
73098842
73138070
77303175
72348084
72983751
72655185
72624780
72868277
83628342
72713570
72564812
83979804
74200890
73916390
73960587
74201654
74170724
74201271
89529330
72553784
72920581
68097635
72396784
72268047
72731131
72286712
72900030
72639570
75812296
72891211
72462020
71249356
81581379
72390929
72583666
72532702
72863542
72466722
87184168
73095691
73439410
72561210
73024340
72314231
72938947
72478038
