324893875
175913755
144215346
98082749
98268258
104031589
96567808
97994799
97768570
98371516
98763111
92946982
98019578
99036295
98526321
98762833
99182606
99241224
97734849
97823496
98471644
93128171
101238831
110931707
105813610
97964242
97547751
97382977
97269864
149677946
112939147
96196506
97602592
95688137
97632325
96739422
98280778
97243264
97923922
96704832
96518033
89751991
97198602
97639759
98083112
104680521
96409928
96835064
96878517
96634899
96916041
98436617
98716183
97315348
97529274
98478928
92059376
99454829
98823796
100455656
111814218
102360615
98879106
98457813
97924290
99027937
97278520
98510556
98633512
98175213
98631106
97559174
97198241
97561538
98430801
98785115
98060641
98491351
98636662
98927294
98121891
98352481
98373264
99370001
98353434
98461037
97110608
97385373
98069206
98784625
102492866
96197749
100539382
100756056
100487272
99029703
100881004
98566925
99701517
99986515
99137766
98322073
99673035
100600401
100090916
100080841
101310323
100378592
101386638
101260702
101107757
98268694
101104061
101175276
99939783
99398784
99978324
99547711
99526986
100897474
100182592
98461738
99446254
99689366
99937910
99965846
99683427
100023942
100204737
100178078
100244175
99054428
99984531
99580422
100303673
99831987
100252834
100055233
100162059
100207318
100556249
96186089
99916083
103493536
100562370
100474449
101909752
100739991
99860954
99121578
98717654
80346066
98119494
78021983
99796147
98764108
101230218
100523868
100010821
100004502
98075571
96976349
100240204
100776997
100087254
101240671
99806645
99110816
100531873
100064778
100096926
97212309
100616743
100412339
100010298
96896197
99219168
99771721
100234237
101761525
98114076
92175009
99404709
98636024
100005140
98509132
98883229
98968917
98344566
97687555
97940934
91959786
98085160
97399231
98645525
97373188
97950677
97725280
97974985
98180633
98633854
91757000
97694733
100111523
98119268
97736198
98982199
93866431
98658119
99156976
99270171
96779115
99363490
98681212
98765295
99803216
100735863
99532603
100197393
99565369
97780999
93311995
96414410
98248285
98485622
100034125
100099909
100295921
99986079
100672582
100249862
99591006
97871057
100196320
100479516
100736632
99623063
99952490
99769028
97744631
98000645
94771708
94556741
94435401
94010993
94509089
94729750
94961673
94178513
94096414
93997876
86795534
93803837
93705414
94379245
94189249
93246778
94030939
93466624
93132018
93657110
93042490
93720511
94940966
93361198
93462460
94301951
93424834
93364485
96046984
99052850
94726660
98411126
100051826
100102594
99318131
100728070
100413074
99720436
100629048
100398401
99877089
100133729
100218353
101980122
100238192
102245388
99664991
99688299
100340210
100089792
98418508
100096811
100552622
100037350
100169390
100479917
100234471
100087414
101787013
