693347051
565776537
100584549
91047816
95587150
96669878
96641958
97307728
96876778
100832536
90443838
100277174
97079877
90144479
97155265
97098900
96572553
97513888
97591352
97630748
91722851
96925651
96390253
96635064
96789131
96934357
96792747
96969217
96870581
97225761
95610643
97023308
96899834
93624490
96817202
97129976
96782951
97019309
96855068
97143883
97158384
96967493
88882892
85243082
97309394
96961650
97477939
97166826
96921442
97527779
97677741
97399434
97246484
96804647
97016279
96765384
96739959
97170816
96813308
97004165
89855660
96819275
96962733
81322809
97098984
97156472
97432173
97352517
98054059
97097791
91785506
96891214
96609100
95923769
97108734
96863606
96958742
97077617
97237294
96902274
93508009
97141954
97012252
96758491
97008588
96976345
96993029
96594161
97009467
97170696
97032047
97130092
97175368
97155072
97016506
97160957
97143553
96988459
97246621
97279637
92950265
85007065
97124716
88397932
96903235
96958215
97059592
97089656
96667157
97190042
91837387
97272079
97375851
97268606
97031853
96731194
97017448
96546657
96964347
96747887
89948594
96844653
97069197
93990705
97189601
97454967
97560596
97661226
96871704
97431892
97108027
97070383
97258190
89010176
96736266
96994026
97645748
98888771
96843374
95502353
93131281
97651326
96922605
97783660
97120676
97248263
96843824
96974930
96956772
97147666
99291594
99295368
99123940
99483571
99022840
98682053
99122970
98914897
100231736
98862401
99903563
99110856
99161578
91940589
99329075
99207402
99090780
99040455
209861886
99007599
92518222
98905099
99101420
99301960
99193535
98863173
99102113
99094352
99046527
99139242
94452791
99386102
98854527
98964002
94616903
101492344
101506877
101573989
101093979
101275790
99280320
98986407
98951052
85705125
99125440
99482336
99040481
99022695
99444630
99219881
92398952
99138626
99194610
98986891
99433357
99069707
99079476
99122774
99165137
98832306
95195693
98963063
98984804
98910190
98810927
99074928
98979654
99139194
99891242
99531159
87223197
99215150
100330397
96076008
99319331
99505241
100215769
99137866
100018225
99084258
97012892
98914473
99339806
99260864
98881257
98798760
99383385
99184304
100084109
99010250
99105983
99243308
99428356
97100558
99202229
98850682
99481799
98992290
100253645
99285042
98756364
99329258
96145742
80914734
98917145
99344524
98975110
100420363
99597612
99199401
90923165
99206802
98981705
98889747
95195343
98821719
99138733
98897645
99340861
99113990
93634897
99364676
98959646
99120399
99170833
99175207
99374138
99000840
99498825
99191678
97918246
95115769
99483969
81994827
99407899
99561541
102462896
99127872
99625050
98993598
87655327
99224082
98937926
98779264
99192114
99351830
99071175
98916829
99673349
99215687
