313202127
200653132
119289486
96330047
93508235
98194952
105609747
98320664
97811837
97785100
98551697
98045743
96941619
97430621
95050977
97781903
98409549
93268713
100194404
100511130
100425411
100544418
101074006
101421502
99909635
112711725
106760403
92376889
100609531
137843441
132872642
107507134
100191563
99314524
96495609
98757644
99471436
98501537
98639875
99684433
98241350
101915653
99779624
101701048
99960278
100083150
100798100
101502174
101119217
100799706
100299828
100988069
96100279
101044181
101166259
101264439
102341569
90955381
100981151
114991117
101240054
101530263
102582352
103174549
97719830
101416006
103501445
102999336
103533697
102943063
101994381
101089486
103383317
103353806
94268714
103028234
102955332
98638474
102515539
103121206
102402550
103358686
102507849
103427710
97653526
102393661
103531428
85826263
101050199
101465392
102889563
102939035
103499959
101464501
103212456
102938816
101499368
103069448
103257809
103753000
101365430
102984979
102165603
104704602
101257817
103015878
103525756
103174589
100224494
103043011
102211478
103198289
102456348
102555647
99015807
103103444
101026070
89789091
101321136
96894871
102124549
101501613
103330265
103569239
102270879
103172942
104001768
103444157
103822361
97854679
103776143
103453622
103376854
102855939
102717366
104750372
104220827
103727450
104887001
104463070
104725387
105051807
104892094
104390577
101880697
105047795
103990751
91184005
104378918
101342337
102672249
104803510
103743651
104417763
104045588
103907509
103769547
103479561
104582209
104237222
103611675
103424070
105170999
104854168
103884754
103963277
103810542
104505948
104568560
104463231
104874102
103575432
104252242
96699030
102338784
104371591
105003107
98842691
103779087
103304427
105929572
103549049
101772905
103432589
98494159
103251490
101822961
101786900
101704455
103064864
102113975
103388829
103428760
103790578
100480651
104107232
102626256
98804732
101867604
101731688
101888477
102945621
102816549
102418007
98393335
101811765
102634294
92015165
102789004
103326963
110397443
101934942
103259054
101975265
102117032
103119823
103331987
102269827
103383546
104922970
102410529
102267626
100010094
101939674
100184123
102579058
101172165
101493818
102592704
101884159
100770194
100202909
101060995
102354835
95014467
102086805
102283103
96312945
102952839
104733560
105398154
105345226
104336272
103647257
101349608
102828926
104269344
105452038
105077749
103700107
104404985
104712093
104697925
103707800
103008281
103769797
104072761
103193194
104470718
103221844
103692012
103726390
104011987
104134534
100447409
103619152
104006926
90682872
105191049
105737015
103677923
103339111
105083849
105396473
101092727
105839281
104419246
104467723
106152520
105224127
107199605
104121160
102919312
104193780
94915929
104034037
103102501
105044573
102993381
104877098
103172976
103102824
103965836
104844053
102125924
104098986
104553453
93764130
102892804
103564547
