239201661
122782715
84752163
79608135
66640074
68103679
68399790
68307687
68638863
68345642
80054696
68351612
68040504
68691725
68259795
68195403
68332306
68170090
68570109
68103337
70470386
68308216
76919037
68143628
68643445
68055160
67976883
68529438
68391790
68087386
71579682
68187965
68165770
72164825
68187379
68274012
68718004
68308728
68334587
68223036
61900439
68228759
68102174
68626638
69482507
68580144
68350404
68330114
68645553
68919016
80834695
68743183
68256015
68357188
68744464
68238855
68231248
68172412
68274143
73970272
72485037
68086737
71745050
66605275
68335763
68256628
68341187
68543517
68000901
68329927
81315318
68480901
67978789
68106661
68205511
68376914
68325438
68483873
69171249
68534247
94590670
68260905
68446655
68126578
73540715
67972735
68368439
68555390
68369818
73697871
86866774
68209780
69006802
83468612
69617229
68242855
68188206
68256847
68160177
68274821
68512173
68666410
67942600
67049455
68966159
67862814
67901091
68209104
74172806
69203542
65259856
68473807
68013292
68059834
68169767
68011647
68072904
68463901
68358595
68453943
80751525
90654517
70029921
78550056
70136102
70352955
75446556
70175437
69961972
70288102
83466743
72713734
72270623
72191364
72504517
72578543
73131679
72612666
73410092
74551811
81613398
72815856
72291288
72579173
72424040
72531051
72863269
78110941
72029350
72626865
86847674
73600910
74175438
70736120
73952921
74175527
73080556
72943687
73860975
73451157
80275236
72107615
78398975
72655932
72303084
72226605
72437272
72167749
74119786
74663253
66012578
73286051
72615495
72280202
72270742
72405661
72070198
77911327
74747965
74375103
87550749
72671210
75226352
83438330
72082258
72209061
72927558
72493728
72868130
72429122
78477992
91570585
72411009
71715994
71986136
72394003
73758233
72372354
79233270
77724470
73030799
74031527
72564502
72298022
72304073
72234125
72636207
72422972
71941067
71986710
76492193
72784950
72840512
76304834
73262345
72478779
72290919
77388868
71946773
71844819
79581029
72649142
72451231
72146018
72011871
71893681
72193044
72031732
72304418
72876437
78277304
72166927
71944518
72333878
72110700
72080041
72521179
72700279
72164223
71913769
80003565
72249669
74419891
81978776
72155774
71973125
72092464
71990577
72192597
73765270
84864694
80913475
72061218
72120149
72312290
72816682
72516106
72442164
71831704
72056992
88496191
72290911
72021518
72147838
72765661
71959470
72532631
72251673
71766596
72208262
81120326
72306400
91294742
87576050
72698811
72033557
72328963
72286136
72124037
72416491
87017093
71933970
72179536
72506782
72075795
72381909
72457259
73858071
73427349
73568368
77945957
72463544
70042444
70059086
69764668
70212873
79780690
70475848
70364138
75197541
