716756857
487417702
84686228
84680573
91017748
97614135
104067991
97041631
97308287
99294611
96654022
91239265
97930100
102016267
100228725
97850606
100366372
100593377
100398272
101582970
96643918
100493716
100497236
97059488
100735967
97062690
97032860
100702723
96800732
101012372
97275082
96687236
100593373
96981361
95668879
97192444
97325063
98094397
97929788
97104137
96904171
97067493
85544093
96816972
97749575
96901900
96724942
97015283
96678126
97402945
97640505
97070033
98393329
98897985
100327616
100637515
97866735
98064977
100711685
97078017
100744688
100670255
98646631
100965713
97110422
97876516
100947231
97581925
96949527
100767952
100769895
102522976
103580930
100697049
103035700
100576696
100469834
100670520
103029054
103122075
100639640
97090964
100644714
100929973
97160779
97418343
100790065
97174730
97820593
97242977
96872522
97258405
97508360
97532510
97393368
99818310
99541777
100511207
98980648
100610016
100510630
100654911
93730463
100028260
100296527
99150165
100357584
98196286
99468061
100782658
99754574
97956908
97021990
94943413
97702540
97244324
100829258
101068961
97948140
101044830
97021925
91526160
100718139
100920649
100534844
100885484
100918017
101077686
97150940
97546763
97559525
97506461
97005137
98558354
96930509
97285325
97998792
97004806
96925704
97486327
97308515
96595950
97028376
97497636
97245717
98033662
96896516
97311560
96753490
96717683
97257216
96557940
89386905
97473061
98049260
97063627
96848849
97242652
97551108
98082689
96904379
97881888
96792735
91315368
97949775
97071033
97754972
96737999
96733308
97066985
97808802
97004180
98009948
96911205
100434112
100624125
97840956
96810380
100634509
100412890
97874690
100787201
100707973
102338754
100763613
100778326
100548134
100976261
97316328
101638515
100777195
97169790
100413545
94170726
96903841
93903199
100617268
97350639
96438220
96936131
96848369
97249840
96988190
98950327
96912368
97264458
100362421
97006679
96516707
96638083
100538730
100365046
96697108
100675623
100656286
100771112
96917281
100862177
100567950
100682775
100418757
100769966
100288164
96354770
101069118
97924756
98288022
100639152
104115854
97648791
104288099
96737462
98143062
100705263
104378222
101070891
104245638
97241509
100706100
97121910
100673611
104366760
97198772
93517260
97518846
104586376
100611290
97371282
97073489
104512039
100691147
97001211
100790037
100226113
100692170
104161150
100542808
107837790
96932956
96912827
97082954
97116069
100392958
100158759
100577093
99872785
96662316
100816807
100708821
100700144
100860493
100487546
100549431
90535223
100946309
100530952
100708623
100480227
100709918
101126938
100845189
100482589
100887284
97215060
100710002
98218640
98211202
97637515
98244352
97954455
97299255
100895227
97395890
97955557
98043448
100788558
97372858
98604118
99714571
100893674
