305426747
198066355
109696532
106780891
111544524
104272955
96816928
107306338
103108076
95268134
94266302
104161496
103342326
111417399
106867248
96916353
96538876
95841098
95747471
95809549
95279719
96066297
99952190
93978277
95389207
94538433
94103284
94900650
94928862
93172862
109133369
104363743
96595242
95124507
94708133
95884037
95666483
96253006
94739329
95539828
95302186
95097814
93562451
94037431
93874874
95002402
99022617
96917502
97195116
95378593
94899824
96000465
95597628
95942648
95528214
96026558
94986467
96097350
95181884
97992297
109754080
105038234
98586534
98751936
97175422
97933050
97667343
97167941
97527807
97842421
96669263
97107964
98432895
97134188
96786500
96244527
96958000
97909731
97046210
97679450
96764098
97048362
97069122
97232763
96969033
97711678
97409488
98291206
98990983
94994555
97137815
96854752
97860934
96718247
95941220
96891117
96574681
96222325
95709198
96783355
96442316
97721215
97792267
96544637
96668155
96306869
97756453
96851458
99149817
99223219
97187003
97184033
97363451
95412178
96809131
96348165
96424950
96567490
96387477
96523075
97789011
97815601
98366946
97696809
96791489
95826092
96736625
95408831
96691279
96197962
96878652
97256976
98173539
97188614
97548081
97451445
96952850
96837643
96873162
97303193
97663713
96072280
97644811
96391656
97497737
97612879
96289067
96650071
97092526
98916886
99950286
108037623
101235149
101312772
100969643
101864446
102121821
101442398
102228615
102189657
101313653
101670758
102513946
101936859
102591974
101878216
101587771
102051388
104827562
101983656
99429346
97548826
99405671
100422488
99063733
100835261
100731301
99544260
100391882
97173352
98814928
100303267
99674022
99472148
99372154
99196353
99646193
96556022
96297979
96032314
95788525
95920394
95490632
95841673
97709432
96518572
98030684
99125005
96999863
97569583
97104516
97243693
96272963
96168364
98003526
97929966
96603165
98852129
96572977
92909605
99833981
99732138
100015596
99312241
99580421
99405545
100385593
99791946
99475304
98618659
99090419
99658468
98442601
99661592
97809677
98563970
99037625
98976817
99206352
99229126
98704686
97867494
97735794
99295909
99304872
98170917
98117918
99723437
101936475
97018892
96809269
97223081
97488628
96272814
96740525
96552342
96784166
97684222
97125401
97130327
96283969
97737901
96959171
96795941
96669319
96805525
97281023
97823949
95646540
96827474
96080228
96604666
96208579
96329264
94781317
95987630
94515203
95880916
87683416
95567974
95391371
96441527
96933290
96328933
95567115
95736855
95619497
96338561
95056146
95024632
96253637
96135427
96193765
95689167
95318803
95082909
94936912
96585680
95717449
96262596
94945454
96125752
93872835
94712916
94627069
94261193
95651463
98849372
95866129
97139728
