731192589
781978315
97329790
85999912
95813432
96942104
97042646
96554164
98170146
97491425
87244214
97058513
102180914
97763781
93482601
100342407
96896002
97190420
96720800
96643130
96300765
97062353
96406087
96665626
93628094
96398149
97369129
96619370
96660664
96864309
97956243
96169830
98097944
97225528
96360140
96187130
98719839
96394740
96832782
96924062
97669680
97265832
96684417
97563672
97459163
97281298
96770525
96999360
98251104
96260814
96438860
97524365
96132918
96627842
95863986
96128461
96387957
96546038
97376578
97312547
96679848
97207002
97021902
96321364
97533769
97493438
96565276
97011722
97507456
96394703
96175566
98905324
97063688
100590181
97011023
99756451
97063806
96333177
96237958
97855940
97367356
93666535
96090522
96799182
97273937
97853893
97080739
95914702
96821794
96853289
96600237
98293434
96581049
98718979
94082196
96711547
96602472
96200977
97082749
97826976
97465454
97579671
96470485
96730602
96716103
97463044
96339674
96610314
96335310
97154175
96942869
97641175
96159108
97626918
95396962
98492543
96619315
95962025
98070016
96515741
96381382
96340793
96379579
96826769
88988135
97713245
97691068
97481576
96503555
97620964
98344927
97216973
96703881
96452574
91768112
100557129
102039616
101879854
99222040
99685030
99523963
98892260
97189811
96738873
97085671
97306513
96717958
97109107
97353437
96521299
97069718
97209085
98051104
97361959
91481139
88305297
96832843
96797196
96567944
98760296
97715882
96796677
96610274
100311281
96641654
102430070
102657061
99940776
97863193
97503038
97354174
96476439
97530018
98107492
92513081
99625890
98085547
99390788
98881705
99074071
78359109
97467971
99651309
99465675
95559754
96355788
95781180
94388165
96378273
92692648
96658116
97467782
96080419
96939812
93011655
97335946
96566622
97213724
96698657
99197486
96986895
96998839
96910470
96537661
94666089
98358620
97688629
96414904
97928082
96456453
96694057
96165825
99254004
102670071
89469699
99858846
100504603
100244495
97322959
96426754
97070449
96863563
97990949
97024406
96491794
96582768
96383876
98841255
96660699
96322196
96912935
100910262
97171802
98006989
96622199
97987465
99482678
97747585
96690574
96525950
96507727
96522820
97771611
96772192
96760018
96631485
96424081
96835089
96564224
96473846
96753299
96635136
96491571
97435812
88793344
96633854
96471860
99636607
97573923
97275601
97110707
97326126
98255310
96995662
97924296
96557813
98119327
96722930
97526474
96790450
95423524
100563625
98546293
93408482
93951689
100398469
94145122
87987176
98121771
98001466
97876616
97266960
96822996
96524086
94912530
96576183
97096940
98958666
97254509
97748768
98134256
96566888
96954065
95358858
94851934
95111807
98207862
196985221
93347040
92904785
