233977652
122639022
89387116
75340564
67538219
67110192
66788465
67390303
66595706
88846650
67056108
72007808
67241672
77967867
66750592
67228216
66589896
67106341
66649244
68655679
66770543
68165014
70280136
66799226
66927956
67136113
66835151
66717415
66731359
70587098
66888629
67711019
66812916
67050027
66623232
66822684
67315682
66686534
66988164
77072094
66917688
76839878
66919753
67091146
66575197
66789170
71965872
67466661
67869148
73791883
71984826
68439620
74341022
66987313
66795824
66809446
65691487
66571964
66624319
68801188
66657085
64748801
66552546
66767510
66740232
67265149
67177192
66770344
66684422
69038567
66750156
69196988
67179165
66554082
67154909
66593583
67174852
66755337
66857475
75790876
66960128
67313365
76086935
66783585
66608883
67285481
66966358
66731073
66718754
68908734
67318299
64055996
67091846
66716798
66689207
69825564
66632068
66833658
66472250
76344103
66615308
68797027
66865087
67054233
66585160
66572857
75144494
66677694
66830649
71199351
67272857
71522775
73426662
67219766
67002112
66871496
66576001
66934005
66600869
62114471
67016929
67400145
67363871
68314764
67957124
68181275
68111641
68106007
67968750
71439305
68179773
67487637
68737060
68559528
71830344
60586830
68303999
68027185
68056560
75094006
68568628
68549890
77521870
67955047
68342767
68424333
72987814
68815082
68508955
61539770
68178075
61122818
68033680
68697154
68238365
69326095
68288025
73667830
76703377
69966430
68277609
70967886
70507509
70514328
70435342
70354266
71292601
70643246
70350877
85314658
70329234
77924856
73459887
69766182
71283998
70151244
70725783
70391658
70690770
75360900
70300610
71936231
70928105
70175807
71622025
70326539
70369355
70523199
70512455
85590881
70417943
71448714
71247075
70917466
70311874
70789688
70480564
72255274
70435861
79941853
70390434
71647699
82008347
71821711
72115842
72388793
70459114
71182955
71329089
76815413
71938429
71540615
71835447
71825873
71619000
71915948
70010066
77228423
71364406
75591224
72063950
73646303
70445591
70327585
70896981
71514140
70750203
70538960
70857738
74199470
70763315
74507891
68251855
70237819
70478462
70303810
70539888
71321113
70282790
67682753
70771397
62874030
70358205
70442023
70224000
70793570
70401597
70343735
70339222
80835600
70433365
81442628
72067486
72675963
72297933
72674895
72140233
71911926
72045009
76468105
72125281
72351032
80873153
72307033
72548030
71501505
70458784
70404389
70096787
73247295
70351624
69113026
70195929
70830097
70457720
70415369
70813590
70620103
69396041
75581233
70662855
71932039
70245966
70353664
70361403
74367881
70370034
70123328
71774153
87531495
71243965
71273798
68210047
70687084
70313026
71213029
70386706
70291062
69992429
79894867
