255236050
138325528
84167149
74911406
67057196
67897653
67792232
68172410
67768615
67483406
67841503
68334193
67523244
72466050
72173427
68641328
68828038
68764376
68577262
68771719
68787899
69136155
68788491
69402428
68725182
68816963
69064360
69121763
68654020
68755586
68727709
68781737
69529160
69490058
69448157
68313359
68579338
68561684
68182416
68260227
68241501
68702411
68434681
77583794
68361313
68837831
68601365
68315059
68392412
68192463
68231154
68354912
68287677
73719153
68385725
68249917
68310983
68197217
68367388
68311111
68591555
68342623
74141013
77964851
69160009
68165017
69573776
68232887
68017718
68781725
68225003
68982733
68081774
73835246
69015243
68420699
68460942
68170622
68182628
69238343
68307274
68179542
68832707
75204907
69265030
68957611
68281288
68050113
68284541
68421502
78867402
68054946
68036125
69782952
68201004
68223319
68394909
68160879
69653791
68214852
68136170
68100815
68306618
69846007
68441872
77517533
68676755
68155513
68333884
68248873
68300584
68263348
68841608
68161281
72821546
68127202
69121292
68052789
68119773
68327817
68870897
73788567
68549038
78144041
68297110
68483706
68695286
68048633
68270084
68047569
68381417
68451696
67749438
67465048
68401068
80951297
69874130
68200785
68227287
67991775
68227459
69200387
68211131
67812804
68248703
68197462
68246556
68113094
68265732
68155574
68085681
68755931
68228138
68139772
68488767
68732387
68166685
68134804
78437672
68642426
68262732
68019958
68181130
68482848
68216700
68211929
68132246
68304614
68164402
68194348
68219482
69022750
67851223
73252677
68419924
68272597
68249814
68279410
68477846
68526773
68412391
68601853
68774255
67723531
68545204
68452792
68308414
68887127
68391074
68456676
68530148
68650218
68253587
66522752
68439378
68648678
68377286
74178605
68156255
68291552
68184192
76172325
68222209
68216977
68225743
68103751
68032863
68156966
68162607
68842594
68200856
68306161
67901678
73810668
68068136
68339353
68252938
68631216
68278649
68245512
68333575
68464277
68241399
68343621
68463792
68126870
68058145
68416864
68681351
68876017
68345592
68209645
68372138
68262530
68032644
68576757
69262768
68268499
68096597
68461935
67982780
70145050
68470786
67967341
73787305
68823550
68205642
68178461
68383771
68496750
68335552
68235017
68088798
73856426
68402150
68218910
72902517
68388440
68428430
69982040
68070824
68258217
68064970
68686978
68222688
68185274
68487628
68553270
68169263
68802013
68377411
68343258
68334464
73254603
68159023
67953487
68268706
68271565
68066909
69821837
68168600
68935755
68077575
68450553
68357391
68333893
68356464
68110318
68289046
68971822
68548850
68391870
68301581
73270140
68383583
68420400
68323413
68259649
68300067
68629281
