225503298
126848214
85527843
70674381
68274400
80446335
75859362
67726243
68606734
68084810
68695028
73613603
73850009
68977665
68260376
82477113
68152803
68573997
69418982
73141239
68553701
68372745
68550601
68504231
68055129
68393343
73623058
68140779
65738998
68714393
68089715
68037672
73570593
68045137
68293062
67741351
68328973
68032355
68303413
68193929
68284459
67247990
68778187
67779105
68022935
64433020
68398451
68009514
83307235
68233864
68254115
68895895
68341849
68227848
68162922
73935775
68362298
68221222
70881965
67940942
67912385
68517562
68272864
70307143
67934561
76811053
68190712
67875576
68445372
68077764
68265333
68050541
68179965
68328747
68199028
80191903
68702164
68634520
68269611
68964222
68159531
68859565
68500254
68344134
68712537
79589011
69988449
70207870
66066706
70245496
70981912
69715180
70270364
70121452
70020248
74291749
70193604
69686355
69716413
69816857
70255919
69992055
70140891
70265461
70224525
69159693
70166219
69801924
71817867
71173540
71102221
71721698
71543962
71305425
71399050
90936514
76971539
71432814
74545977
71281686
71376559
71389883
71204937
71222317
71551740
76310687
70991122
87572007
71460809
71497519
71430960
71582775
71677147
71356368
71395268
81308972
71126161
71291613
71483326
71632007
71386239
71310309
71560117
71625541
71327955
68974440
71572439
71311959
69534382
71355979
71591513
71494549
71720734
71427913
72160588
70497414
71771880
71773304
71611415
71582606
71662540
71453732
71622357
71739219
72453190
73843056
71658961
76344617
71599075
74262705
71530651
71240406
71181447
72556113
72477488
87291238
71909316
71222904
74342387
71562640
72751754
71482950
72144155
71570810
71874813
85538263
71848176
71745854
71324994
71874912
71516968
77385841
71610299
71767936
71789757
73871454
71602317
71706470
71803884
77010630
71747076
71263251
71420837
70988520
71245510
80059468
71424904
71152623
75708867
72053856
71379551
71477612
71776637
71473714
71539089
72740227
71388375
71821577
71316523
71357890
71247048
76862363
71279893
76658033
71157835
79973708
71860525
71711847
71625987
70961947
71172525
71715488
71299403
71868358
71215734
71285198
71539593
71146747
76151535
71436287
71338732
71252468
71280473
71283890
71781598
71905286
71164498
71285557
76900418
71799176
70928070
71432125
71486451
71600906
70053849
75672412
71530821
71364652
71788118
71049435
71455568
71202772
71574963
71344970
71427367
81422979
71444718
71396831
79721698
71273796
70150758
71184623
76638861
71452182
71582028
80016719
71733240
71283721
71552038
71286461
76372438
71497200
71368168
71567435
71354429
76116547
71570600
71349253
71881076
71577987
71687726
71705332
71364091
71408363
71277924
81675090
71564615
71394425
72282177
71609773
