682656528
473949210
103441587
96032233
95097393
97475733
97386506
97437353
97691016
98775403
97693845
98234607
96779711
96903079
97358174
102008803
97512916
96689769
96735262
96786978
97876883
90116822
97701568
97414430
94327286
97416609
97441229
97705577
97394153
97704736
98758113
97496103
97670336
93910580
97931660
97665112
97351921
97471109
97849288
97676269
97556081
97775191
97816251
97782037
94680091
97886227
99431138
98193072
97978129
97698780
97844032
97697228
97750277
97594078
89978686
97604708
97951068
97490847
97735639
97661418
97873915
98570584
97470265
97640722
97711323
97337540
97565075
97337684
97755263
97606375
97968985
87622806
97166500
97343267
93233349
96833909
96955552
97055643
96770685
97040464
97105649
96734497
93945006
97442593
97543645
96888916
97004734
96559029
97324210
97011527
97373981
96830999
97439320
97214106
96535564
96667721
96747841
96565129
97059762
97068915
96760248
97187665
97205564
96792423
93246216
96778746
96916491
96929102
97217992
96943122
96974527
96687629
97242645
97373192
96714570
96816116
96953593
96754095
82920286
96475272
97206101
96810371
96901709
96750107
96718220
97567470
96941108
96883805
97453578
96859999
97230546
96942846
96714399
96670423
93718786
96569467
96980255
96671156
97201079
96657400
97767468
96649664
97410979
97239445
97090886
97114907
96761604
96980718
97173251
97519733
97919933
97262581
97353397
97217854
86673635
97201271
97334288
96773454
97290209
97038164
96758287
97284357
96925182
97925956
97188612
96837817
97436077
97192515
97117158
97206070
96833989
97083100
96951988
97198551
98754380
97150101
97260022
97259225
98407155
97030413
98944133
97487378
97184223
96653310
92792473
96878654
96716794
96930757
96837097
100029849
97108092
96921214
97210586
96455744
96723572
96959960
97280217
97229740
96968078
90316642
97393666
97218067
97634821
97237696
97418459
97336729
97884411
97191143
98481078
97658971
97620320
97655449
97632177
97668619
96320404
97569010
97412790
97503652
97327179
97346053
97365180
97419379
97465468
97461520
94422041
97424440
97750499
97618361
97586605
97424276
97460707
97179636
97368354
97451238
97670912
96934168
97785093
96770834
97474425
96834808
97691075
97320000
98170817
97485032
97183088
97354626
97859603
98142777
97403582
99057679
97510336
100943193
99101247
97367955
97607450
97228384
99747025
102836978
100347113
99811262
100408047
100169965
100201086
99801594
99645544
98338860
97540197
96992479
97389575
87101054
97367580
96403647
100057182
99500392
90511633
90558916
100243070
99471160
100060162
99879218
100013256
99405083
100084472
99588236
99841085
99739383
100330174
99451647
99894988
99635218
100112647
99811088
100027575
99277431
99825847
96346195
97086742
96488297
97290903
96596567
