237090971
123363429
84309327
76562762
80681901
68258064
73562917
69393165
69653915
68903005
69076008
69141886
68159957
69112102
71262836
69278629
77635356
70934529
68259012
69295725
69123839
69713136
69423978
69435502
73543041
70382592
69526271
68737299
69438489
68358532
68193884
68412022
68838043
69165743
81308074
68453366
70031594
68267858
68413017
68493539
68314397
68690894
68330647
68435011
65581065
68248520
75418012
69725056
69626747
69727162
69678094
69866592
70929141
74525399
78947972
71075876
69843023
70930355
70839779
71348234
76635108
70708362
70698638
71109561
75501986
70684970
69909079
70803755
94297690
70887872
70794170
70770980
70763137
71485827
88697223
70793250
70853289
66651895
70671987
70768527
76559201
71167461
70338947
69862310
76480702
69727672
69949732
70175267
71939680
71763109
70928975
70053804
69937214
69994159
84186904
69812926
69982872
69816478
70861323
69643967
69490367
69677457
70760861
69713867
69068464
70129165
69666335
78990593
69796417
70081767
71254281
70076659
71116381
70198768
76629116
71819051
71515406
76316966
70210891
69724296
69836267
69998319
70310609
76264175
74485995
75522357
69780479
69891049
70939732
69596860
69810321
69864301
71135712
69750051
74287590
69562011
69120484
85498069
69731927
69836687
69711509
69702525
69722480
72068036
84881386
71024706
77407189
69872925
70702944
70020628
69638831
69564664
69671944
69741404
75923212
70723846
71686864
69708465
69799935
69771326
69892403
70165227
70093365
69843853
82218430
69843356
70664066
69151576
69914733
75577757
69878692
69974093
69794540
75679126
78237911
69746121
69272362
69629612
69746793
69830809
69774269
69722818
69705366
69676911
76308609
69788542
69957866
70011366
70107730
69839906
69837190
69852173
70680505
70557485
93091422
70525848
83232481
68273249
70493001
69591148
69939232
69601739
69673324
71119435
92022495
69800462
69780653
69703624
70016594
69989681
70101169
69883836
70183290
69849323
72862073
69758100
77052379
70024536
69877056
89165243
69680378
69770519
69458994
69605379
95466118
69673227
69856718
75726036
70151688
70115787
69454325
69755597
74725988
69285916
74255338
75920622
69678404
75497787
70449146
69465881
69552954
77602339
69478011
69592474
85156215
69788915
69440919
75372308
69706829
69462828
69823769
74801675
69725945
69589516
75671145
71526293
71422248
63764108
71730376
71272460
71369267
71117152
71343755
71267378
62322456
71249874
71634504
71140911
71927406
71440420
71239167
71341617
71196125
71653550
83511330
71609560
80648256
71120770
71337422
71340031
71490648
71102798
71067782
71379872
78773969
70946685
71313505
76095042
81077193
71445281
71521100
71549171
76795583
71562422
80184893
71577261
71556912
71245039
72027169
71631672
