236468895
124609208
76063090
74872559
72980937
67170859
67788586
67388204
67181093
67088187
67339236
73709760
66982410
67106062
67179264
81478054
70933277
72360550
67308675
67214623
66789937
67234124
66719397
67308955
67215458
67389955
64904401
67033994
67221927
73484802
67038751
67082152
67136424
67256203
67389087
67230306
72195227
67153993
67228393
67607662
67356944
67757559
67349375
67565401
67585001
67523346
77169296
67558168
67328857
73012028
67600641
67344429
67445587
67397393
67194210
67233224
70407106
67323452
66884926
71024382
67908469
67718179
72671142
67115519
66360421
67579536
65529884
67181405
67263444
67670563
67164153
67375208
67120067
67231287
67188063
67325556
68279582
67174400
71457530
67323290
87668842
65739449
56307213
70659252
66806144
69671203
70945401
65087476
66589588
57125036
68565115
63709512
67711261
67878041
63004572
62502201
58771577
65706309
71062322
68753977
68821167
69000501
69052562
69443290
69324534
69238838
68675832
68940274
68792842
69672533
74230518
68736444
68665420
68588194
68783998
68536925
65415899
68621786
68591323
78716448
69646458
69320241
69436499
68588894
68611787
68598497
73194600
69510786
68171106
68722261
68680425
68743645
68848757
68688230
68827823
84551166
69497411
68495232
69610148
68525539
68655785
68693272
76137965
73951489
72075357
70912384
58004355
69065253
68911409
67957884
69173497
69010424
68910454
68795795
69080332
68757480
71413623
68709095
69013883
68703531
68694817
68910790
68706269
69254042
69194518
69074499
74764960
69109971
69008046
66441560
68655489
68938463
68694455
69171205
70155799
69061718
69627483
69794354
67951451
69335278
68924890
68807223
68954117
68773770
68965241
68668401
78209108
69376602
68718025
68650661
74611255
68850552
68853844
69064959
68927744
68709742
66640322
68967636
68874512
69037732
69012608
68862841
68919394
68865631
74403549
68833386
69138392
68781318
74721312
73964496
68757172
69072131
69554487
68993695
68843670
68790106
73760549
68833031
68562110
68848539
68874610
68717799
69071393
68766666
68801305
68591302
72825399
68780748
68942985
69099590
68904306
68736304
69321229
68648686
68783197
69005115
67069103
68822071
68766817
69920048
68735662
68855804
69083700
69218006
79686617
68612183
69305920
69834375
70131683
64783347
68789795
69468415
69847212
69900714
69906487
69528381
71714610
69706782
69668603
69749650
68817904
68780592
68597516
69618249
69518479
69102413
75539576
70106494
68960406
64145229
69018983
68709166
69065241
68724271
68986530
74382717
78019354
68728348
68655327
82540620
68778419
69589884
68811134
68668339
69318261
68723140
69140737
68727755
68821538
67854461
68848102
69325405
69176243
68629221
68320685
90375423
69251397
68627053
68561990
66416876
