718048763
482709240
104894871
85095671
97712762
97202530
97870706
97581711
98226174
97826646
98435176
98950583
101548121
89864600
97739277
97978880
98248085
98169946
98203285
98158689
97518165
98421631
98146102
90142521
98216276
97378009
97794485
98445493
98061550
97802276
98261764
98187633
98091125
88010385
97980355
98008963
97811189
98599224
98438312
98135838
98012330
97847086
98120406
92510209
98106408
97856332
97630661
92041220
98330886
97823585
97256910
98011010
97622805
91642209
98148043
97520754
97847050
97928340
97926634
97745235
97932240
98174096
98185008
95884605
97915538
97726585
98061081
97937359
97703838
97936684
98399422
97413660
97890138
90615603
97552248
97997194
97326470
98101067
98208145
98263636
98056069
82956046
98031639
94849013
97548349
98259843
97314603
97802777
97200922
99263535
97252137
97860344
96153271
90926594
97859852
97643502
97686732
97747782
97527467
97686898
97252523
97558672
97222428
91172574
97971280
98315394
98318362
97488906
97015977
97362702
97653352
97658061
97367440
87796380
97279146
97718993
97059969
96868187
97422600
97715647
97711120
97612297
97571984
91001475
98330079
98221396
98027314
100781612
100747265
101639262
100798141
99808185
100502472
96879016
97922875
97664852
98337969
98217728
98225553
97721052
97761637
98281062
97580910
90133859
98239008
98448034
97982538
98175194
98350890
98068891
98186837
99050870
97882605
89030732
97582253
97716217
98127358
83181087
97587562
98125464
97854311
97825056
97902601
95992886
98023425
98564862
97972859
98356850
97646077
97717767
97577362
98000793
97866699
87744944
97855807
98100313
97443958
97573749
97828525
97763179
97876948
97539556
97877041
94845980
97980354
97183269
97528811
97635603
97351303
97521455
97382622
97781244
97832263
90953135
97908446
97351926
97478506
97330782
97372837
98062618
98157523
98625726
93167610
88808540
97698586
97409373
97129969
97815453
97528526
97637829
97399446
98050638
97726828
96551992
97996574
98013725
97801669
97588297
97758413
97741052
98349486
97952786
97821578
90871402
98263749
98551121
98129488
98063578
98191559
94638132
98331165
98322883
98388858
92809424
98843325
99158557
97553319
100043688
98086534
97990009
98288148
98217744
98286622
87513736
98297948
98604954
98113985
91749654
94298346
98903032
98173003
98108000
98195721
93385332
98195455
98105759
98144614
103994852
97706755
102980831
98277382
98644096
97897331
91339740
98241784
98545003
98429368
98168608
98124433
98088547
98024100
97954999
98478918
91952957
98039842
97715005
98234109
97739333
98177156
97712387
97554422
97797219
97536399
87601714
97428113
97521223
98496523
97839559
97594523
97702596
98396466
97851784
97633421
95251731
97537265
97419539
97388532
98079689
97413312
97647679
