321196073
204041092
137469135
98654478
92114312
97138314
96538247
97223780
96451571
96531500
97189156
97311104
96283465
97447563
92455132
98665017
98041133
90556437
96473551
110096334
107186630
99599028
99063374
98002605
87221593
99138807
98986688
97999228
98868860
138319319
96616725
97500653
97438336
97500679
89812104
96101740
97292134
97564171
97478263
97550816
98209864
96254568
96724544
97350629
93639542
97822062
97812908
94648359
96237237
97669931
97893394
96934767
98337764
100549927
92279003
100323273
97714339
104367180
98077807
120464932
97650357
99010461
98859735
97814220
88300759
96568040
101174076
100261855
100652783
98976659
99079758
100672292
100762515
99373610
96444190
98990978
101039108
90181641
100605674
98961536
98881571
98412163
99773320
101432853
96320933
100502554
101034089
101182395
101379480
100680660
101968537
101375824
100481676
101334829
92648038
96388124
102216956
100329034
101774721
101692205
102154832
100965287
102403593
100831065
94926170
103417194
103813352
98210882
105452250
103977684
102660989
101193808
104333844
103935008
98727909
103639470
104423566
103749660
104488602
102897243
107587962
103682685
104717852
101666839
99556868
102401343
104147273
103225836
104020321
102403311
103654646
103796689
93302825
103778320
98150615
102055267
103177355
93129757
102686154
102508392
101796865
103917466
104105023
103079213
94602341
103840356
104214256
103669222
104105372
103591843
103722431
110859344
102596828
102521000
95495528
103564243
104485889
103746864
104954220
104455439
104807605
103400380
102949794
103014984
99595672
102762118
103910490
94508525
103395113
103400166
103836345
104175505
103702174
104017968
98579003
102426428
104781272
102206026
103300308
105389181
104308776
102296001
103302184
104312436
95620591
101953656
103588802
103522819
102630011
103246928
102978429
102727539
104813542
105972747
99416618
104793687
104159173
99502271
104011326
104127409
104547180
104349711
104691702
104209863
97330973
104530702
104558904
104290317
104232580
103011781
104151056
103915207
104513951
104373112
97481930
104436757
104648136
105169568
105648593
104337154
104666368
104228740
104312615
106111120
100898313
104513842
103969554
99801172
103529922
104183412
104069593
104501232
104218079
102232763
97794252
104272572
104421415
104235425
104100576
103159522
105184234
110116211
104152727
105820337
100798501
105304813
94493515
102464491
103538665
103586300
103280651
103833810
104738145
81511878
93531388
105080621
105178072
92295643
99202635
104892851
103661042
104311160
104275216
104234907
96463551
101920066
103776939
104600011
104833650
105167656
104822526
102593768
103588797
103461491
97095387
105022871
104243425
105119420
105294565
105179168
105356866
102780827
105703416
104224741
93306107
104362580
102095140
100551705
105600287
105338706
105484431
105096852
104084390
104085732
93105098
102467912
103699731
103954412
100184445
103750285
