324575189
170553064
126493351
96288031
95675717
103995495
95925971
96135903
95972231
87406600
94308483
93435975
93877804
95298382
95362764
95131793
107383242
95129939
95904403
88458574
109162894
105847668
98257679
98975224
97534230
98164125
97660254
98219150
108444866
102531994
106992081
104518876
99173968
97999809
97554529
98212544
98237777
99187129
98560020
91163966
97700814
98256846
99210227
98043909
98752940
98219367
98176050
98771823
97985533
98842856
102693655
102362010
102908472
103338076
102962036
109796896
102353787
102825178
101526963
101501535
117008048
111706601
104001194
104150546
104089425
104193023
104046246
104200496
104834227
95995155
104802488
104043497
104282662
104067402
104126895
104168196
104002943
104183074
104113851
100139186
104423462
104367868
104164107
104477402
103635380
104033426
103900588
104175741
104436572
90864995
101684644
101845397
102085133
102249343
102154925
101954520
103819285
103687130
103718496
95166954
103172939
103218439
103781623
103493912
103382005
103413027
103999546
103211820
103221228
97273119
103322480
103235771
103668170
103394384
103747325
103898532
103914366
104313033
104151025
96965864
104490891
108290692
101733054
105887598
106138430
104699630
105367006
92631565
106033065
94094345
105553174
105500786
105471641
105673013
106340007
108018044
107352197
107708277
105276722
99800178
107749284
106867986
105743877
105756529
105587712
105480674
105684081
106296505
106358471
98671765
107393453
107108733
107151163
106690310
106885261
107101455
106467619
107066926
106287667
99911027
108414042
108359557
108501186
108172429
107976495
108059142
107687083
108208812
106860160
95602523
108272250
108309784
107761455
108155746
108142703
107895317
108284386
107950963
108538867
100347745
104055561
104115809
103547979
103868128
103849381
103835743
103733677
103690223
106343972
102634104
105613354
106471568
104242886
100390683
104255724
106470553
106287757
107057667
106744760
95723805
106419578
106743646
106233870
106761146
107759478
107809342
108435259
108733018
108250616
102174994
105807388
105833685
105798508
106227881
104549962
104981283
105468994
105076903
105595110
96340398
105238462
107566024
107787631
108772666
108428815
107973801
107942670
107975958
108117217
103390502
108008793
108272502
108086432
111780167
113241179
112755352
113391244
113010531
113656553
112574318
111503396
111719001
111847750
105821826
111656710
111615928
111446061
111492479
111326174
99706797
111670994
111735650
111652929
111721383
111577173
111718732
111392034
111612401
111262244
102828631
111234587
111207931
111726445
111494513
111089718
111811932
111241318
111730619
112319216
103704024
109185009
109482472
109076526
109589767
108977951
109698288
109217154
106261759
110525864
105609398
106732064
109321091
108665772
109193401
108811478
108629078
108683913
108633103
108305427
96744644
108620711
108873720
108817242
109263606
108878347
108241271
109008931
109197198
108640367
100241054
