614768340
576225211
213167990
88167308
92241703
95749638
95852144
95740626
96054588
75657973
96147420
96198315
95751033
96116521
87154183
95986630
95909501
95687606
96001844
89236647
95810938
96071455
95675001
95196224
95239395
95211424
95495037
94951800
95833958
91143029
99099410
101023937
98792266
89681070
98923727
98799579
99244256
99542171
99124580
82652202
95851690
99666443
100382942
99496146
96001233
99177914
99228493
99001874
99635801
86675596
99747459
100229992
99711791
99197906
99560172
99167177
99719865
99352866
99468236
83811607
99377973
99697259
99426990
98919840
99321539
100350772
99581285
99697151
99556161
81378876
99939807
100521413
100517013
100004544
99714973
99727821
99930100
99681912
99911740
83440929
100117861
100322452
99558364
99670189
99425631
99516904
99930778
99672911
99858218
84842972
99806229
99481302
99648001
99643919
99643897
99271240
99771190
99594200
99536249
85320245
99671889
99966999
99238310
99332381
99775060
99722579
100115462
99620530
99713100
86516665
99399553
100048586
99530930
100151798
99617623
100637387
99433408
99183929
99337947
78283092
99464849
99847289
100229330
99471762
99372341
99962679
99081698
99470916
99562334
84172022
99721312
101425430
99933355
99686201
99795059
95910511
99903464
99417005
99673816
93927513
99318431
100305152
99667455
99197106
99614099
99284446
99689728
98976136
99468007
91986572
99345530
100253211
99487455
100048620
99670577
99803793
99461952
99068551
99359038
78700941
99831429
102186276
99505409
99581958
99277233
91194790
99616507
99624608
99195797
82920933
99485574
99508321
99678722
99696649
99306937
99253167
99360833
99479542
100618665
92619700
99659209
99864152
99703661
99631879
99222585
99385316
99374841
99388038
99423648
79456550
96979914
102437333
102297204
102177673
99435859
99817249
99390001
100101042
99567967
88289059
98953721
101225129
99575851
99451532
99282346
99317345
99257599
99342634
99056108
83270826
99433765
100030477
100004346
99626239
99475130
99323163
99454396
99512546
100149596
80001821
94327138
99965925
99653387
99217244
99778112
99639901
99495389
99139474
99327480
81227860
93729397
99772685
99662101
99486294
99677506
103862656
100016593
101883733
100521530
82311715
99720281
100467799
100128895
100378691
99894738
100187099
100210252
99478467
99638065
83826452
99770579
100137226
99582267
100235363
99522208
99467315
100817364
101433422
100505955
89780104
100035829
100048283
99545106
100387064
100463787
99349952
100314232
99779717
99998758
90392824
99541655
99579241
99440032
99349984
99334234
99418280
99609464
99223276
99288386
85276291
99406883
99519575
99669395
99693880
99673569
99614255
94172718
100168404
102287671
85029906
102121671
101900751
102363490
101898263
101260162
100094451
99663561
99657488
99780324
78051508
