323832124
219383298
154018891
109960117
121098080
112882975
112996648
118727012
113967139
111512625
111592493
126812462
127303394
119909302
112637218
114969789
112416927
112103873
119520932
117150567
117918058
117145719
112874300
112784243
114356768
114964618
113212597
111083410
113231348
124030950
131574306
133474441
119161153
117383139
112509486
117181800
117782149
117667928
114944244
114684601
114654868
114966853
114376934
114346583
114177088
115299016
115009892
112324268
110865212
114232033
114095016
113908203
114948632
114673166
112524709
115323164
114295952
113799888
115571235
112137687
112426366
115501464
114666801
117446184
113603424
122691641
117236431
117727831
115045349
114318800
123104372
121200156
113816786
116978235
115833650
118178351
114323764
114266960
114230942
115085485
114726529
112107253
115378731
111577430
114454129
114306017
118952250
115365586
113833525
127766277
124225467
118361175
115873564
114746609
115003142
117798425
117799367
114359654
116164949
115742380
113026174
115427134
112412743
112492818
111294205
114826506
111820944
111978139
115036123
115983554
116398729
115693582
113695232
113318098
114752721
115411869
115182163
116053721
112447287
127505399
123084307
125311245
118756116
116643388
115031953
114176871
113795067
115831712
115454963
116305195
113966067
114268482
115211228
107397384
114295942
113739787
115099035
112660501
113038058
113414368
112918011
112332557
113965957
113504790
111477691
113551986
113018069
112918258
112229891
113837681
129066187
104697600
130794021
113494999
110041659
117669418
117108534
115792605
115289906
116470774
114198423
112548051
112554576
114784635
112245572
113137886
115249160
113452412
115483290
111114007
113038849
110806809
112860661
113452329
112675689
113135113
112361993
112514065
114249021
115105280
111755946
112219520
116491709
112151238
113267247
116631873
114814977
112652788
127699791
91445424
109233285
95526992
104012965
98997364
108990204
90201241
104058437
101410022
84611130
100061552
87402410
97142028
103286612
88927751
85012374
105647354
105718062
108862058
105480204
93260838
73111039
100446024
108574073
107677222
95773667
112559740
111827570
110175280
111005695
111191278
110597822
104610659
111195453
111815122
110661907
111150283
111031372
107838734
111641572
110479083
111981770
110913797
112058143
110951907
112108871
111274289
110939138
109599405
110751637
113708551
109872554
110079741
114502657
114672547
109133121
110756055
113835081
100600571
109757451
114815599
110981414
114788405
87806109
107518479
107932043
110637645
89240831
89042234
90520449
96591817
108765209
97624824
87328957
87632134
103144208
86797699
86367480
85678665
86742817
84192952
85905219
87172933
87602061
88478114
81909362
85695177
86333352
85613124
94037415
88367417
106545890
87854497
88068781
86604121
87194781
101757203
107669260
108541755
108564109
111950984
109764233
111626088
108582534
109927472
113536749
113753163
113502029
110190022
112885727
111922854
