223582317
117068758
91283005
81552989
68769902
69689035
69722910
78059416
69990617
69382807
69779924
70227800
69518197
69163680
69363518
68813553
68821997
70205271
70462855
69006179
69330326
70066729
69456915
69256872
69342576
68358025
69153305
70426277
69201190
69079978
68829799
69228179
68820406
68080735
67852760
67982563
68384406
66745088
68170313
68243030
68124357
66680362
68320575
68125026
68195239
69172819
68406377
78560319
68424561
68320135
68078864
68433087
68551119
68355777
68597773
68521780
68603716
75226463
68538629
68700801
68587709
68681718
68332438
68214758
68539905
73914732
68652721
71560058
68651960
68531338
68435389
68674360
68412433
76300568
71131728
71050386
71496338
75279519
87682303
70813163
70948969
71431293
70759154
70899240
71062792
70878319
70880690
70191624
76459750
71128546
71527102
71034171
70754418
70830901
70822925
70700537
71519270
75275677
71140894
71276265
71061024
71048492
70982867
70974901
70509327
70560468
70660675
75910247
70753770
70857875
71249639
70849471
70369923
71058133
82133334
70902391
70570485
80488769
71027289
70888073
70392967
70791461
70908703
71095550
71010728
70562169
70759762
86863331
70755187
70775823
70604880
70615341
71056424
76072989
70793615
70605186
70824268
66748336
71786796
70965314
72129828
72313919
70871702
71464218
70557620
71026976
70791854
72756535
71352842
71358913
70959855
76073007
70991026
70694158
70735611
71171633
70590359
88733882
70960956
70721697
71001435
70685722
70740605
76545208
70941549
71090657
70524533
75434708
70817451
70217801
71135176
81637891
70898541
70747154
70679134
76193419
71053877
75797858
70844342
70788443
76555302
81039836
70764630
76584004
70822005
70857300
70632569
71139388
70628768
70892222
70790349
71272905
70602925
71128545
70781658
70811346
70693476
80192884
70728173
86983155
71126041
70396867
71002361
70816517
70646733
70815420
76304623
99747999
70524359
70439833
70988986
70775292
70329300
70305281
70487623
70884375
70507898
70732373
70585162
70542598
70746114
70600015
70618969
70473454
70432017
70690777
70880762
80342560
70649318
70639028
70655924
70773187
70704076
70536079
70701794
70968021
76059555
80560312
76286809
70546572
70629105
70817649
70629246
70505139
70504443
70637970
70622459
80906589
70672030
76377629
70730498
70660576
70764324
76642571
70611211
70408099
70530291
73183361
70692281
70641471
71076265
71037477
70894328
71373022
70926929
70961688
71152459
75716269
71028925
70590680
71109356
81228466
70709942
70761303
70782956
70557910
70706196
70910859
80543161
70858402
76350496
71293957
71186036
70294243
70646208
71078861
70821238
76811140
76590424
70605381
70963101
71314401
76058173
76702054
71096532
71036465
71007069
74124475
71253767
71218482
