242079492
125796483
85070047
75656726
69009862
80008300
74015735
67914461
68458377
68573258
68365499
69022419
68711115
68398759
69706670
65088514
68412459
69608932
68432691
68406298
68481095
69075562
67253445
68258161
68223149
81810741
68262313
81874907
61883986
73917022
68628931
73903092
68982267
68330837
67645437
68659281
68511876
71784025
71040719
69634605
63006369
78427790
73084901
71254918
71680097
77592103
76372186
71459758
70832839
71167953
71186579
71303332
71069388
70977141
71264266
72085672
70788933
71216903
77029711
71193777
71259958
70962188
70908392
71402534
71022462
74720122
71462186
71167952
70887190
71201729
75741852
76622677
71532846
71191084
72019428
76937058
70208315
69942710
69725346
70243154
69800743
69507968
70083310
69792315
69711572
73889693
69855737
73371849
74267514
70799269
69697639
69745585
70544086
69793436
69933639
71558983
69914067
70018304
69689605
70085617
70401873
75505777
71837254
69991578
70009242
76310864
70320054
70602461
70177954
67056543
70455347
70003956
69974914
70049369
70142571
70106004
76707067
71375904
78823122
70205150
70022732
69906770
75990586
70569059
70444092
68437919
70145699
69237962
70145798
69704797
69849168
69666147
70109654
70202408
70513664
68550889
75442432
71532579
70068548
85635185
69572325
70316670
69879362
70062609
70065301
71949215
69649501
78536634
79370775
70422815
70207792
70132901
69911700
70203318
70119940
71090575
71176787
76181510
70370826
69832447
69822857
69619675
70107660
71692832
71189285
71578598
69616098
70155580
69962599
69781742
70024339
69823441
70240169
70041695
69946436
74870242
69807533
70648599
76532639
81141552
69660200
69791935
69837682
69629831
69955626
79165303
69778566
69398176
70039735
70012884
69610939
69767305
69815760
69734983
77747109
63790574
70220916
69875302
70297757
69882150
70212365
69564018
70009910
69589766
69691040
62914386
69611942
70192323
71742884
75187405
69593650
69603304
75411098
75264441
69743675
71862906
69967613
69948722
70000317
70049249
70346620
69584408
69807862
69865717
69769319
74517103
69967129
75831635
71534015
77050076
76813216
77383917
72334554
71603961
71116615
74877310
71290571
71361951
80023046
71493199
71534480
71054941
71130995
71354605
71201393
78888048
71311701
71041952
72194927
72115474
71510703
71050394
71075478
71313390
71252390
80605825
72018290
71316193
71274857
71561742
70940832
71528184
71334194
72402429
71227535
73639743
71062582
82420432
81765999
71227052
71117207
71605022
71134427
71491098
71062148
73587602
75004562
77017329
70691039
71139047
71506471
70199696
70803803
70897640
80367966
71012601
73118195
73038535
73142415
73536901
90113839
71074066
69691263
71109821
71071686
68048258
71304579
70621400
79633110
71188263
