718251430
750828440
97111357
92737019
98140271
99963538
101336557
97972131
96534212
100894474
100699510
101226458
101926665
100645127
100746987
100930019
100802019
101441262
97974566
100769044
100907521
101250907
100937750
101159145
100787679
100657490
90578576
100600799
100636004
100612214
100731054
98454216
100987115
100986427
100823366
100848458
100828077
101079578
97190488
101196719
100840905
100633962
100755687
100659633
100684533
100914152
100829316
100833462
95047111
101366780
100538265
100809273
100641203
101000095
101196162
101178708
100837259
101141398
98120389
100735520
100471613
100837934
100932226
101508616
100877137
104055337
103725371
103326646
100778472
100382796
100494564
103981730
104097320
101308673
100027186
101882988
94817024
100629859
98704065
104063144
100667848
100855566
100891646
100863905
100670004
101060010
100780713
100840924
97801889
102406370
100678958
100768648
100681254
100953545
100474332
100661632
100487728
100561782
96927806
100817932
101415909
100807717
100880244
100743417
94774575
100829277
100244874
100506828
97269527
101018549
97715498
101045293
100943845
100891415
100806478
100950698
101080883
100819145
95386432
100985668
100712498
100699252
100990005
100941820
100885702
100603464
100318150
100873724
100473759
100852172
100648679
100607554
100710393
100462721
100455575
100613893
100815934
100551893
95790147
100297700
101047727
100805450
101008704
100830213
100848664
100684231
100976088
101207767
95046312
100743800
100805243
101044130
102857588
100738977
100803615
100693356
101059243
100751804
97703074
100928844
100698478
100953141
100972926
100718056
100849260
100664853
100903168
100903940
80878571
80672761
85688493
100301818
83499276
96964338
100141506
100570373
100357213
93284284
98417220
100528030
100290975
100291765
100472422
100484635
100445997
100486128
100533652
100460168
93919781
100223977
100555059
101668313
100197088
100098662
100431634
100439015
100525714
100560449
94828319
100654187
100644195
100445408
96940730
100818875
100721254
101393038
100458154
100533885
96916118
102255038
100548298
100618451
100382399
101100057
100955923
100668342
100862817
100708776
97318479
101978871
100950876
100879881
89847080
100734132
100783172
94759735
100856653
100944801
97306600
100883241
100880853
100694516
100941015
100692123
101030192
100628724
101022210
101439732
96967445
104126548
101067899
101047913
101092619
101106638
100782303
101379411
101103050
100973283
101045667
100699168
101614161
100940496
101069658
101120142
100788031
101075421
101071532
102442307
97709584
101641885
101149129
100973193
101303222
100778321
101158525
100847573
101257966
100991971
99118515
101090416
101367291
100988032
101569103
100961560
101454203
100841959
101132916
100982341
98454383
101564865
102193697
101767338
101858228
107769853
101901976
115151069
105018680
101682399
96538952
101355834
102157783
101666260
101824885
101778647
101747665
102134057
101751020
101650881
97957330
101743775
