825143417
744993172
98365052
92757361
96654909
100270850
99856178
96470462
96815236
94034980
96813975
96913486
96969372
97472218
97389101
96661640
95980902
96744887
96093441
96738483
96661228
96794557
96744407
96607216
95528651
96238942
96127811
96560776
96178966
96436082
96701286
96760120
96437566
97370218
96846336
96150482
96242549
96720413
96227483
99506337
101427494
99930418
98932727
98780748
96788097
97482594
94276579
97840592
96546664
96943586
97068314
96229026
96328227
96925865
93946638
96475203
96817622
96604821
96319500
96290821
96818577
96045184
96424143
96781632
97745895
96602076
90496274
96404410
96565607
94797810
97328758
96514234
96580177
96526378
96836444
96555165
92911997
96277839
97614485
96774747
93048582
96751073
96732314
96813930
96617486
96972455
96822499
96893859
96770505
96924075
96877162
96539261
96682388
96625234
96926638
96893082
92713911
96456018
96432803
96501902
96830510
96606579
96762619
96621775
96768001
96498948
96484966
96339210
97597214
96602490
90857056
97248599
96565793
96631072
97074536
96708948
96351545
96636158
96360676
96631951
97271359
96924475
96659718
98769129
96682429
96513903
94036059
96360010
96566462
96836881
96841525
96549332
96547729
96661521
96718861
96542092
95776194
97352306
96410331
96522604
96793285
96849172
96651079
96534885
96203454
96433530
96155614
96467233
96436807
96552336
96568805
96497032
96298594
96660173
96651749
96574893
92961571
96581640
96462755
96767251
96857748
96587013
96695988
92387701
97629419
98365605
99216397
99454486
100062710
96495108
99228412
100288910
99179845
99717063
99165201
88152962
93421955
96165913
96728856
96192137
96685193
96547865
96404339
96559214
96687945
96541273
93624574
96458420
96695912
96477490
96942321
96166858
96589853
96240239
97584195
96112004
91065897
95998798
96212022
96545562
96223495
96245404
97328977
96539708
96118495
96310010
95814184
96449681
96739796
96642774
96117452
96483398
96208010
96395338
96263332
96264836
96080403
96597767
96461755
95633544
96832598
96191168
97579270
96777382
99348303
98980639
95073376
99335091
99207203
99250375
99591182
92855614
99061574
99341790
98961244
96511653
96726478
96338487
96621880
96723659
96699100
96428702
97312215
96400733
96433955
97533781
88031345
98944111
98946832
98863309
99082707
99082207
99969370
99367581
100155932
99279077
95207015
100146892
99931971
99003424
99134007
98886987
98924413
98768855
98646548
98849164
99072574
98671668
99158913
97896725
96378148
96092404
96278440
95879391
95983167
95910097
96867489
96073293
93490269
96057329
96568191
96019699
96379683
95992134
96292520
96273519
96855670
96006460
95984830
96085997
97399480
95985314
97076470
97208273
96115551
96090229
95837653
96298675
95924314
95979154
