321797859
175515544
139758614
109142840
105333385
97961121
98248667
96861343
96307589
109465782
105980205
97031360
98217691
100230513
98408969
98380627
97720798
97263880
98884205
97681081
98278945
103531499
104589410
97399063
93770373
98971399
99109207
98810710
100887764
124658740
124724618
99148837
92564509
95227408
95527779
96095389
95719176
95427003
99232816
96345373
95751542
86847759
96198880
97706497
93769640
97102654
97432279
97679656
97798255
96263951
97062508
69682676
96499791
93356796
91136879
99573074
99064945
98826480
99159258
99605030
104088814
93214187
102043541
102273724
101643091
101559003
101937530
101804728
100962421
102141833
101932506
89537725
102555621
101985092
101589227
101891009
102072812
102042303
101965530
101714328
101795035
97037275
102050964
102140741
95048860
100391491
100130035
101204205
100200306
100223747
102548662
92334243
102154743
102131191
101977005
102243609
102015657
102480472
102298806
101888100
101589976
100223377
102131521
101823701
100973639
102978932
102923343
102911225
103125049
102752979
102712954
96774866
102713798
103144135
91821662
101934780
101862767
101505554
101755980
102077593
102072783
97524231
102440197
102311090
101415700
101492107
101449670
101755131
101615653
101675943
102267645
96975885
85343631
86236886
102903147
101952443
99212691
101937662
101561513
102556862
102581828
91862157
102076013
102166755
94429859
103761224
103421571
103272855
104129385
105321581
104815408
96306468
103441636
104286898
103493154
103705378
103687828
103582281
104099042
105843541
104070779
103735155
104511204
103791026
96404817
103984478
103852237
104065017
104168399
104356570
103817628
100942513
100061670
104059902
96317907
103824580
104289610
103300529
104865996
104750407
106297337
102246776
105097076
103869612
105197032
104949788
105191277
104453379
104368709
104932095
105317119
97986950
105097123
105402062
104960027
105303741
105545779
105206666
105200797
105322786
104086948
104449486
106320346
106311091
97475547
106037782
105956030
104378468
106266275
105403637
106790995
106246335
105960515
106432953
107497658
106302016
106169056
105573576
105682867
105648115
105603376
98216679
105072136
105686949
100614051
101870601
101301206
94431904
102359340
102775137
103196672
98239737
103391440
103630079
94530329
103591632
104201739
103544822
103419828
102330842
105124847
97681733
104144864
103583740
103666611
103489405
103489863
103601626
103337547
103807845
103978649
101005246
103669173
104961544
104312744
104528702
104795200
104114685
102251595
104426796
104198586
96144953
103608057
103724243
97401646
103272353
104061638
102221915
103102242
101899133
101264732
96692824
102893325
101302881
101532979
102037937
102522037
101850136
102062191
102163292
103795912
92699694
101963878
102139419
103099346
102902753
102664134
102709484
102311960
103067653
102534888
101885142
101979941
93613096
96106392
102434407
102816658
102604255
101835259
102923681
