244511218
124431728
84342704
70787569
69102567
68403638
68135760
68373595
72501869
67946759
68459828
67995313
76956463
68275215
68513249
64961050
68062013
68509262
68502220
68200180
68520559
68462309
81229906
68572630
68066391
69097440
68537730
68302668
68276814
68408075
69807191
69656852
67730686
69904230
69762639
69680234
69639294
69919265
74470939
69679631
69647927
69584061
69702266
69751432
69554359
95388629
73828140
69920310
69530698
75538972
69822979
69514906
75294481
69693908
69691562
69712053
70054831
69780318
69559942
70417824
69654778
69855777
75187449
69654601
69486315
70174115
69947872
70153511
69836017
69864453
70470258
69888517
79485427
69351065
69599991
79294589
69683068
69662640
69625888
69758230
69757725
69672982
77998250
72401557
72668588
77723861
78558596
73110918
71971275
71957297
72356216
71923981
75983296
72168264
72173656
88330769
71994025
72503338
72076915
72042923
72591833
73758934
77490685
73196472
73315128
82799699
73318675
73525529
78553377
73847090
73455634
72451965
87345949
72824002
72475836
72418092
72153076
72421805
78273073
72536124
80285328
72718364
77230154
72260628
72370766
72668911
72102204
72445048
72577044
72155956
82519918
78421486
73100207
72050765
72150654
81757123
72039887
72189626
72245041
72095127
72250190
77675892
77109001
72207707
72207219
98363113
72781067
72566431
72822591
72564536
72386923
72415249
72120324
72450176
72531436
72515914
72469279
72613766
72637108
86710195
78088338
72880773
72861718
72934367
72044789
93062943
72642282
78041110
72886105
72611896
73067340
72629058
87939863
72803262
77758041
73062747
72507573
72625538
72520150
72404287
72502505
71984607
72712666
72292205
72259408
73039677
72097251
72257260
72201672
73904564
72226230
72217658
77997490
72720372
77710499
70629630
72636257
72334085
72194771
72368110
72659375
72195503
79231487
72386441
72406511
71967452
72486988
72415367
72198659
72414185
78306946
77248788
71011955
72427271
72403863
79099997
72187931
72283394
73057127
71918243
72885166
72708668
81902630
72560630
72070542
82194697
72139775
72090303
72281765
72359864
72382767
72106035
71571829
72313844
72624890
72376160
72448064
72347650
72112841
72745724
72974770
72949737
75247976
72727398
73279597
72851155
72941228
72751781
72480829
72372715
72818939
72139882
72477669
72260545
72776913
80323470
72371078
72021503
72169805
72458377
72587838
72389964
78190443
72218944
72105504
72410424
77298792
72184071
72551219
72500638
77841851
72895109
83522354
72770399
72780427
77790773
72631067
72513466
72568513
72560075
80104436
73464679
78101659
73451840
73096931
89643958
72937454
72843452
73430420
73246691
72663177
72292215
76353068
72368399
71601390
72148494
71993368
72038794
71894421
71822033
