328290261
187143256
119874730
99716761
106327576
98675252
101727678
111737172
97906515
98767148
97922977
99221043
96716454
112481176
96627717
98525442
104644092
98679563
99120663
98209778
98608188
101347356
98340875
107823907
98761271
96518914
103254236
98502071
96524559
123363903
99160797
98605440
98774870
99111593
98571625
98678133
103785086
98135461
98951632
98804987
99074021
99116713
110360243
105863935
90453005
97238503
101114047
96758370
96899470
97025096
96818597
98310110
97299591
97684198
97131821
92172255
101520923
97229719
96548778
111230427
107294750
101637516
98284684
99568840
96249441
98418729
101192454
98329479
98286910
98456293
98408016
100235464
98854000
100232419
92374165
98410086
102784433
98486423
98095549
98814751
103105823
96368865
99069002
98806757
98910871
98395296
103080647
99270207
99401345
101998216
112071491
96690550
97152837
96997215
98905674
98069927
102004034
97976388
97499758
97157486
96197339
100020105
96904629
80117781
91589382
95856977
100536347
96186166
96030020
95678216
95535185
94599748
95967620
96528358
96161523
95834853
98761315
95809734
95900198
94247153
102266481
97469325
96102456
96220823
96372352
96380610
101124952
96360355
96110509
96142482
96257463
98093982
95936837
96482286
86429369
95998492
101281738
96425502
98094697
98222532
98200776
98692140
98043891
98506055
98268274
98279254
102730684
98126572
98426917
94054214
95296956
98479779
96442319
96686284
96061382
96608170
102553020
96908795
96355808
96852934
96785879
99752089
98108858
99401485
94464272
98640842
103698324
100407414
99902838
99974315
100114896
103730809
100225641
100221451
97902629
98265820
100193483
98781243
98677633
98704769
97275413
101354267
97075320
97461404
97031103
97076958
102856206
96895777
97179888
97163388
96859705
99474500
96999231
98713473
95348278
97421831
103226400
98572529
99067944
98322337
97394210
100669660
96969860
97490794
97191519
96937965
103015534
97644332
96800210
96791618
95535227
98470380
95443847
96280323
96005558
96992882
103163352
97440315
97021923
98002021
98320882
99532156
97218999
97538845
89798651
98271196
100980499
96737210
96901478
96799788
96429839
100711063
96795049
96997346
96468184
97296902
100668478
96272792
96643295
99184872
98325130
99191215
97663009
99404014
98283343
91835955
101050596
98413286
97968331
98650345
98460681
101956532
98578535
100714381
96139014
98155366
102863326
98981561
98422602
98350882
98776736
102320134
98256335
100022427
98700234
98928601
103527567
98642612
98930485
96739391
97414899
100925060
100093090
100676734
100048633
99885503
104052947
100424316
99637048
99661339
98200864
103699221
99066941
99188739
95153264
98241346
103013094
98633998
98384118
98616287
98565820
100836133
98593670
99662701
98911059
98974009
103667746
98643431
98713335
98405120
