4979001
3031483
1923876
1696353
1981806
1775913
1952389
1746602
2061261
1760900
2061194
1746669
1981616
1658808
2025570
2117271
2162028
2004690
2206357
1702691
2107682
1531846
2198789
2120912
2178347
2118082
2177239
1965855
2249801
1882581
2151309
1957973
2106804
1978622
2024957
2147531
2056318
2081293
2043220
1801022
2115283
1903938
2171243
2180603
2168268
2093531
2088795
1771528
2121455
2026091
2092248
2057849
2036674
2222789
1917181
1991839
2034162
2060791
2087579
2143251
2086774
2089650
1873027
1895528
1967806
1859804
1958495
1994621
1869048
2077080
2073331
1922535
2132653
1873312
1890722
2064914
2112095
1962060
2028650
1839825
2102835
1898708
2065574
1948926
1788374
2056757
1933873
2006153
2031080
1940536
2025387
1920906
1905042
1875824
2146937
1904202
2119986
1972351
2008931
2057264
2080269
1813811
2043290
1670024
2160912
1845805
1860830
2059844
2031399
2057981
2030630
1821769
1960790
1910882
2066587
1948592
2080592
1937622
2128313
1814504
2102390
1858745
1773425
2008296
2137322
1751738
2004000
1707579
2031719
1972579
2020360
2024183
2002404
1769888
2048296
1823571
1967456
2715597
5512216
3913485
1998083
1840017
2213629
1938104
2152866
1917401
2166039
1822862
2184335
1780187
2210505
1918128
2036861
2022202
2157532
1909177
1954865
2017901
2031615
1811874
2209525
2014755
2201458
1735584
2152969
1983072
2080569
1903877
2055384
1777731
2159515
1892032
2232502
1933375
2065033
1823206
2162520
1834005
2140809
1824882
2249186
1816568
2160293
1903750
2116273
1914817
2034760
1900033
2069938
1688206
2151658
2104356
2148602
1997077
2208867
1969035
2187904
1968279
2035966
1996093
2134494
1982290
2186662
2120375
2213112
1949976
2176105
2117692
2200959
2109422
2296576
2006347
2103666
1837760
2241804
2132363
2194943
2058008
2222643
2003953
2228410
1699129
2067589
2062015
2260940
2101354
2288795
1875007
2023954
2067633
2277194
1894720
2190453
1909939
2262026
2034546
2286648
2117791
2191735
1802531
2271289
1737018
2334399
2103569
1842470
1988599
1765161
2008958
2067076
1632635
2053804
1901872
2118613
2066032
2180268
2037780
2127639
1807993
2210199
1640816
2301337
1984514
2200782
1956316
2169325
2035127
2155755
2077929
2183682
1929468
2211775
1551554
2212139
1902825
2291453
2089118
2102954
2064196
2170888
1878096
2210335
1759494
2138815
2034589
2051727
2056551
2044647
1905842
2204882
1723118
2186072
1794889
2217460
2002193
2185154
2006556
2037181
1784334
2159137
1895751
