3642987
1679417
1452566
1682295
1822507
2029443
1951253
1936791
1850150
2033160
1939139
1832415
1958652
3129549
4686824
2529112
1657563
1678163
1875255
1811897
1829248
2112055
2171944
1866214
2116606
2152562
2187548
2170967
2249126
1794774
2309598
2126455
2355361
4116310
5066643
4249354
2274212
2364625
2460935
2257162
2454064
2302280
2374035
2394994
2333005
2428449
2240631
2455300
2346071
2464596
2313903
2334862
2111509
2121375
1937861
1969706
2211974
1906460
2047626
1633246
1840274
1820902
2188477
2205246
2065080
2203223
1996354
1639457
2232047
2227167
2142941
1922406
2017026
1705850
2084720
1961420
2204453
1929124
2044126
2029347
2051510
2205257
2060457
1995391
2180253
1745740
2121816
1658336
2058970
1372496
1712587
1935188
2050225
1615147
1965209
1969074
2002055
1979424
2153034
1776619
2345476
2207009
2039639
2031766
2252823
2315139
2073075
2098236
2150057
2299017
2232519
2022675
2075507
2439958
2244353
2067692
2187982
1779111
1701125
1825766
2011958
2176621
2093026
1902019
1885894
2244566
2142394
1992984
2177785
1980021
2032166
2133169
2156635
2096987
2115288
2165875
2102584
2022293
2199150
1997551
2091825
2092649
2050622
2084565
2104947
2297425
2217089
2211458
2435091
2073619
2365185
2328707
2375926
2265526
2181454
2086417
2053530
2088886
2259316
2270495
2213161
2173489
2304886
2323957
2308922
2122733
1941712
1936124
2012340
1918305
2076950
2142505
2328521
1953431
1763044
1892412
2136184
1632727
1727398
2232793
2030441
2120351
2285286
2078598
2103177
2076657
2099416
1911795
2185614
2141815
2134701
2088496
2096789
2324083
2172010
2160618
2062432
2197367
2162552
2241560
2103519
2319436
2088540
2154723
2088108
2191062
2106812
2434709
2192362
2505513
2139899
1983851
2415454
2229635
1956811
2336351
2126083
2011315
2041253
2386404
2211349
2251284
2175260
2313762
2247427
2099315
2225005
2265999
2136676
2110999
2117148
2109794
2226548
1968953
2179457
2482610
2199072
2178637
2417349
2298731
2424869
2183655
2358947
2155543
2455106
2143587
2421800
2138890
2424068
2138310
2032360
2087542
2477785
2368271
2219812
2305013
2258142
2250537
2216679
2241202
2302832
2179395
2099086
2066185
2259823
4388484
4286689
2895293
1182460
2475689
2291082
2372647
2219273
2340736
2424406
2246193
2458353
2308135
2305421
2238662
2530591
2252072
2464432
2335882
2210527
2215644
2284328
2315624
2132001
2259758
2368503
2500294
2413489
2127615
2411540
2574624
2414510
2290422
2369342
2328724
