1076299
681185
1062422
1228616
1382626
872995
1098531
1084493
1458569
1162058
1447452
1294906
1506657
1252524
1379487
1425338
1419056
1471578
1330230
1208805
1659255
1162616
1541753
1241479
1435078
1435697
1437351
1270468
1525769
1206080
1308447
1494505
1554566
1624194
1654255
1493110
1617018
1441106
1529347
1482436
1573417
1351833
1483223
1552355
1678924
1590399
1561791
1310028
1658205
1708877
1614941
1436845
1685164
1431563
1665137
1461612
1609783
1620054
1728400
1420296
1621456
1512130
1702661
1537713
1707380
1549951
1696067
1622645
1748545
1541609
1742405
1466255
1785460
1638465
1720916
1568771
1565964
1664679
1674916
1548808
1442739
1522977
1732282
1575974
1710922
1727213
1736913
1656706
1642936
1449725
1736735
1570708
1797714
1585881
1723623
1400171
1818290
1698347
1689604
1750501
1744952
1823877
1760852
1451778
1752097
1748051
1782933
1841044
1769972
1452917
1798875
1682233
1827105
1681463
1788152
1763360
1838068
1679786
1757807
1502912
1867877
1770516
1801036
1541649
1812940
1504800
1720277
1428031
1736571
1614740
1613478
1518050
1699103
1606629
1922568
1634476
1712044
1745040
1730495
1847446
1786394
1707632
1809727
1723680
1829755
1703290
1760190
1685765
5470272
4198095
2230636
692994
1831549
1769428
1883794
1732691
1788631
1437418
1882202
1640771
1689624
1731964
1823556
1816934
1796694
1585590
1719443
1537160
1651557
1771271
1681307
1576218
1827242
1415257
1686500
1408195
1712669
1767921
1730330
1765560
1597659
1032041
1794005
1633703
1777682
1676954
1712041
1605984
1500711
1596245
1753680
1662803
1652190
1774669
1573080
1829344
1787622
1439238
1559711
1433472
1578319
1552017
1523276
1542492
1631835
1561133
1648454
1393175
1593867
1612994
1695525
1701370
1630179
1422198
1416332
1597880
1551394
1336273
1592055
1414462
1376752
1343950
1428846
1384748
1542361
1342073
1467729
1385876
1564404
1514239
1313566
1660710
1676157
1738046
1780271
1732155
1685460
1734825
1740695
1577698
1801826
1675749
1780981
1753919
1784184
1592794
1700635
1490664
1849826
1581133
1549234
1556463
1699678
1715954
1575777
1606101
1478963
1761189
1796900
1614469
1754921
1659317
1886047
1705069
1807961
1804355
1820884
1869979
1864440
1806079
1730221
1836969
1896443
1877843
1806816
1706962
1797465
1828317
1802591
1711210
1773480
2023608
1882736
1771318
1825576
1776013
1867846
1846867
1703033
1657430
1811932
1790526
1469009
1435388
1472342
1449073
1497807
1554872
1765910
1801816
