1033412
3391842
1997970
1374970
951270
1263325
1161640
1364097
1415548
1286165
1172401
771922
1239991
820644
1146797
1054012
1148575
1147733
1162291
1132869
1207951
1124392
972990
919489
1305566
1037201
1209266
1302971
1263747
1007670
1022708
1218903
1151110
1131164
1167117
946746
1235951
1075060
1176736
1035399
1188296
1035742
632298
858151
1145636
953728
966345
1030755
1241110
1223912
1083898
914223
923766
771518
1066624
983099
1282636
953667
1128828
879891
814288
744189
1261825
965657
1107602
876999
918139
1053361
1081668
1084268
1015645
1181962
1020984
1234524
1250245
1006347
1202469
1178275
1201650
1158152
1276404
1303326
1050315
979196
1242440
1332972
1142838
1245105
1135981
870995
1053643
761294
1088551
1437233
1267923
1221814
1311151
1415747
1117757
1092427
1413259
1402192
1252228
1012180
1218116
1052142
801086
714803
1106749
1047149
1110370
752535
1149411
1165453
1083470
1078234
1096337
989565
907144
962432
1068805
928565
863792
1117617
989476
916527
1058651
1093637
1073228
977627
1077625
915285
989044
1060922
1074273
1215073
962679
1067665
1057986
1092000
1062362
1093860
932955
1058134
1048556
1167449
1131877
991604
945147
914102
1044135
950352
1022446
1033751
1080691
1128886
928683
1122967
952710
1103174
946555
1097821
889904
1007730
1023561
996779
1049101
918442
998237
980634
875365
816293
1079334
1085862
1075266
1116363
908867
1027860
1021469
1102677
1018425
1098057
919327
1023150
1083870
1170336
1082565
1036010
906387
1130971
1038049
1165697
930039
1148227
954135
1085099
950353
984074
1087942
1033400
1082688
942647
1021260
1040472
1059992
1131104
1057996
1108038
1130311
1028174
1100605
989613
1097350
970721
1069401
964988
1045954
1162616
1018981
1072416
924880
1028339
968127
1088123
1086546
1171075
918683
1134219
1076708
957767
1036923
970157
996297
1078881
905736
1063419
1102751
1069374
1063964
1117029
896096
1007151
1063979
961136
1065201
1124374
1025501
1017129
1056367
964715
986102
1053938
983800
1374140
1995784
1314852
886676
1004397
1076617
1168471
1021318
1069733
1004821
1061391
1025358
1089413
1079276
975077
967012
1109350
1039844
1130589
1079822
1085637
959374
1224536
1032915
978460
1075288
1137555
1010522
1157512
938406
1118336
1014566
1171834
1029037
967208
1060155
1174197
990303
1135441
1031324
1115001
1075292
1097587
1023101
1193266
993954
1027938
