1326409
607655
845765
722956
1415776
1019783
1548801
1072818
1295780
1060002
1472683
939888
1034271
883869
1462563
1210436
1267063
1152623
1600681
943859
1174437
804027
1381573
1494153
1628278
1334074
1599825
1342305
1544247
1288878
1588369
1194010
1435608
1417867
1583423
1329889
1553405
1436698
1505077
1042687
1566784
1436868
1679507
1607134
1449435
1345829
1593237
1282792
1589698
1239718
1651990
1147542
1349182
1564419
1566140
1048739
1556413
1490017
1542321
1302917
1385658
969841
1467193
1569519
1693088
1405461
1466373
1502387
1625633
1673215
1578865
1651801
1653407
1695211
1607060
1536672
1615128
1559865
1757028
1623125
1673556
1623867
1635338
1562693
1648939
1416093
1656376
1595034
1702599
1597271
1546331
1643087
1724924
1565562
1618540
1443668
1645701
1331724
1140467
1009177
1555063
1393091
1648044
1227712
1540982
1483440
1726070
1230312
1710992
1438509
1673490
3752589
4695684
3504496
1537084
1289881
1566759
1298302
1530644
1474987
1568096
1779729
1710299
1494653
1705058
1417675
1729323
1547815
1675505
1531516
1662933
1610006
1659224
1509976
1621678
1666677
1605115
1452920
1687291
1510420
1749769
1693844
1730556
1642948
1663414
1657543
1743324
1361428
1694361
1651541
1685018
1666666
1663237
1646361
1678150
1535196
1661069
1438206
1624579
1572224
1574650
1591993
1676511
1561307
1600759
1467159
1578469
1640315
1667233
1454056
1605388
1630076
1461838
1360088
1554143
1466287
1640071
1577727
1586022
1508419
1573955
1567145
1621589
1489585
1545983
1542651
1492861
1597091
1570525
1500346
1550593
1191982
1646673
1451231
1595490
1621490
1519638
1402296
1566103
1478973
1604494
1578705
1604144
1531248
1635340
1554769
1663661
1555557
1577388
1638174
1602099
1627687
1610925
1501055
1647909
1484777
1494313
1614398
1553558
1551480
1602628
1569930
1563486
1485922
1594440
1686060
1539264
1448245
1660625
1584633
1686735
1619484
1643584
1692855
1705753
1664964
1685064
1644092
1695249
1459804
1483367
1300080
1529189
1595729
1696919
1625430
1592390
1687909
1662703
1724378
1512740
1689465
1692294
1735306
1670491
1553831
1551605
1656649
1583715
1645306
1626503
1662703
1605566
1707816
1647377
1589252
1537384
1676974
1669230
1540246
1533626
1671557
1697388
1714102
1664484
1665226
1711467
1669293
1688695
1663564
1652891
1462553
1775551
1711673
1681501
1582933
1760731
1677976
1652779
1597464
1710957
1599345
1715077
1650305
1641664
1712226
1722094
1676567
1661217
1671490
