3226290
1558036
1352511
2146365
1556513
2237229
1943261
2235595
1846184
2319361
1844475
2243980
2161795
2063307
1834955
2277695
2287370
2407614
2357044
2427328
2251105
2403887
2348681
2312002
2212204
2384669
2370145
2502936
2507531
2369731
2185653
2348934
2377750
2422445
2219783
2334376
2324650
2413173
2487045
2539997
2568952
2555903
2452442
2550509
2437872
2218543
2216095
2484443
2557182
2458140
2329516
2635796
2619333
2566069
2190895
2217553
2372105
2043791
2234176
2394039
2400038
2490888
2501799
2463942
2381381
2373609
2237224
2273268
2167250
2332058
2435961
2434966
2494218
2443675
2343010
2338385
2356538
2337816
2081037
2282084
2321134
2398019
2097201
2214528
2135001
2131514
2312473
2279736
2160647
2250058
1998369
2322910
2313752
2343925
2306824
2299580
2427791
2210374
2009155
2232650
2088337
2008976
2100791
2269048
2261778
2329744
2185119
2383333
2222888
2360381
2290837
2398051
2168988
2290325
2178557
2268773
1991500
2049307
2244053
2299025
2221683
2345165
2263071
2314090
1914765
2076152
2257149
2347320
2330163
2370021
2242336
2350234
2120673
2333280
2338326
2301377
4470942
6071541
5107835
4247855
2347684
2392838
2362472
2361707
2290766
2315744
2405292
2333391
2314859
2329507
2149026
2349092
2309736
2357304
2305710
2420473
2255447
2294153
2009950
2307732
2200478
2340403
2190060
2168105
2049983
2205929
2158432
2139900
2020895
2166957
2158820
2355937
2183058
2317937
2271789
2233685
2150738
2303523
2248181
2325226
2197243
2352951
2151935
2336378
2374474
2273061
2330223
2383618
2311095
2363131
2330730
2343521
2317993
2295956
2345749
2327641
2352024
2341545
2157372
2390069
2337982
2418797
2253079
2401411
2362131
2376655
2326406
2349053
2428855
2405192
2124103
2421391
2307051
2292077
2168445
2335385
2475044
2395741
2369327
2417361
2260686
2375546
2339955
2373838
2207185
2372841
2326120
2399657
2207399
2224766
2234148
2383340
2257236
2368575
2344685
2422961
2183759
2428901
2111558
2356114
2222803
2390398
2226419
2382076
2227928
2156433
2329026
2458129
2385809
2371882
1949627
2400921
2358809
2382307
2095900
2223863
2430401
2383401
2404641
2404905
2339343
2436192
2311754
2361006
2353771
2308712
2368604
2466196
2376825
2390077
2289455
2406163
2353684
2418174
2317520
2331546
2451407
2395087
2325224
2397004
2282324
2368151
2384627
2389565
2336246
2399795
2362301
2460941
2291090
2372791
2011512
2426370
2340936
2548487
2315029
2370158
2531097
2476882
2495537
2444841
