4277810
2531790
1473433
2325569
1636449
2232982
1569624
2300994
1685081
2322982
1748533
2383562
1779828
2234585
1878931
2321955
1825617
2385695
2450164
5355810
3436715
1820757
1883438
2494454
2596721
2255468
2547073
2347687
2308892
2348168
1723267
2347563
2250717
2570655
2518930
2419512
2423329
2383126
2204910
2459889
2170805
2434814
2223059
2483050
2536124
2339939
2415409
2445376
2611508
2587989
2706635
2620209
2652309
2362432
2585180
2440048
2672311
2471866
2577728
2287396
2608520
2339338
2463284
2298991
2566832
2475734
2576125
2562634
2619309
2339617
2529644
2447453
2614691
2466293
2724444
2446128
2579514
2433563
2578518
2353963
2619441
2464848
2727628
2581581
2539341
2441533
2570535
2464193
2584120
2463392
2623717
2459637
2594541
2437376
2527800
2378927
2610080
2576636
2679775
2640154
2683617
2494970
2388854
2463013
2523672
2588000
2677419
2634401
2705112
2450458
2578910
2439797
2570370
2450810
2622251
2464819
2730482
1973095
2267225
2290701
2539019
2521775
2649341
2523354
2646108
2248052
2383403
2306173
2710951
2489769
2665409
2321965
2333395
2249556
2518560
2324587
2386176
2472227
2599121
2502426
2587269
2245681
2615857
2411161
2520939
2406609
2635955
2510935
2621881
2410960
2570192
2491839
2564568
2527921
2720175
2502794
2564679
2445869
2636030
2441453
2610231
2414358
2632075
2538464
2641212
2478994
2241188
2267163
2417853
2490819
2513820
2313853
2558599
2456943
2572110
2370984
2528979
2573178
2587511
2502610
2639663
2450636
2583581
2324882
2551964
2431625
2516404
2512557
2597646
2362123
2473058
2272377
2361899
2465978
2569705
2367092
2437883
2568808
2581700
2347142
2468423
2447034
2626710
2329898
2563854
2477407
2519554
2342089
2473850
2312839
2455668
2417977
2541690
2450449
2447935
2235778
2428365
2363692
2544380
2332168
2468474
2473013
2546099
2452109
2554700
2482163
2736002
2372918
2542545
2467353
2551189
2375669
2529439
2596360
2659946
2364237
2559396
2446720
2293018
2416752
2413502
2349395
2660917
2405833
2490906
2403188
2366837
2257453
2202336
2184150
2318152
2147247
2443599
2233454
2442952
2511023
2470777
2360346
2497103
2320278
2472499
2404376
2611100
2319146
2341389
2287325
2481293
2379303
6428731
4732530
3108660
1955062
2651545
2563804
2644169
2433588
2645015
2418019
2528604
2320029
2636872
2389748
2543289
2378072
2631520
2408249
2561403
2275461
2573004
2180818
2360818
2375272
2274281
2680311
2356121
2246971
2354086
2288106
2549188
2254991
