1497683
971744
869123
879084
1235749
1028571
1305931
1114806
1387423
1036496
1314561
1235403
1358287
1040598
1261114
1139856
1102499
1126745
1308569
1021483
1341708
1014330
1456056
975279
1190123
930922
1386292
961653
1391806
988812
1393877
859518
1313851
1139078
1326052
1115619
1365612
1091019
1434037
1057948
1408780
1038319
1395489
1121561
1297517
1140027
1315671
1154656
1278086
936805
1440074
1065414
1381058
944875
930035
963136
858228
897788
1350747
879642
1293737
852154
1399843
951492
1333592
960962
1410317
1118441
1313155
935813
1297122
935348
1329622
947974
1125697
1187894
1132155
1001249
1377333
909959
1360603
951861
1421753
1024070
1371852
1056789
1419168
1134473
1406122
1123491
1400080
969321
1109861
1237341
1128320
1194174
1268309
948773
1337405
1011314
1205110
993690
1414990
959032
1136423
1078941
1187784
997955
1321112
1156240
1361692
1088440
1299153
956851
1353539
1033275
1332541
887936
1385989
1122477
1268121
1044502
1302481
1128815
1103895
1038148
1132740
1074955
1413076
981539
1390801
1035070
1409576
1133548
1377471
1252147
1405612
936067
1367916
856512
1322103
1075931
1390957
1075874
1099135
1134958
1465362
989747
1422843
854290
1173371
1135460
1395593
985363
1331786
1148179
1380722
999505
1432347
956473
1392170
1087489
1189961
1034736
1315488
1091412
1377287
1106031
1320413
1152216
1391048
1046655
1376065
964336
994892
1087699
1379101
921312
1414737
1039165
1409767
922802
1340317
1220730
1314670
991103
1399096
1097705
1275661
1196696
1416782
1063094
1060447
1150890
1102534
1145493
1278761
1227726
1413538
1079183
1313052
914787
1412420
970212
881046
912728
1000704
1058315
1057189
1038853
1130281
974035
1424188
934945
1312243
1002195
4182907
2335609
1804635
1075661
1354687
1101675
1305931
1099436
1355224
1065544
1399372
1003925
1468913
1065753
1356829
1011932
1297462
964793
1043815
1072894
1119750
931037
1304522
1027022
1391586
1029366
1363882
937389
1439709
951121
1043104
1008309
1476997
1086500
1317150
893372
1265009
1115240
1358692
957879
1428317
1055283
1328794
836117
1436787
924492
1368930
1007659
1302027
917405
1331342
964499
1311812
1010309
1045560
1111491
1257165
1129496
1162615
1264100
1271525
1219627
1418940
1048194
1371852
1106078
1241715
1106134
1280572
1230256
1267064
1092815
1380072
1015019
1189365
1081728
1279571
1242738
1194834
1270141
1400883
1091949
1193890
1183804
