1163819
988692
1322821
1357540
1236415
1452525
1590355
1261515
1363032
1362140
1223467
1450842
1350901
1487326
1468729
1263369
1563639
1292275
1646719
1469346
1573406
1508709
1654692
1410483
1745038
1389817
1739156
1372147
1709779
1427041
1724962
1363101
1729639
1395587
1516926
1478928
1459398
1167379
1612451
1515082
1766030
1526310
1723775
1566053
1570749
1389794
1662150
1587857
1646477
1528928
1621915
1090910
1443193
1413917
1532952
1238399
1715304
1494934
1726971
1269009
1559756
1498361
1655433
1604253
1647050
1545828
1697074
1541547
1757905
1412275
1622534
1509662
1694200
1565333
1654607
1567762
1551705
1715485
1698303
1127658
1573901
1596669
1757920
1287737
1562818
1555629
1572205
1606667
1323786
1659400
1689466
1571472
1680686
1575758
1738593
1548974
1745010
1502743
1767180
1518313
1674049
1655609
1716080
1786661
1711840
1552527
1782339
1510545
1678230
1657689
1808772
1765635
1584624
1586298
1675999
1523668
1749150
1449696
1752005
1602706
1698963
1594760
1741569
1557906
1668491
1678168
1717267
1543723
1639007
1643425
1699245
1581710
1629790
1758482
1867143
1475019
1458773
1405510
1412075
1500955
1220839
1149224
1121653
1455867
1689235
1646624
1611770
1676956
1277913
1440701
1402521
1557120
4473103
2586266
2088945
1080140
1724507
1691245
1548084
1624410
1676819
1641480
1731046
1461778
1672968
1527339
1726921
1660127
1711671
1495526
1508488
1446921
1702196
1596069
1625318
1595660
1717144
1505372
1684866
1570605
1259352
1717089
1671296
1595013
1405317
1400183
1779162
1474991
1593172
1546254
1604093
1679357
1611734
1591697
1598710
1214514
1723185
1444902
1572033
1520253
1499307
1567050
1688183
1595565
1542689
1513977
1583039
1597356
1642690
1599967
1725152
1546705
1566276
1573018
1515002
1550579
1582609
1590317
1669740
1608518
1494942
1516370
1591495
1487995
1752667
1426321
1574036
1569005
1615654
1604761
1576297
1581385
1660836
1529897
1603783
1473993
1478672
1452016
1295746
1369784
1552434
1520823
1600103
1612724
1569035
1559542
1574621
1551377
1509293
1369961
1522589
1633690
1461826
1389696
1566012
1399019
1733421
1612373
1722680
1475336
1546258
1575233
1796328
1661819
1577573
1503741
1567173
1538794
1514227
1491701
1577919
1480415
1710389
1510923
1655544
1412603
1507225
1577314
1540560
1598446
1596605
1477436
1573067
1533867
1617500
1147046
1556499
1527239
1397686
1532912
1650861
1141277
1670358
1630708
1635744
1459486
1642494
1595649
1499172
1557593
