1733419
3423882
1764110
895179
953437
1322774
1041530
1416538
941156
1278723
959924
1399188
1012655
1370138
907632
1352169
956906
1391256
917854
1422883
1211363
1438536
1194742
1215479
779243
658257
832940
919580
906755
934117
1011850
928290
926167
1326073
824303
536753
404303
962278
1060229
1261112
959738
1212228
1087211
1205837
900670
1210225
825604
1093821
869979
1216949
940913
1308155
972616
1242227
1025926
1365845
974705
1181267
983466
1079538
1118288
1212249
1193297
1069687
976847
1090501
653837
1023107
845533
800989
820704
772123
727747
646800
727834
828252
770369
1094149
800059
1003801
908501
1194773
971890
1368121
953125
1336765
988225
1296613
1128985
1371199
1152919
1380676
1149824
1242421
899514
1300974
1130410
1398070
1060117
1432001
1192253
1412599
946819
1358995
973056
1502132
987167
1284409
909561
1341055
1166108
1081671
1031156
1246564
1064681
1447130
1241946
1170811
981822
1097407
1122113
1301286
1135228
1159337
1306320
1349053
888891
1286096
928224
1519490
916060
1296094
1048339
1273255
977331
1447266
926351
1366128
1344489
1393534
1256334
1373547
999701
1277540
896664
1448279
1174904
1314240
1058652
1341395
1361819
1455362
1119526
1463321
1304454
1426942
936500
1389037
1079171
1416870
1012641
1274064
1081608
1312465
1195477
1500658
1151289
1347139
1057457
1509770
1146753
1388538
1177958
1467590
1239953
1491302
864429
1404029
885821
1464465
1004495
1395242
1185298
1308634
1078909
1341962
983417
1441248
819078
1379853
1113907
1476962
991480
1241285
1265866
1418012
1148864
1479252
1013991
1299291
991193
1360710
1198556
1380116
1063121
1264209
989329
1336810
969817
1429739
1093632
1321791
1025821
1392355
1300963
1245914
1073682
1219270
955211
1322640
1099893
1455810
1032772
1434290
808718
1461570
794278
1500561
1050421
1392681
1190559
1399361
888086
1352685
1137731
1512136
968915
1377598
1164532
1178503
1101872
1300924
1214274
1127518
1313988
1468426
928591
1407659
1180718
1365904
1097897
1329546
1045453
3900898
2998452
1097276
1162083
1455838
1026066
1345723
1299159
1291501
1088918
1381935
1123276
1465971
1126063
1392555
1234806
1340510
1187189
1419908
1171043
1371702
1131878
1400030
1095012
1362079
1242650
1467366
1213477
1314545
1324632
1323913
1169677
1416785
934192
1307015
1234876
1279978
1253614
1403640
1337030
1485359
1266318
1359548
1198092
1376197
1161834
1414802
