752278
950011
1202662
779805
1071456
1126816
942705
965726
1120371
921772
1287753
38688393
37381904
35417040
3364226
3506170
1511706
970866
1734751
1385883
1696465
1339095
1698749
1001349
1755169
1410431
1594060
1057844
1560742
1084034
1679754
1451342
1652430
1263012
1727891
1470739
1710496
1448098
1819902
1411783
1785950
1416248
1792143
1354398
1633301
1528108
1726721
1557939
1781051
1464446
1879860
1483872
1747231
1532890
1838792
1498520
1622555
1524999
1765757
1194654
1648337
1459341
1706641
1360975
1811755
1358147
1430802
1365588
1679985
1342935
1576329
1437122
1370492
1245385
1350943
1183122
1696719
1424334
1459528
1276731
1601258
1548490
1426234
1027979
1722169
1357269
1645016
1312608
1729492
1288738
1637373
1350052
1584044
1484978
1586084
1582070
1387119
1424570
1649278
1396223
1851100
1460624
1630004
1341354
1410803
1162036
1499247
1145130
1493844
1658677
1404376
1358002
1571645
1463606
1730559
1506100
1642488
1247414
1432949
1040970
1627361
1148409
1506043
1086032
1883707
1487027
1441285
1260335
1468032
1418097
1548821
4615649
2876605
1838242
1259731
1544234
1509444
1630700
1610625
1428713
1634898
1165300
1421943
1020875
1639411
1338923
1688201
1454315
1581459
1147082
1272565
891498
1681355
1080232
1356077
915500
1518937
1259416
1570033
922807
1768841
1273867
1769393
1111124
1693041
1267791
1631089
988929
1577136
1069077
1645107
1208242
1485790
1028668
1406073
1324022
1568444
1249727
1382019
1028644
1479859
1348096
1428988
1097610
1615291
1532513
1594454
1148863
1506885
1123865
1696036
1478651
1629285
1485733
1406836
1762662
1434260
1413992
1537120
1641184
1764729
1710322
1772983
1636937
1739932
1448934
1801982
1543954
1787541
1790688
1692956
1686706
1775330
1701871
1716457
1578153
1645270
1553019
1674539
1719472
1642535
1690532
1688794
1603384
1699497
1537138
1634279
1750426
1769149
1237663
1648030
1643885
1569459
1561903
1696910
1755581
1690259
1751656
1664569
1501642
1660464
1560103
1805273
1542316
1681436
1549849
1624834
1708050
1730286
1817511
1690135
1696946
1756882
1713105
1712150
1653530
1937069
1831316
1690020
1703971
1789772
1916713
1692792
1643002
1783515
1558589
1544273
1629879
1718474
1620376
1658098
1687474
1661752
1704306
1677965
1725390
1733091
1656984
1750056
1688797
1873153
1750887
1656911
1723695
1709271
1786791
1681950
1658372
1665456
1687249
1786052
1692425
1842205
1781172
1817885
1748805
1838546
1766210
1654862
1964117
