2677715
996977
1353045
1717417
1626884
1276420
1433069
1384679
1377888
1198250
1653194
1227550
1479255
1404159
1594928
1859812
1932256
1408864
1893286
1756555
1895473
1398210
1538362
1404401
1832856
1530312
1924212
1801768
1908059
1635517
1914577
1464043
1679374
1341614
1731101
1798132
1924928
1193521
1908309
1370054
1831961
1794209
1928705
1739480
1930499
1672321
1910746
1788849
1910351
1940887
1915148
1907483
1949006
1693671
1844697
1780225
1909366
1937652
1913765
1886167
1721565
1538716
1893670
1872063
1863813
1439688
1861863
1835952
1880931
1516716
1870353
1757658
1862369
1486552
1813454
1512719
1872093
1782949
1882177
1577233
1861196
1591681
1904291
1685080
1865294
1770542
1877315
1567811
1877384
1393709
1876110
1693004
1736709
1248616
1830656
1395013
1839940
1242839
1948960
1640247
1853759
1187397
1838079
1770424
1627405
1193471
1949951
1647754
1652093
1152650
1628526
1385709
1843351
1294776
1868660
1803458
1916966
1445498
1642350
1161651
1891905
1173034
1733202
1265175
4185568
2263795
1589325
1312451
1762902
1735315
1714856
1615411
1533780
1346613
1709226
1727738
1532602
1230739
1721894
1553454
1660479
1448659
1678097
1513219
1749543
1637961
1563284
1326051
1751226
1481294
1723239
1498540
1570108
1406248
1728495
1395757
1817783
1502780
1823133
1608096
1270974
1561600
1408195
1492008
3035823
3483696
2418915
865975
1666318
1298502
1637361
1353033
1488454
1542334
1642551
1353644
1637420
1285037
1732692
1543389
1653069
1470773
1646824
1371112
1651814
1440439
1645177
1428929
1649204
1478748
1648183
1352677
1611237
1483488
1643891
1503583
1653897
1396148
1648100
1341098
1649776
1542945
1643014
1571766
1644892
1564909
1648589
1608065
1635027
1480019
1638045
1434488
1649701
1542577
1695469
1271696
1661392
1620196
1650870
1533328
1660866
1575826
1620197
1584241
1641429
1643044
1549306
1554903
1648019
1612461
1645111
1558726
1710452
1559442
1641934
1594401
1606756
1632876
1709097
1556027
1647811
1516046
1614291
1559690
1645265
1623137
1647312
1633551
1604007
1631157
1649528
1661465
1711818
1623385
1607591
1526159
1704666
1523419
1642098
1511259
1612581
1623963
1643152
1555264
1664320
1611083
1605397
1638031
1713743
1637191
1659074
1576900
1647764
1608580
1637714
1575076
1708644
1540510
1655297
1618625
1618636
1656003
1644089
1607977
1647703
1612511
1609641
1632857
1648218
1647332
1644798
1630981
1674231
1627120
1613830
1527149
1651091
1569194
1640878
1601621
