2712206
892614
1216629
1543408
1444345
1562413
1391430
1456021
1529565
1594659
1497924
1632744
1607326
3460519
2522438
2068889
1497281
1505524
1586888
1663158
1681427
1732672
1779797
1735064
1720918
1735247
1765935
1821268
1809679
1715830
1838620
1712514
1552576
1574271
1654081
1626562
1732247
1649058
1550487
1726233
1588622
1741739
1713294
1740784
1686082
1737158
1658734
1531454
1575356
1716368
1739966
1743424
1721051
1717607
1747461
1776933
1661865
1702563
1754963
1520647
1395733
1656605
1583276
1419389
1370257
1344978
1436714
1757968
1858144
1761137
1500579
1636975
1440488
1453714
1493673
1518613
1698253
1823403
1850248
1781085
1748538
1826092
1800361
1803983
1790857
1824900
1848354
1810597
1761816
1864068
1847954
1885616
1686258
1756324
1848854
1894875
1766507
1968221
1714342
1768718
1666578
1785516
1581624
1825454
1633081
1880121
1588370
1867704
1667343
1817490
1670716
1763380
1629402
1805364
1588439
1655753
1576714
1800409
1673082
1841018
1578561
1585797
1395084
1769394
1606997
1779843
1508735
1632552
1584738
1530794
1688476
1570382
1599745
1778710
1660107
1718187
1530751
1785657
1573780
1618961
1505774
1569824
1548015
1620864
1530729
1611854
1482859
1487379
1492174
1770883
1647659
1570894
1649986
1706116
1569777
1776873
1500100
1783044
1668133
1784927
1646123
1661422
1503291
1722283
1579091
1743261
1483100
1539671
1708339
1881188
1833608
1714556
1823328
1896558
1776389
1870721
1911152
1847024
1744044
1811149
1827900
1794480
1777686
1834263
1805215
1823421
1751954
1866448
1945612
1690294
1704737
1724283
1749243
1727123
1718673
1727893
1633255
1720398
1709516
1808039
1879601
1804660
1825984
1868354
1622093
1822248
1883894
1786547
1842954
1880041
1633237
1644752
1609057
1811854
1780914
1825344
1817646
1836781
1786003
1822788
1806240
1842313
1789834
1745759
1906440
1804227
1777118
1830603
1820626
1824444
1778819
1858967
1893846
1898641
1727712
1824767
1805817
1825344
1772449
1693698
1626101
1532445
1578796
1754089
1762952
1768143
1602721
1810987
1527894
1745126
1639190
3767785
1811199
1222183
1486559
1464050
1554513
1616632
1598751
1577302
1539031
1684145
1551285
3347144
2138697
2474692
1356132
1665420
1593229
1776019
1675652
1787888
1571583
1720103
1599542
1772540
1581891
1776396
1613071
1807990
1607584
1793754
1547335
1605166
1525653
1821964
1606496
1715942
1572025
1797998
1676491
1770062
1587626
1833580
1652106
1796244
1653302
1814094
1651223
1863195
