2380369
1050086
1146072
1382995
1211326
1673158
1609432
1525278
1291637
1822374
1460490
1798959
1687015
1748727
1711684
1810420
1743772
1807808
1660677
1868089
1472598
1873641
1447503
1644577
1441444
1759752
1506207
1852066
1786142
1832801
1792188
1914456
1607084
1895330
1632803
1900098
1762344
1811402
1416850
1820725
1295328
1852585
866074
1747781
1524727
1502848
1447998
1681001
1431952
1690887
1278235
1717267
1383274
1745497
1405299
1641858
1594770
1637846
1302114
1754792
937957
1265621
837448
1699903
975552
1319103
872973
1704500
876258
1749447
1174617
1473213
963511
1629735
1057890
1612876
1097143
1583434
1025083
1251556
1107825
1635335
1145114
1704056
1431351
1625246
1046062
1495926
1033137
1639702
1159653
1650836
1180646
1634095
1048298
1599334
1491149
1586764
1169856
4723229
2777561
828417
1304591
1746651
1446301
1636768
1247717
1632441
1148134
1608857
1464948
1258565
1462927
1618490
1448280
1180817
1014716
1716959
1431274
1725963
1232283
1623540
1331481
1546463
1227442
1721241
1038879
1705203
1236518
1576377
1363994
1603581
1128093
1530470
1124550
1687189
1402040
1594134
1193410
1401320
1136328
1669092
1387609
1685508
1281678
1678047
1347644
1692475
1130467
1684315
959660
1718377
1381095
1654900
1015950
1803403
1168097
1543539
1575164
1659722
1251936
1540265
1396495
1653269
1234401
1502596
1345440
1657745
1207848
1611682
984660
1622501
966655
1263535
1091587
1229051
973432
1265107
889411
1628761
1066947
1606923
1226661
1578723
995962
1614062
1063742
1622626
1201932
1571516
1077467
1480193
1191135
1602392
990099
1674510
1584434
1427027
1144260
1610235
1375236
1637451
1172317
1618891
1414949
1643567
935772
1299762
998673
1439455
898405
1278309
1037514
1583744
1415596
1439878
1190904
1534557
1556005
1647650
1557361
1600331
1596696
1503923
1331633
1498797
1047160
1575557
1323517
1669849
1398058
1674380
1383391
1649649
1236513
1385323
1034036
1612913
1413685
1598734
1189966
1541991
1170255
1643902
1411044
1615369
1436530
1672712
1430785
1573581
1176045
1691196
1340410
1612714
1518946
1556486
1429320
1429914
1088585
1637657
1384009
1700102
1451169
1594008
1262712
1287341
1059749
1345305
946274
1268852
1218231
1277278
1356483
1479003
1192986
1563720
1319222
1482867
1290939
1542879
1434908
1591351
1191752
1567273
1405525
1536528
1288747
1593752
1434165
1531469
1352708
1688952
1201695
1672435
1327466
1646259
1471546
1577137
1237049
1632724
