1787547
1383066
1195365
1387717
1355715
1309071
1441042
1361265
1421865
1553288
1269594
1422996
1257558
1572717
1176720
1486471
1384476
1501364
1451141
1837413
1418539
1585223
1544280
1543759
1561323
1719315
1624133
1752540
1466152
1168829
1487075
1537447
1469411
1655664
1588947
1726479
1444162
1556061
1358498
1562056
1615599
1619382
1491875
1705993
1461744
1490243
1450840
1363203
1487956
1580743
1571655
1688071
1515496
1667002
1549497
1744234
1699517
1748680
1597803
1814418
1787347
1757428
1642740
1778764
1556026
1737369
1641223
1601243
1710148
1703767
1581699
1638515
1548844
1655116
1615208
1791542
1697077
1734333
1596496
1755506
1657672
1872017
1675932
1720591
1817669
1799720
1611616
1871470
1633356
1817888
1841042
1762072
1753423
1777926
1654812
3415735
3626140
2042826
1886333
1843037
1913009
1861361
1668137
1874704
1719547
1866747
1724909
1808554
1709678
1848750
1681833
1930756
1791797
1798319
1745933
1866290
1927328
1782824
1664560
1921860
1705427
1770004
1758078
1852224
1902492
1896409
1654532
1876508
1689327
1824348
1747941
1859942
1773412
1873158
1631141
1868815
1715955
1823368
1601572
1920502
1334767
1811574
1714986
1860249
1761026
1770030
1713736
1949749
1715942
1873319
1845454
1820908
1870093
1816440
1913580
1981484
1710702
1878966
1789234
1891188
1889853
1917810
1688822
1643498
1866143
1943313
1719927
1790594
1893940
1943287
1587462
1861586
1815890
1848718
1743103
1919389
1817648
1893805
1423605
1578417
1756926
1908220
1863137
1812826
1781558
1920268
1635368
1847965
1820617
1915385
1772234
1604561
1837597
1815367
1754902
1883929
1738105
1894715
1930231
1914202
1776563
1870496
1715079
1436967
1925259
1878091
1501547
1835250
1735687
1758885
1691407
1707472
1720698
1688107
1736789
1686409
1729542
1676064
1671523
1655692
1743289
1675088
1714459
1724537
1593032
1823321
1755344
1666363
1677096
1536552
1686903
1569438
1777584
1631553
1757988
1666122
1619482
1525651
1737653
1726403
1820433
1818299
1661632
1862584
1782200
1570106
1757934
1702737
1725057
1866648
1669968
1896151
1715436
1873628
1676402
1888094
1772963
1864014
1671038
1820377
1650189
1908518
1669302
1919104
1506082
1613618
1625740
1813067
1601142
1903934
1539737
1854310
1638242
1677632
1624635
1962782
1727116
1901420
1665146
1716975
1700821
1809703
1706443
1831651
1685363
1870798
1592510
1777468
1663551
1859603
1658813
1511690
1408207
1560456
1712359
1788448
1670226
1825661
1566108
1910431
