3677567
1656631
2298193
1879491
2176415
1804644
2299041
2002863
2336256
1971191
2274199
2125316
2387764
1943398
2419896
2073561
2295126
2138605
2119101
2201638
1950402
2327790
2101983
2304253
2190240
2128410
2632469
2407977
2286715
2240964
2192151
2360414
2174692
2161380
2247410
1973151
2414196
2206183
2134801
2305947
1990662
2327199
2200656
2428026
2187888
2352568
2191868
2297752
2112769
2550962
2116902
2549112
2121112
2593496
2006792
2593584
2645744
2532506
2591248
2378900
2591872
2439922
2641147
2383886
2605445
2454475
2647762
2364987
2655906
2435437
2564105
2369009
2601006
2500977
2597692
2361046
2731228
2208069
2735756
2471692
2600676
2491069
2572909
2337322
2715457
2147401
2715247
2195099
2502424
2366658
2307143
2442664
2351598
2087021
2476103
2381741
2432978
2331423
2479934
2061028
2639928
1954523
2517114
2430294
2521401
2430534
2468922
2377085
2396019
1950065
1911707
2165807
2189856
5391330
3322605
1718521
1860888
2016693
2241027
2166781
2300147
2341913
2290083
2418277
2266458
1982593
2373881
2205941
2274787
2297128
4064049
5344915
4491523
2521042
2279648
2027285
2649559
2236587
2529817
2280574
2480190
2397685
2515403
2350278
2533851
2322187
2522211
2262795
2475396
2151322
2342084
2122713
2554642
2120281
2361918
1841467
2320257
2139570
2251938
1998300
2371123
2252418
2392443
1972822
2373419
2235020
2479470
2032941
2562075
2446962
2445201
2382411
2715210
2157730
2546852
2090179
2644029
2358473
2700648
1857266
2231884
2203534
1682408
1485157
2042420
1538663
2297212
1748872
2389485
1929469
2397880
2124396
2370487
2226157
2401058
1718080
2452940
1838162
2452360
1931993
2248088
2079731
2369582
1943304
2324676
1867213
2473802
1982894
2439064
2262097
2484339
2299042
2492398
2030314
2514151
1927454
2305155
1855034
2408020
1713757
2076986
2219777
2332552
2060311
2355213
2039001
2368265
1920827
2285412
1973160
2270903
2015915
2194491
2024778
2363092
1961773
2424387
1916573
2367871
2191877
2459244
2132503
2417758
1921004
2400634
2068579
2474521
2263648
2421861
2008483
2360258
2166712
2295474
2111310
2392001
2132581
2323089
2227414
2364626
2074410
2405025
2216063
2164245
1979095
2310816
2194176
2297366
2187226
2306659
2121076
2011278
1731891
2021442
1639110
1834676
1632935
2306102
1804251
2373363
2044605
2330369
1986078
2377592
1925748
2423830
1896343
1912084
1519229
2531105
1826498
2367693
1937011
2412750
1872457
2283456
1777043
2321145
1833633
2358306
1954182
