6140313
4171257
2183870
893990
1758313
1657395
1674387
1543924
2043526
1710301
2045353
1697470
2083289
1991036
2313666
1730631
2150621
1889063
2371685
1882700
2256014
2014510
1973310
2010590
1720221
2047086
1793631
1703337
2019724
1995965
2153256
1723276
1965137
2055200
1893592
1973123
1726324
2023370
1851517
2118382
2102291
2003784
2030311
2022574
2083300
2119219
2175337
1852504
2318065
1998126
2305608
1937133
2232783
1921969
2284749
2104728
2111026
1976699
2307860
1760006
2204378
2013378
2229713
2066052
2230128
1704466
1982339
1652724
2188417
2030435
2135406
1822906
2087066
1959189
2084195
1884715
1886657
1895384
2084675
1962323
2138950
1929387
2196150
1948232
2075479
2057525
1777741
2032444
2264574
2023594
2192857
1907408
2133732
1984803
2027526
1971303
2027584
2000439
2216714
2054815
2269120
1917637
2035140
1892817
2268772
1918513
2180688
1718827
2209723
1555271
1926153
1937608
1934479
1679911
2057416
1992330
2026664
2035975
2275358
1984856
2171921
1724850
2117492
1997738
2243379
1964704
1997042
2021038
2310128
2084494
2321879
2099681
2180616
2027558
2221061
2084370
2160692
2035007
2275094
1978828
2162752
1968974
2118002
2018799
2193963
1849715
2525402
1929759
2278255
2107058
2137339
1973875
2332055
2008914
2218552
1987311
2417040
2118453
2056598
2110731
2169587
2141376
1556499
2090105
2020149
1825217
1954113
1839845
2484571
1960543
2467732
2001299
2494738
2041290
2462092
2072075
2192796
2194425
2488009
2091767
2500581
2002984
2422019
2123301
2489403
2024664
2405980
2106525
2441971
2120806
2357821
2175497
2535990
2068915
2508592
2027881
2487770
1963130
2186668
1994563
2350528
2034340
2353146
2209642
2462663
2154210
2532493
2148977
5408337
4546721
2812951
2038844
2627123
2404074
2408728
2241051
2553557
2239472
2565273
2189946
2442195
1999420
2376735
2103801
2581977
2311633
2537296
2106815
2598276
2343968
2505411
2303992
2477250
2314429
2457382
2198371
2530047
2348163
2528143
2309548
2613873
2264233
2475803
2224343
2614534
2385523
2561863
2214377
2573618
2360023
2502053
2269118
2525283
2178008
2315473
2164834
2590273
2029754
2506398
2180289
2590495
2363782
2567698
2361510
2619197
2267859
2474954
2386496
2618070
2342132
2510736
2245650
2474453
2335775
2566314
2166310
2603811
2436063
2553702
2359138
2556473
2343619
2507013
2286447
2523043
2359285
2618813
2246348
2525834
2268794
2544239
2316218
2479896
2501578
2592957
2458985
2484721
2134469
2503923
2305578
