2232620
1213416
1259147
1515622
1636824
1741027
1623912
1677855
1660325
1620350
1803233
1744535
1743317
1823930
1592213
1729626
1709503
1703280
1765923
1777115
1757306
1830554
1694137
1727913
1622238
1794785
1823158
1837549
1782357
1857672
1835838
1821882
1652636
1830758
1777133
1823217
1806316
1812254
1955699
1705132
1794346
1769816
1520864
1813619
1613399
1760958
1723254
1710455
1838370
1676251
1829966
1808954
1513611
1791152
1740809
1776133
1311888
1943917
1841150
1968289
1680073
1669832
1674193
1827086
1626487
1735192
1644608
1870420
1716693
1900200
1468862
1916371
1667506
1900392
1661577
1791801
1671802
1903101
1601814
1769484
1559256
1788126
1721272
1620934
1702518
1711883
1595345
1905293
1590011
1821598
1612952
1820504
1697943
1738699
1565731
1784693
1613065
1767020
1680016
1594784
1626247
1700057
1573516
1782036
1907266
1672712
1792096
1853670
1843650
1785393
1930871
1854395
1785294
1802809
1802249
1815864
1656219
1871178
1834388
1759312
1920315
1848223
1755179
1830070
1845124
1762489
1733712
1740843
1799888
1852060
1817380
1810247
1863945
1816431
1688513
1686527
1826489
1757899
1784973
1756310
1870066
1706123
1587813
1764583
1803608
1762760
1719914
1806170
1793358
1806820
1850874
1704452
1724344
1757345
1611513
1644010
1770393
1826996
1908474
1783198
1840404
1784435
1758187
1899937
1769070
1754002
1861809
1857244
1929761
1825864
1760593
1867104
1824190
1816518
1844699
1716588
1831484
1787734
1762639
1849484
1925849
1746586
1951068
1901945
1703463
1737293
1704141
1793889
1789604
1788823
1690742
1804988
1897161
1712318
1580266
1573748
1748889
1544104
1701382
1462679
1706952
1699162
1592475
1523995
1414003
1644755
3792152
5154152
3233743
3912681
1956750
1868345
1880931
1829404
1848064
1896849
1755796
1732935
1785830
1782304
1899651
1850498
1837285
1769257
1653232
1678096
1698928
1729882
1818624
1710484
1769434
1691836
1669646
1673342
1873364
1689662
1682986
1794840
1861848
1752675
1670440
1845724
1849933
1752022
1564101
1736488
1537934
1623652
1810950
1807845
1790013
1733026
1459503
1325647
1601171
1418528
1670574
1618405
1957663
1719826
1611771
1731856
1601057
1700702
1782240
1651699
1916656
1803054
1861154
1575487
1515279
1592447
1891141
1720823
1492356
1659422
1595921
1820950
1664763
1644455
1727169
1789474
1568023
1813642
1618738
1815184
1769759
1784484
1641352
1799634
1601753
1742766
1632700
1742589
1909605
1791280
1981496
1798579
1853934
1722434
