3134028
1268567
1789788
1682027
1750667
1869246
1846944
1698152
1614998
1591465
1849714
1900174
1898975
1815287
1807838
1726897
1727457
1848617
1690292
1669342
1636288
1853425
1829003
1661062
1487494
1749942
1623894
1656661
1743213
1504541
1611906
1705871
1645813
1690543
1649338
1713751
1725953
1743798
1721164
1462782
1767644
1791025
1669378
1742597
1676591
1638542
1811718
1448943
1608577
1706198
1762340
1809965
1722238
1667353
1707108
1612985
1714077
1856529
1780694
1496490
1814400
1799475
1803373
1833417
1708667
1843798
1793669
1780164
1808548
1737177
1750357
1841745
1833415
1739451
1713444
1803674
1790733
1806703
1821744
1793964
1804853
1849578
1796414
1808703
1766415
1752967
1773568
1798835
1772180
1760030
1732368
1809818
1781718
1807441
1804013
1654707
1661962
1809348
1659393
1782264
1791898
1809888
1773975
1804738
1734999
1806634
1717589
1798581
1543770
1567349
1661847
1717173
1736763
1688853
1716829
1814728
1692051
1732054
1582751
1669406
1644673
1741236
1721726
1816908
1730977
1769824
1714217
1806764
1678810
1805365
1430335
1774174
1667612
1792905
1613926
1860668
1747823
1733797
1706107
1476438
1666804
1326027
1450820
1470762
1548450
1571346
1509391
1455610
1492884
1640099
1619231
1658402
1491285
1592715
1563466
1733557
1571363
1771152
1285053
1373198
1493271
1443912
1364706
1306247
1435729
1595691
1556698
1358351
1387245
1440499
1510505
1325272
1297111
1516182
1478586
1287064
1528551
1443763
1456124
1584842
1578431
1581532
1490160
1618910
1588092
1491317
1609044
1692539
1498496
1694296
1420997
1644322
1541598
1659682
1482751
1703029
1582171
1802288
1517437
1675679
1747300
1862485
1701557
1605641
1604746
1637648
1685410
1795871
1770793
1786755
1723036
1836742
1717723
1822669
1804645
1863143
1899743
1914785
1963980
1897971
1760668
1713354
1618442
1788132
1665461
1851453
1866290
1833845
1793422
1899211
1723547
5780755
4569898
2602385
1511337
1606091
1847680
1883456
1799859
1720337
1862880
1853055
1899627
1893555
1819655
1816857
1903015
1833139
1820146
1734691
1840734
1888938
1811263
1894235
1812958
1924475
1828165
1840838
1855925
1863816
1820899
1914616
1907230
1908415
1880800
1912479
1814575
1864322
1950756
1806989
1876976
1912346
1875546
1934735
1704981
1896354
1906149
1931310
1915171
1881045
1904731
1916739
1685202
1613865
1441703
1571443
1599311
1721762
1751622
1661550
1576941
1719773
1569805
1677376
1716163
1749407
1744773
1669113
1538550
1658713
