2060590
675948
1485050
1160905
1425805
1187863
1396384
1473469
1417508
1304152
1699579
1551441
1614345
1492461
1681659
1550711
1715295
1513353
1712150
1715198
1674585
1330727
1751558
1575342
1866567
1571901
1683420
1621670
1306162
1517043
1504890
1294274
1403528
1332361
1367499
1604533
1675721
1237219
1656850
1341687
1706181
1248948
1557429
1449195
1700604
1575517
1819719
1585368
1644349
1532483
1764065
1533727
1880598
1773084
1814184
1613553
1705123
1634189
1788621
1657064
1813699
1740496
1898414
1690346
1842588
1623530
1837537
1561454
1807985
1631260
1860795
1705751
1812103
1204249
1697039
1468736
1763669
1602161
1727524
1583538
1796008
1415745
1480562
1462921
1606336
1309431
1490922
1178410
1473804
1543326
2864846
4439516
2919618
1047872
1762928
1696311
1800578
1791285
1232071
1567313
1760006
1579972
1816109
1737387
1833630
1864661
1795064
1653389
1841476
1752506
1815635
1793083
1821469
1872307
1848648
1708557
1806169
1739199
1818766
1848051
1799288
1670771
1857162
1621024
1843541
1747322
1807524
1817784
1875629
1822840
1668140
1333300
1775443
1472108
1736974
1780392
1871631
1690897
1676861
1444957
1751673
1528383
1769295
1627901
1851475
1620478
1809862
1724594
1647662
1628406
1704557
1682065
1873676
1605022
1827306
1853551
1759199
1564507
1764612
1739165
1848148
1658755
1837421
1850666
1797653
1574726
1832878
1757180
1762599
1819192
1826358
1647336
1784814
1604612
1877891
1739803
1867561
1763053
1816349
1829202
1883372
1689208
1609053
1450725
1710513
1845092
1766044
1716969
1807877
1561663
1832951
1604323
1780509
1456269
1827378
1724860
1725774
1700564
1583702
1701126
1689284
1601536
1574852
1577962
1864852
1691524
1836372
1713069
1829505
1614978
1814673
1768820
1877840
1790863
1853522
1602643
1764891
1716810
1869087
1727363
1848298
1625352
1746810
1548074
1841298
1787689
1848444
1748120
1798283
1677945
1791529
1708584
1777889
1449154
1573296
1711205
1864862
1640268
1389946
1454105
1776573
1436803
1923510
1623895
1868914
1541883
1588316
1581978
1079128
1674237
1851038
1691442
1834151
1743640
1719860
1702150
1863201
1584920
1754059
1749399
1786009
1899906
1862568
1812283
1922543
1458805
1852528
1600567
1805984
1849882
1881257
1801092
1880590
1413335
1884651
1572143
1776164
1758699
1807685
1808293
1893598
1654317
1753380
1757289
1845788
1803602
1753643
1764653
1886857
1815932
1875165
1551263
1847974
1558287
1838902
1648607
1853293
1729991
1849828
1820417
