2610652
720707
1098439
1144895
1287875
1200842
1205271
1267853
1347612
1457608
1519927
1198931
1626756
1551407
1512951
1532331
1666471
1636847
1670659
1669574
1725475
1643710
1731191
1724104
1760720
1620442
1738462
1688455
1642756
1576490
1756598
1662674
1696036
1040725
1511878
1782317
1760761
1774738
1757768
1367301
1758752
1738538
1759830
1701026
1788061
1810197
1778077
1726704
1780470
1731604
1782861
1738488
1805805
1817086
1863312
1802867
1821552
1796512
1888105
1850562
1687977
1764137
1708475
1684535
1738237
1706597
1720256
1605965
1714725
1736655
1722417
1722355
1729450
1819681
1778815
1606280
1765257
1760332
1683711
1577222
1766855
1689777
1482179
863890
1778850
1742011
1821233
1713330
1838538
1670258
1831421
1831193
1751702
1731507
1753452
1602394
1832028
1772801
1754532
1816162
1757816
1830686
1863913
1751817
1788331
1786311
1772180
1904401
1815385
1718375
1872038
1681996
1838175
1920342
1813282
1846921
1816679
1842706
1775361
1655847
1815759
1792993
1685756
1610925
1783429
1745412
1785221
1783158
1800686
1710846
1847548
1794599
1837262
1175004
1733350
1811706
1857320
1774250
1847705
1799223
1758344
1771041
1814672
1881846
1902731
1839165
1859901
1884272
1767357
1705522
1734501
1865210
1842465
1863601
1799297
1754072
1825512
1886822
1860672
1831606
1867921
1842488
1897300
1863341
1817750
1859967
1893230
1812369
1845327
1795402
1915166
1846956
1752114
1847381
1734162
1834742
1832372
1732573
1857873
1839041
1837322
1841253
1876660
1235669
1792881
1681988
1906791
1843811
1812155
1704268
1737514
1586601
1743451
1583855
1704818
1639706
1757738
1818677
1812548
1719041
1696226
3968916
4717410
2938625
1861275
1759785
1830779
1918432
1841266
1921197
1892741
1714921
1813038
1864624
1843899
1905495
1874339
1917460
1918755
1724015
1836312
1842489
1840797
1808937
1932457
1842091
1886861
1727738
1851873
1819281
1843984
1921605
1921231
1912375
1921073
1732556
1816256
1832039
1852951
1913559
1882841
1816957
1919556
1855835
1822720
1801857
1822847
1904388
1967429
1907461
1916166
1861285
1806505
1738238
1795182
1776861
1788845
1821546
1823465
1884122
1836645
1802885
1610590
1807205
1810115
1838974
1787381
1771360
1766324
1791964
1816467
1881481
1886847
1886101
1868007
1917155
1816267
1797766
1864184
1931289
1869427
1911875
1867913
1921752
1844021
1802142
1725340
1852695
1764095
1879431
1810724
1852768
1807487
1802878
1908081
1851481
1854510
1922327
2047841
1890577
