1949216
1648522
1595044
1896650
1781331
2039041
2004513
1903920
1970608
1861749
2147251
2135649
2159410
2124998
2104749
2193056
2136533
1974289
1896240
1852034
2042841
2052754
2200343
2153772
2057001
2107301
2118495
2048842
2155834
2086556
2166781
2103864
2040054
1829190
2108754
2172433
2514966
2151162
2227986
2132308
2132144
2143486
2072792
2119484
2071884
2079942
2167228
2211144
2196742
2085698
2251132
2059158
2261967
2170144
2214772
2165583
2163594
2171561
2088038
1975436
2233923
2149020
2167757
2156266
2108355
2058577
2149155
2134659
2142234
2191798
2209035
2214495
2155199
2199815
2146663
2204898
2177595
2157917
2197769
2187430
2116742
1920009
2256820
2129142
2255906
2211087
2202779
2205341
2254483
2217695
2164509
2204619
2224564
2238521
2188759
2183251
2211546
2151491
2113402
2164222
2110351
2251060
2079428
1973882
2266559
2205714
2218525
2173308
2204812
2189538
2198703
2204659
2191273
2193879
2242612
2210124
2201567
2212177
2226552
2241885
2190228
2192895
2109522
2111620
2043135
2146812
2234859
2247227
2179462
2222555
2202314
1966139
2227628
2000624
2245930
2081365
2087407
1961778
2062278
2214393
2096211
2045915
2236219
1960476
2143587
2022065
2216660
2092705
2184159
2176086
2084372
1944587
2213253
1860851
2225121
3303498
4154894
3159174
2574458
1756422
2439991
2321888
2233918
2228843
2082548
2072843
2148422
2035392
2268156
2095482
2263893
2251449
2287830
2209222
2311728
2252861
2086386
2078545
2219270
2091210
2294783
2109992
2168760
2074307
2284340
2300217
2223578
2169197
2181593
2279071
2236847
2299812
2235268
2297031
2077788
2197347
2254353
2102026
2265598
2241684
2243394
2247663
2199672
2190423
2211781
2253588
2168517
2154818
2240907
2023678
2301679
2203367
2226996
2265893
2129385
2130084
2243783
2147610
2245100
2231278
2275239
2169703
2156549
2193875
2279976
2238269
2228033
2242699
2203888
2099370
2201591
2038129
2088111
2212257
2211391
2230234
2163169
2117159
2244169
2043083
2303570
2169164
2162543
4631040
2639288
2620480
1843755
1910859
2154411
1838786
2261319
2114540
2215285
2090647
2219371
2130468
2265872
2113424
2295228
1713994
2153612
1525954
2361581
2247472
2052083
2144303
2187430
2102560
2283869
2086501
2274073
2081109
2203835
2169202
2253845
2011106
2363184
1981327
2229379
2145058
2254845
2345560
2215857
1916687
2126768
2206154
2275157
1975241
2191003
2291182
2263734
2243083
2203389
2140305
2245712
1975961
2312596
2340931
2301790
1912634
