1288347
870622
1327752
839286
944700
793622
1135362
743784
1495927
874400
1598671
777798
1662489
1235832
1516383
1093675
1372728
1173842
1558236
1148764
1411393
1340261
1502043
10989822
9178377
7260769
5228383
5185619
5218806
3294212
1340408
1125010
1552492
1276739
1318166
1015521
1410101
1268816
1506221
1119271
1335748
994026
1564418
1075831
1326347
1097971
1539572
1119476
1599654
1328079
1431212
1473462
1476797
938597
1554478
1180171
1666777
1465755
1512528
1462019
1323142
1390914
1525922
1041866
1673883
1548267
1541983
1317839
1520787
1362888
1554745
1048001
1674978
1413784
1500167
1363233
1274272
1357964
1501636
1155321
1751401
1274422
1700149
1408240
1539428
1360642
1456718
1172203
1728767
1378038
1555723
1104272
1658382
1351506
1588818
1325516
1258986
1165246
1721262
1426962
1482347
1411798
1622325
1400069
1424977
1438807
1526858
1128181
1737729
1177436
1672808
1537407
1511221
1305971
1661680
1253802
1697138
1149064
1747715
1256900
1606278
1101857
1648063
1242162
1691212
1354282
1544932
1260938
1624206
1330273
1325912
1117016
1843915
966984
1525152
1203625
1296826
1373280
1498912
1397207
1380835
1211502
1741558
1350775
1479791
1843901
3958659
2198554
1133351
1233392
1630672
1594471
1556272
1269943
1131877
1455387
1514668
1192546
1725339
1430788
1639836
1232021
1768342
1331977
1587811
1529873
1553898
1088542
1742922
1368657
1669548
1468650
1481297
1112421
1711332
1591033
1573596
1434088
1511602
1259613
1773738
1419987
1590185
1494675
1441567
1287602
1767638
1295732
1250607
881247
1847556
1548047
1691872
1413436
1529801
1257421
1744172
1504702
1599182
1138430
1721454
1615732
1629043
1370512
1430285
1472292
1623503
1479796
1581862
1274342
1765065
1520610
1638169
1307388
1555296
1474997
1629302
1302855
1601288
1290298
1759193
1269172
1727072
1378001
1551981
1208423
1842229
1630834
1574707
1221371
1902723
1492946
1615372
1180530
1754732
1598953
1558164
1324057
1546065
1239569
1717636
1677931
1534588
1385538
1510372
1056425
1867762
1215045
1692999
1202420
1630190
1578761
1354492
988517
1500287
1237651
1737406
1354600
1439262
1313575
1900612
1484062
1587923
1065151
1687062
1489382
1555680
1313760
1652966
1359528
1546480
1137195
1700983
1315245
1953060
1428725
1448499
1593841
1509133
1327490
1504982
1449812
1557053
1197471
1615792
1452733
1423306
976342
1662997
1334652
1649926
1418242
1541301
1362805
1442148
1222945
1772392
1470218
1635104
1273281
