3476705
1519115
1654926
1853793
1805009
6338462
3783755
3345741
2786136
2044945
1767811
2217695
2243826
2614322
2120829
2168713
2224399
2516056
2139641
2629593
2238291
2694755
2342478
2696887
2180230
2487920
2319363
2775239
2240780
2576893
2356229
2636855
2189010
2500217
2263323
2235151
2226864
2528484
2150810
2597848
2059070
2156234
2284110
2278511
2172019
2280952
2128993
2415768
1579866
2476602
2088250
2316508
1920776
2387330
2131110
2356510
1940200
2360870
2113005
2556077
1919263
2620258
2202553
2383810
2016235
2625322
2231802
2516056
1751141
2579908
1704644
2439537
2025698
2460311
1697535
1907268
1813045
2191173
1962677
2252135
1884738
2574595
2046338
2432280
1514773
2467607
2045919
2513455
2052673
2597518
2140831
2299504
1996226
2403963
2055321
1668329
1535269
2195097
1679035
2293314
1572311
2387295
1410349
2545977
1497680
2282448
1939446
2340741
1472226
2117123
1379089
1970909
1693394
1737890
1278165
1512659
1314310
1833208
1363757
1473347
969611
1338952
1418646
1845762
1366938
1471931
1532260
2034335
1765801
1941576
1760183
2193763
1832418
2285053
2121793
2241127
1858990
2419433
1914027
2486790
2084842
2470612
2174613
2354462
1946060
2509682
1975313
2579047
2237111
2417431
1909828
2144690
1971938
2499874
2148627
2497517
2064555
2592431
1626234
2247841
2013321
2404259
1849593
2421038
1904173
2350448
1801725
2475510
1637231
2282377
1613183
2087247
1642781
2407720
1924499
2186071
1944013
2405226
1735261
2014359
1565670
2388528
1505968
2259217
1537984
2164666
1815521
2186407
1715381
2309351
1742342
2438399
1942354
2459991
1831513
2259718
1917689
2311343
1819558
2339578
1788775
2380628
1757017
2400603
1738199
2357029
1740544
2195957
1831472
2229839
1871368
2421756
1759972
2457154
2021108
2333789
2060754
2440156
2103601
2289655
1819382
2497450
2192383
2423620
1845343
2408360
2016831
2475325
2016315
2478366
1925736
2518639
1811405
2180801
2282220
2156352
2048477
2353625
1941928
2984906
1469288
3433331
1452462
2253667
1938914
2103959
1904424
2117015
1975039
2269348
1843429
2141452
1911239
2267284
1938365
2115007
2083339
2093524
4998850
3786637
1910186
2185696
1967374
2352249
1966204
2262202
2121275
2342929
2050811
2271758
2118767
2328365
2075649
2104075
2134905
2173247
2097096
2191703
2057953
2228825
2092191
2311009
2003254
2441039
2001959
2324126
2143250
2368467
2063081
2202770
2148691
2299920
2067954
2235547
2023976
2274780
2061626
2207368
2123819
2252265
