2720793
961240
1964510
1677836
2407455
1875004
2242330
1810310
2217398
1810982
2238669
2012905
2492849
1882132
2270772
2187106
2121383
1818399
2029873
1755814
2395774
2161217
2292055
1824676
2356577
1948922
2235964
2320960
2532430
2059532
2490378
2115681
2414343
2124123
2568581
2059576
2637771
1941830
2629687
1965429
2638365
1990059
2489278
1980308
2571973
1866714
2549448
2203728
2538971
1823981
2202311
2318750
2398308
1703646
2550515
2327975
2345362
1730198
2456919
2333700
2604961
2101332
2470610
2364659
2566182
1905701
2446701
2306130
2423417
2423681
6166485
4133127
2153807
2561585
2634932
2453089
2538561
1927308
2669309
2175662
2669756
2074412
2605571
2501493
2562054
1992390
2612094
1872186
2604641
2249528
2285424
2085974
1900416
2099014
2464276
2111652
2361230
2087330
2360689
2152343
2278699
2044408
2337963
2017371
2299449
1866515
2167556
1734604
2161911
1797118
2301340
1863233
2173158
1961017
2192078
1949848
1931756
4142906
2151161
1575536
1842119
1797181
1867431
1689324
2248759
1862871
1916176
1744778
2066260
1667804
2188943
1766492
2099027
2179514
2290534
1582113
2361076
1676579
2023190
1728749
2179336
1885449
2011394
1426366
2312836
1772445
2048787
1524548
2159899
1701330
2233596
1774085
2077377
1638509
2136117
1829595
2229831
1753464
2205839
1830105
2139943
2164773
2197571
1667057
2248422
1961816
2254389
1844592
2222583
2102278
2243658
1832705
2381602
1753902
2446278
2038967
2370155
2049617
2201708
1686798
2381243
1776208
2376835
1713348
2307489
2306428
2436864
2262298
2282561
2439303
2531601
2349481
2403225
2434384
2517215
2374769
2437132
2480381
2540078
2435000
2540411
2413816
2432168
2404478
2508290
2397948
2515518
2326569
2566964
2433302
2521860
2419942
2538480
2410493
2392099
2176929
2763910
2230924
2381674
2267052
2410452
2075227
2503401
2215358
2513222
2366187
2414956
2416810
2489376
2327328
2424343
2305556
2316656
2173825
2488140
2520811
2513970
2454486
2440523
1983076
2579834
2323836
2395663
2029921
3023380
1160017
2335155
2107824
2341630
2271198
2508960
2291663
2505556
2110032
2591140
2259832
2514273
2223771
2584041
2391730
2518202
2400434
2591379
2455661
2587296
2127698
2235851
2174971
2431985
2288261
2661647
2499424
2637397
2376756
2684339
2539872
2605893
2503548
2584430
2356648
2738802
2526260
2634995
2518430
2656666
2171353
2662365
2443370
2690091
2527357
2580705
2433173
2608665
2181782
2541295
2456930
2560846
2228893
2508479
2317908
