9922111
8099481
6107630
4890322
3441847
1469038
1989544
2001511
2077342
2196684
1982839
2238195
2137343
2251345
2500989
2335456
2385749
2477669
2203168
2333207
2146967
2110715
2305105
2154131
2256905
2228846
2180971
2301573
2359213
2380797
2303890
2357921
2502258
2476375
2586529
2447871
2617708
2488697
2593246
2439535
2424241
2354903
2318923
2207662
2421061
2140567
2258745
2230374
2395960
2305179
2171622
2309258
2200549
2409871
2370841
2332924
2571837
2418047
2375050
2450282
2420171
2380266
2462507
2233673
2230492
2247180
2233008
2246225
2456430
2217884
1654721
2042861
1916421
2085370
1823655
2152623
2031494
2294762
2128679
2299644
2261223
2361591
2311658
2357934
2194092
2421151
2188208
2261793
2201756
2414105
2203836
2372089
2084616
2210729
2033543
2094207
1946732
2126078
2108443
2216482
1831689
2190691
2180394
2159848
2006495
2499216
2110797
2281251
2146754
2314697
1956155
2036648
1831303
2123058
2087117
1943982
1897069
1957848
1908885
2013792
1967022
2059174
2088786
2214702
1929693
2045524
1944879
2059727
1880713
2050644
2098205
2082592
1981555
2131053
2271463
2055696
2057718
2153015
1987421
2243143
1959539
2133286
1959502
2119019
1878901
2157233
1890725
2116868
2013571
2235695
1948854
2139820
1784058
2128589
2017653
2090189
1856482
2059721
2141632
2067466
1906685
2139010
1998992
1900894
2007185
2047771
1876217
1951900
1873996
1845687
1999260
1945384
1853067
2021736
1801589
1877451
1802079
1900812
1554997
1879933
1928490
2014926
1952762
2008045
1846583
1934358
1802392
1868211
1885490
1991249
1822715
1851703
1497660
1954485
1848214
1959926
1722029
1906143
1713729
1735782
1793243
1569222
1350264
1653835
1589234
1626136
1284017
1455854
1476566
2006502
1692195
1656541
1760980
1549204
1716739
1504538
1693945
1636343
1420944
1722594
1682582
1736508
1786866
1770680
1812651
1566167
1273056
1608762
1510912
1684588
1697735
1719258
1729318
1736510
1463503
1723475
1812456
1960601
1799959
1676196
1664957
1931982
1906020
1751935
1667068
1824844
1861842
1982788
1828253
2250085
2090245
2028602
2351384
5307267
4110572
2074480
2172481
2477092
2492223
2213553
2299639
2034443
2321863
2148567
2182136
2253736
2280295
2311427
2492556
2453197
2459382
2236021
2359917
2388309
2460608
2403470
2509316
2328802
2307363
2180434
2307191
2115922
2339260
2203496
2434051
2167231
2459385
2422477
2506025
2495379
2532822
2350270
2497432
2367055
2487308
2273574
2536372
2426567
2498122
2374948
