2077247
993723
1058814
1393441
1477469
1453432
1618929
1454702
1406905
1485292
1417085
1700762
1531877
1494407
1670035
1635248
1474799
1688600
1804015
1497305
1669294
1496753
1755821
1818561
1619504
1526897
1832175
1724485
1769111
1591042
1648684
1646014
1591744
1588208
1640832
1765436
1831170
1667413
1697949
1733990
1868031
1668622
1739594
1596504
1773857
1784849
1746188
1756571
1885369
1486978
1718025
1604263
1572693
1548026
1603607
1536394
1860526
1713091
1623331
1840265
1743450
1854316
1643036
1905898
1827684
1847036
1809567
1823876
1818748
1826026
1792024
1752376
1813770
1807036
1793312
1726737
1723463
1712855
1738566
1454438
1747131
1821150
1715173
1521963
1728162
1430555
1764815
1675901
1792347
1474957
1703071
1528588
1767012
1589788
1598191
1604150
1706834
1455041
1729495
1452460
1587399
1278757
1462794
1604154
1656941
1727714
1730538
1776052
1618725
1860853
1778755
1841186
1622875
1850391
1705274
1864616
1802738
1599459
1721189
1829562
1761903
1857997
1872732
1770810
1825132
1738219
1697665
1684752
1709231
1716706
1783025
1650497
1683550
1724534
1792837
1737979
1722585
1716811
1775625
1856426
1579886
1843783
1584001
1622841
1633316
1606415
1747545
1859843
1688878
1494210
1562633
1606232
1317413
1634660
1700872
1785792
1689380
1399715
1739534
1722758
1746404
1778955
1752783
1618093
1700471
1677230
1698516
1539883
1700520
1721876
1718791
1700677
1752735
1533012
1787981
1627107
1714644
1754279
1775155
1760996
1728839
1502165
1660084
1570941
1573623
1429778
1557041
1688231
1590382
1509062
1655983
1626982
1723019
1532735
1772765
1395269
1632274
1460641
1653570
1561485
1492537
1563458
1762612
1481039
1745241
1593159
1534620
1649094
1837001
1605144
1761778
1668924
1782901
1611761
1820100
1583419
1870383
4688726
4297207
2377671
1784074
1758736
1797951
1798008
1754909
1809253
1772783
1712903
1750000
1824826
1864676
1815105
1784476
1613180
1747815
1717632
1777811
1707163
1745775
1693192
1639751
1709483
1784487
1673873
1755377
1646593
1780005
1718583
1749695
1701222
1604800
1628045
1743144
1703460
1738886
1741524
1771475
1695429
1703175
1756807
1690492
1770893
1796875
1818433
1783209
1625999
1773400
1743877
1722984
1813387
1805832
1736576
1767244
1657119
1743299
1741627
1716277
1802661
1752055
1760995
1648953
1769520
1742782
1756723
1743738
1693842
1733148
1779447
1715062
1519213
1763436
1755381
1756394
1765144
1835081
1675347
1773556
1767631
1782705
1769724
