1590765
808944
1235948
1032353
1258140
904894
1207264
832147
1387733
1084428
1298860
1038011
1543753
1443516
1616659
1587198
1570752
1564963
1617372
1580054
1580498
1578689
1643163
1588023
1635884
1634266
1593667
1568355
1641280
1609026
1609917
1623328
1746499
1400692
1793585
1731654
1782482
1665823
1801566
1806964
1795251
1719117
1787755
1845063
1849603
1827338
1815354
1747281
1863372
1694584
1822044
1812819
1860973
1742631
1799981
1757462
1807660
1689333
1807770
1761632
1778501
1708423
1799599
1834912
1845211
1777216
1854681
1776821
1855207
1826818
1857166
1838077
1844431
1827680
1809886
1880490
1857968
1783439
1803137
1815986
1799530
1773659
1874694
1688606
1855262
1765575
1805151
1809201
1807999
1770414
1808222
1826551
1810976
1627619
1814656
1793858
1803869
1774197
1809812
1888745
1855014
1830599
1803808
1852329
1853423
1832296
1820015
1819435
1809536
1467137
1486989
1903105
1811701
1789061
1737272
1580579
1869446
1555836
1635058
1743710
1619087
1458669
1542104
1673386
1597332
1443919
1493058
1490139
1740995
1561379
1655410
1555013
1332607
1465273
1682857
1502790
1744630
1581895
1542101
1525486
1554451
1595925
1556600
1481810
1719721
1628604
1524931
1449028
1404192
1539073
1528795
1652117
1621298
1523427
1786925
1590088
1572308
1549941
1719397
1554141
1721571
1555096
1489879
1566827
1559061
1489599
1671405
1595566
1579322
1550351
1538035
1614268
1690825
1568301
1535157
1480005
1770820
1593543
1573597
1577884
1553605
1536214
1355463
1645899
1579996
1519105
1730228
1555330
1563041
1561260
1520840
1453849
1599732
1531665
1686008
1692420
1543799
1398038
1413398
1431176
1581092
6091147
4498616
2524910
1134576
1647713
1743822
1673079
1792679
1666926
1727577
1706860
1714664
1651034
1547015
1669467
1734698
1625828
1733535
1701098
1723168
1664717
1739825
1643581
1789920
1616572
1731338
1669255
1723978
1668610
1733320
1677413
1721534
1588026
1544621
1548101
1605287
1606636
1767904
1748718
1754151
1700114
1759392
1744484
1769579
1698045
1689754
1746691
1744674
1711094
1671730
1595981
1758874
1700464
1768496
1714774
1651243
1659133
1759781
1695707
1737110
1696995
1756930
1696805
1761141
1657473
1716138
1651893
1766599
1700627
1745474
1708759
1755839
1701973
1769165
1702693
1770735
1658348
1770709
1743980
1757225
1665048
1758609
1705901
1717194
1703039
1756251
1746612
1758811
1655483
1758846
1737709
1758845
1706035
1775380
1750721
1769649
1628423
1695987
1656320
