2113775
847662
1419412
1469069
1424635
1426149
1506345
1416053
1455585
1457585
1528973
1183562
1524830
1668442
1600656
1290703
1613947
1493970
1509745
1670296
1508332
1648774
1604831
1356035
1614802
1376358
1571347
1632408
1552864
1507672
1546417
1244197
1472231
1638003
1602571
1563280
1619267
1546765
1643813
1588601
1625957
1606282
1475675
1376146
1526560
1317859
1556832
5232424
3262363
1536716
1359298
1573467
1723063
1304079
1588127
1621999
1628250
1702986
1648692
1708343
1624887
1685828
1675309
1648749
1627846
1705721
1731092
1463154
1635103
1463942
1557361
1679935
1554402
1574494
1548167
1609515
1623358
1567060
1686103
1711402
1706686
1443872
1621948
1647300
1634422
1674371
1638287
1579544
1626960
1744685
1743300
1655176
1658307
1563694
1664297
1554335
1652513
1705410
1682405
1794738
1683191
1536583
1632810
1518577
1761474
1709248
1646477
1689083
1612039
1746085
1688545
1424621
1644431
1712575
1718405
1682081
1645153
1504221
1790478
1683409
1637937
1731388
1632761
1888277
1676204
1755468
1654851
1682524
1753509
1702741
1693118
1698147
1658187
1726605
1765535
1812260
1688372
1736786
1720469
1730645
1737529
1620915
1779676
1738077
1752089
1747946
1700060
1787022
1765660
1818371
1702347
1808043
1658231
1705545
1730663
1714278
1776561
1812080
1785803
1829210
1754492
1904768
1685381
1697284
1729386
1777870
1790289
1810731
1842310
1671818
1744089
1869095
1758988
1847160
1713077
1926542
1731376
1415342
1718768
1774834
1773870
1809023
1710794
1725682
1757634
1853044
1705511
1707244
1766837
1867413
1775297
1773398
1783897
1723558
1933589
1799629
1715435
1785955
1748959
1119714
1767253
1723641
1819314
1669339
1642778
1357245
1695763
1427688
1758498
1568562
1805707
1750132
1661602
2020970
1750342
1794150
1721716
1705361
1876297
1705345
1738345
1772236
1759363
1787447
1704135
1596941
1641512
1857698
1739812
1772621
1852576
1764105
1885103
1531972
1586441
1792013
1725196
1836846
1780920
1770939
1827935
1624047
1782775
1479192
1800208
1383714
1785793
1517226
1815343
1462784
1822784
1537465
1756552
1504753
1646158
1539738
1756309
1802420
1761871
1548791
1792546
1499461
1654199
1832780
1764746
1842890
1642068
1710706
1762633
1467202
1839136
1568231
1747589
1571545
1714322
1871550
1784292
1801602
1735877
1604680
1767046
1483666
1419368
1444753
1809729
1386365
1669351
1749906
1629312
2050837
1786413
1831865
1792526
1571935
1825964
1878495
1740076
5170813
4656205
2765413
