4502606
2536474
1267611
1626118
1961535
1470659
2233368
1683781
2000474
1475114
1913695
1346435
1797457
1466556
1729685
1455812
1777366
1179750
1771213
1370533
1635141
1432692
1383204
1318787
1471956
1207819
1805183
1341532
1830918
1352816
1696076
1656796
2045438
1560589
1919168
1768566
1978876
1601868
1990186
1448046
1922449
1729195
2016982
1820600
2021123
1832615
2022973
1697006
2121775
1697251
1766731
3041476
4845792
3232372
1347870
1703045
2224096
1787094
2110576
1693375
1992194
1737799
2123303
1497198
2177220
1487203
2111682
1567108
5494023
4455917
2846262
1647653
2114005
2391103
2260199
1898419
2192506
1902275
2351139
2008784
2182866
2160541
2206097
2012679
2134635
1900162
2347923
1836276
2190585
1663840
2083890
1555949
2224121
1975857
1929397
1533593
2242156
1860556
2344384
1924573
1929348
1973469
2335338
2307637
2044583
2133386
2123845
1728586
2193644
2065156
2395321
2030829
2487245
2162751
2153042
2050739
2136726
2072941
2422911
2035589
2375647
1980545
2336478
1997593
2171807
2177396
2296439
2049509
2236128
2256486
2190300
2086928
2482405
2135652
2105188
2309326
2151579
2071550
2509909
1972552
2342058
2188797
2203359
2264773
2281032
2128359
2258042
1832916
2121131
2214697
2235110
2079797
2137958
2296123
2143266
2306213
2327651
2262777
2272929
2133655
2210233
2229878
2305737
2040869
2312233
2351431
2131311
1653669
2222300
2149296
2257396
2035900
2305422
2162521
2073745
2031923
2181889
1943169
2185088
2019284
2158535
1996712
2192138
1764331
2016592
2267983
2122526
2081738
2193240
2087466
2196125
2068678
2185243
2115375
2254145
2185842
2242069
2058450
2187025
2081761
2312138
2067408
2011294
1775971
1758440
1846851
2149716
1990403
2250686
1968383
1959014
2011369
2185566
2153680
1718084
2119718
2145604
2052704
2352909
2111170
2178475
2154877
2217631
2228432
2240007
2253488
2234107
2022047
2298840
2057689
2185455
2024893
2239146
2158641
1843644
2247178
2239725
2269796
2220249
2016109
2450185
2343363
2130110
2243808
2111214
2098957
2372963
2124734
2113006
2064570
2347043
2020943
2197770
2272204
2197122
2382073
2270239
2203121
2278213
1901258
2396795
2275328
2261720
2142097
1953312
2149008
2204962
2223213
2194216
1970673
2236306
2206328
2323721
2292480
2213868
2199051
2266672
2287583
2193350
2196132
2140454
2085944
2281363
2107051
2261842
2120271
2206066
2230888
2196811
1955193
2331769
2225266
2363933
2351889
2270868
2074754
2222712
2132559
2112451
2079969
