1347708
751151
1247544
1267101
1380331
976498
1405206
1438792
1329801
770640
1424206
1480904
1428564
1054300
1331563
1096089
1625900
1317472
1521101
894858
1662521
1457340
1596094
1342093
1450245
1450263
1592340
1385102
1436626
1132834
1581778
1140489
1562298
1282949
1570139
1188637
1439701
941816
1343882
1033494
1426396
1220373
1628808
1296095
1306326
875689
1629344
1107277
1515114
1331161
1542254
1054164
1557588
1320572
1571467
1350220
1283063
956946
1540249
1343789
1652764
1231224
1556224
1157116
1585209
1262577
1548019
1486728
1585557
947403
1554437
1238106
1625043
1197020
1606124
1499432
1542187
1167464
1446879
1025173
1618132
1021558
1618254
1103745
1579508
1076261
1273288
963964
1575995
1086825
1425773
1181986
1506079
1071035
1439704
1126040
1500653
983989
1548027
1327871
1547390
1090290
1627589
1232170
1342289
1164571
1431627
1216364
1378557
1406644
1074863
1014643
1266005
1106391
1089560
1141161
1405012
1390551
1399532
1334063
1492884
1314640
1511539
1300029
1388017
1124690
1469922
1347782
1276267
1171564
1481480
1310181
1433286
1353275
1413956
1395920
1457586
1119696
1195811
962028
1453014
1369582
1357018
1258119
1188421
1134225
1387269
1194989
1338794
1270961
1531078
1307896
1298972
1099516
1422497
1223728
1412164
1362547
1588348
1545678
1433756
1274595
1579139
1483149
1566972
1483656
1708392
1717345
1797141
1651401
1707122
1620518
1740062
1658471
1433169
1650491
1770767
1603121
1672822
1412957
1702875
1622460
1749428
1570167
1610404
1595697
1667356
1551925
1771227
1587383
1676890
1442556
1748666
1741800
1494713
1661500
1756747
1592481
1709229
1407705
1617805
1501813
1726746
1410529
1644970
1646555
1640838
1527449
1703875
1526180
1729422
1712103
1566600
1426920
1503344
1577493
1646848
1661807
1498556
1651619
1607575
1699575
1582354
1642777
1668949
1700195
1564380
1532066
1514636
1339635
1583988
1493330
1659959
1451523
1276141
1365267
1347189
1289137
1599190
1344175
1613114
1505394
1442559
1290662
1247468
2269610
3975772
2020988
908492
1293072
1825429
1771759
1875067
1685065
1812067
1464123
1707439
1609021
1699854
1518974
1834361
1560649
1835037
1634321
1666224
1565891
1820941
1476016
1856931
1469797
1779536
1557515
1838163
1774500
1660063
1734665
1841575
1704581
1804835
1600920
1748566
1497529
1748232
1640881
1634009
1636405
1471272
1246776
1550956
1499110
1606097
1013595
1684649
1602390
1622460
1634219
1782886
1572380
1641471
1442312
