1182820
1185198
1604810
1150040
1623166
1087477
1474755
1064087
1507125
1392829
1487760
1455418
1599205
1346247
17867836
16711565
14764217
12862739
10926924
5066136
3819059
3417814
1454169
1449466
1440237
5393397
3081348
1391550
1401480
1114590
1701653
1458405
1583997
1431739
1334195
1325884
1568489
1199181
1545566
1112247
1757340
1310237
1381760
1452097
1288076
1348416
1657381
1758177
1485217
1381096
1632641
1377693
1682516
1129507
1766037
1522421
1777348
1416880
1797182
1465017
1785100
1353882
1659492
1292711
1817952
1308409
1824998
1348926
1666422
1321938
1817698
1531672
1765003
1471636
1830147
1247294
1679377
1362480
1831498
1417852
1673052
1355631
1516328
1644377
1540483
1386573
1713963
1250045
1770527
1421446
1791979
1500728
1773478
1343258
1792538
1475912
1749657
1487172
1808028
1501482
1749958
1345255
1771208
1526832
1652973
1420352
1786898
1508997
1801076
1381975
1797040
1530678
1413797
1397081
1794877
1401958
1809005
1390546
1726469
1518392
1789954
1497701
1801524
1398005
1752558
1406191
1763958
1670098
1521242
1618659
1815108
1389087
1444437
1392770
1726159
1607367
1736247
1577657
1590973
1310581
1762674
1492003
1833168
1451842
1771985
1633483
1789694
1413171
1801098
1362756
1764295
1456847
1616563
1599677
1585007
1385401
1826019
1342601
1790838
1447732
1829949
1534652
1538121
1665523
1703839
1332010
1782092
1506482
1501162
1462811
1633482
1365396
1783003
1259648
1631561
1452971
1758635
1488832
1813088
1595610
1827214
1338076
1742207
1544522
1513352
2784081
2444966
2445609
1473333
1303738
1598477
1325767
1671073
1489129
1683613
1348510
1703077
1329190
1661679
1390066
1619203
1473790
1733617
1371540
1647627
1119184
1651477
1392002
1627508
1345372
1685693
1400326
1395796
1336499
1678193
1360922
1619218
1375843
1630267
1255822
1448726
1178385
1621097
1256071
1643896
1383423
1730383
1330165
1487828
1294036
1537003
1394215
1575793
1244355
1600806
1394160
1648226
1251704
1552313
1279201
1742233
1396200
1652733
1498147
1733337
1741934
1836623
1527151
1619966
1755636
1761003
1686727
1747293
1755193
1718187
1811253
1848338
1750714
1808047
1655056
1837524
1539103
1867974
1847614
1783986
1760328
1819127
1747417
1798681
1750958
1882037
1753398
1839673
1700467
1723417
1687381
1646151
1678643
1846113
1797512
1866344
1757778
1864854
1796000
1826867
1580983
1844532
1703878
1842543
1803064
1718757
1666352
1791497
1558324
1801571
1836258
1829132
1775572
1788787
1789948
