1526977
1333500
1573764
1580956
1071402
1523945
1271960
1326313
1487278
1389130
1250790
1543612
1595528
1547807
1553487
1589665
1820634
1638962
1439168
1250456
1354409
1623777
1626783
1542721
1147191
1434068
1037337
1602815
1594744
1554870
1393196
1402292
1594369
1253395
1572910
1272437
1642062
1494206
1652989
1584849
1613969
1575303
1645039
1567343
1546507
1455255
1600564
1619909
1553189
1541684
1560021
1625789
1676694
1528569
1744969
1527284
1646135
1610364
1655341
1552691
1541252
1581605
1735479
1625004
1688004
1638138
1684824
1581061
1587037
1571333
1665998
1581941
1548312
1479849
1540536
1480675
1055131
1457627
1497881
1523982
1470147
1447206
1628274
1435879
1555531
1365919
1564098
1492638
1679003
1462786
1537884
1479981
1509252
1510813
1548720
1374581
1458303
1571920
1494976
1536827
1577678
1211015
1359458
1471175
1677308
1496377
1467526
1505397
1691113
1515079
1562161
1563988
1614318
1536471
1594074
1601154
1569159
1598099
1213802
1261134
1377046
1501767
1597350
1458774
1249631
1549496
1337199
1587903
1710414
1487504
1444818
1520881
1707991
1544687
1605671
1560207
1601958
1556260
1787419
1544027
1535231
1508631
1571897
1495738
1636502
1151259
1741635
1492785
1546338
1690834
1281385
1299538
1421422
2128874
2286339
1233747
1617184
1725456
1650337
1624394
1626324
1659448
1760514
1332276
1578765
1601194
2861154
3308278
1785082
1472169
1493136
1705365
1721991
1555636
1572256
1467233
1075496
1259393
1561049
1429060
1521825
1506412
1638861
1544501
1653589
1499667
1365613
1467722
1638773
1480294
1592943
1495653
1502755
1598589
1661280
1297535
1628418
1550342
1622215
1520798
1603461
1421175
1635909
1472308
1677222
1526725
1568841
1551905
1640003
1448560
1546633
1550038
1639774
1478534
1540830
1538127
1594649
1434895
1667545
1543154
1536393
1432346
1586513
1545659
1616172
1499049
1636744
1508341
1590066
1508148
1641592
1511175
1592094
1525189
1387376
1438523
1677700
1531577
1636658
1409233
1633818
1568308
1520738
1526079
1682142
1573277
1587320
1525251
1561047
1605627
1593984
1447538
1640337
1428419
1625904
1489593
1620520
1521342
1687149
1416966
1522750
1465738
1498326
1404844
1660181
1515058
1635550
1471571
1443726
1390374
1533455
1458921
1668936
1520924
1681725
1433402
1640623
1558507
1525720
1596341
1668128
1433536
1610610
1420074
1610182
1595656
1571278
1515953
1570600
1483179
1553250
1481213
1422034
1497029
1594988
1527576
1600534
1528307
1597658
1548205
