12496484
10608540
8637704
6690349
1244078
3757330
3661840
1656246
1334135
1688944
1375989
1626672
1554983
1399233
1463940
1467937
1783750
1614319
1679352
1671573
1690625
1602547
1655326
1568521
1649383
1707299
1754476
1644761
1651459
1745936
1765931
1759854
1664986
1647739
1631421
1743095
1627270
1735007
1636595
1681465
1581794
1559259
1512941
1525966
1701854
4197158
2915860
988839
1399907
1571749
1480315
1580774
1616655
1527621
1618726
1291486
1444266
1516563
1487867
1461576
1465577
1558044
1438170
1614949
2075383
3728628
3185776
1292827
1665224
1761496
1707215
1704447
1661834
1764868
1713461
1706201
1736341
1720781
1667963
1728743
1743462
1807639
1810052
1759622
1717451
1615303
1717662
1755832
1656342
1730837
1585935
1629862
1701738
1704116
1675824
1692086
1721486
1512934
1684096
1681646
1769922
1900614
1811831
1686211
1746952
1729872
1695091
1879674
1736921
1744986
1917361
1907246
1836025
1728633
1913607
1861323
1873100
1757183
1910703
1863778
2000475
1968185
1886580
1912110
1934930
1892173
1910955
1756207
1807916
1871167
1852745
1794866
1786318
1748828
1831894
1791416
1765025
1806602
1750298
1813459
1815293
1732977
1711600
1745844
1813139
1812119
1746993
1548848
1510650
1773176
1522553
1706984
1584020
1730681
1683128
1536800
1034913
1074503
1802654
1559056
1440764
1868393
1592918
1849562
1515233
1494687
1481029
1711009
1381830
1762131
1276405
1627030
1686117
1722099
1546992
1725898
1435569
1739884
1532334
1773072
1793778
1741979
1742699
1710005
1665464
1738812
1718414
1731336
1683296
1675144
1687815
1791756
1681284
1646223
1709358
1702084
1747712
1470487
1695725
1714911
1685254
1775188
1686918
1692751
1692147
1688062
1659929
1759062
1643654
1756097
1903794
1812899
1655133
1715152
1641626
1676345
1684515
1732428
1746368
1766694
1842392
1718696
1785709
1753087
1758298
1771297
1768269
1628820
1764918
1795603
1894094
1711428
2049968
1812539
1931511
1799344
1900065
1825401
1950993
1852723
1899114
1737755
1801431
1968101
1949695
1792172
1882543
1672854
1975692
1821546
1893835
1869077
1910644
1820093
1833969
1790502
1156466
1462870
1597453
1606320
1768896
1737847
1809839
1730537
1809471
1683755
1854716
1818498
1879310
1826106
1916517
1753913
1910964
1708635
1828226
1745227
1893262
1760847
1866481
1746570
1718538
1875195
1824466
1758465
1902297
1835113
1942983
1643961
1827058
1804430
1894520
1805159
1832508
1765659
1898162
1768882
1926259
1704018
1862360
1708705
