1428704
1101888
1085276
817626
1006674
1099221
1165617
1332886
1403565
999029
1300916
1109808
1412393
1157566
1366067
1196455
1350887
1125274
1270459
1007443
1490103
1016101
1329077
1059187
1517101
1135128
1247269
1132912
1387436
1215848
887083
1020247
1381088
1152100
1039489
966862
1472047
1075022
1479827
908395
1432381
1162625
1323766
1096732
1241994
951549
1369816
1029214
1244869
874371
1464293
996972
1360017
1045387
1360804
1040180
1226301
1092909
1241525
946712
877047
956598
870945
927807
4585505
2845109
729673
1085713
1299881
1039384
1267485
1235681
1423457
1129976
1332350
1140945
1389548
1236751
1396538
1119599
1423783
987721
1412009
1180694
1428726
1147503
1431736
1111965
1336631
1252891
1386822
1274650
1473009
1269141
1307985
1358006
1356541
1133625
1426661
1161539
1370616
1246683
1314370
1139749
1304560
1378182
1350606
1047843
1417849
1246271
1251982
1297422
1424602
1258068
1446667
1079814
1455814
1375996
1420104
1268953
1398342
1348445
1499246
1251301
1429563
1331627
1434552
1303348
1441977
1115954
1403118
1345938
1377471
1380197
1194276
1333106
1493927
1289288
1139793
1315262
1284162
1051984
1439816
1277822
1356886
1096440
1398585
1176308
1394218
1129431
1325831
1360282
1498403
1129658
1437115
1089616
1362851
1138929
1423578
1140950
1300836
1230099
1375435
1266764
1370027
1193350
1436989
1283694
1397468
1143136
1298405
1241994
1456962
1083333
1069046
1392223
1343637
1157314
1142494
1159699
1326687
1090737
1347092
1352242
1456463
1267741
1463608
1016321
1232957
1338547
1396467
1098507
1118398
1368204
1422516
1248453
1401480
1332431
1370315
1170306
1211058
1142339
1378966
1303150
1275792
1382740
1355023
1123891
1204419
1275590
1408183
1292388
1328049
1269221
1397151
1249774
1369154
1368776
1451429
1391842
1448562
1387568
1362597
1283387
1383481
1243354
1382087
1316891
1447509
1299898
1561204
1264125
1477603
1151980
1399522
1403732
1524164
1375011
1338691
1092772
1536357
1157079
1463626
1099383
1373778
1275639
1318500
1318458
1457132
1194723
1457900
1333082
1534574
1287551
1444874
1410788
1407605
1414535
1450426
1323721
1572261
1252791
1590989
1301721
1508973
1331821
1584903
1315055
1525394
1184033
1583717
1107398
1510246
1407436
1411031
1461969
1570888
1314128
1588805
1199401
1514973
1411084
1603253
1472917
1462039
1310648
1532149
1191607
1603397
1092549
1538238
1401903
1605551
1152015
1535256
1238625
1660565
1154659
1581154
1299700
