1156449
1124197
993705
477898
891503
435425
1047024
483383
1089552
648709
1053203
750939
1092352
846168
1079948
848973
1279263
752523
1252062
593337
1162026
1246702
1165693
689963
805406
742173
1455309
790363
1185242
882404
1264900
714457
1164604
772937
1228794
867040
1218004
827643
1278045
922735
1240381
859357
1282834
886564
1244193
974833
1178865
937805
1119514
930249
1149805
646846
1069233
832858
1417124
1015616
1287043
1195637
1279562
864834
1262367
1064041
1286950
780420
1346777
1013960
1331598
860726
1284362
852784
1251921
1107885
1256456
1112051
1417564
976999
1330819
899134
1353793
796078
1240598
875443
1246451
1254186
1379513
785672
1242514
989600
1209292
964545
1144680
627817
1270567
658575
1171848
766534
1414927
913021
1280273
721581
1295159
629536
2609347
3587436
2082569
513745
1184056
1047974
1229535
997070
1335818
1014940
1246262
1092822
1253837
932728
1269922
799181
1202795
1001030
1200057
997511
1237115
1086697
1220938
848262
1293356
1006797
1258002
988056
1328092
753389
1363393
852308
1315377
939075
1369148
1045197
1175565
1148682
1212702
930918
1346134
836052
1292545
1007308
1245109
959731
1247978
1049996
1256625
771124
1244994
849953
1255307
1062956
1251973
889352
1249172
744419
1227698
945936
1252036
815327
1211393
868135
921105
959673
959346
832309
1320868
1128246
1077401
1098131
1182372
982730
1226228
788197
1184762
1202073
1295653
779639
1354203
1039856
1285989
1020830
1259686
1081351
1266068
779951
1168560
877872
1275870
933143
1231133
1005786
1272338
835148
1261937
801529
1325331
1097731
1268090
1190727
1248586
966605
1280104
1005049
1266947
743548
1325703
851749
1371606
991524
1149001
876111
1362038
965659
1288717
1015979
1109002
794958
1242815
1183157
1208752
1034304
1351384
957870
1262273
924855
1315829
990334
1259423
964123
1284710
1089220
1195221
1102052
1162573
896575
1250119
690044
1399184
696953
1318900
844272
1245189
1012171
1188100
837425
1251297
944550
1117757
1032076
1165595
940469
1285057
767582
1128388
772567
1125096
800215
1211852
900452
1181682
795564
1310232
999422
1230803
820807
1263486
942341
1215647
861652
1165760
875825
1157376
1074686
1035348
1053420
1124756
1145763
1265831
788770
1072516
641358
1013770
968854
1063270
762345
957673
743429
970316
640527
977255
720877
1065914
907423
1223672
1122851
