1554936
1387552
1107355
1252148
1423517
1474855
1411201
1462368
1194244
1411271
1102741
1320479
979981
1403502
1022568
1460462
1315146
1504903
947455
1414448
14761680
13173254
11344652
11532489
9616796
9611988
7730692
7644338
5717041
5721270
3814050
3453212
1525251
1588482
1324554
1516729
1078273
1493106
1355356
1574533
1545397
1643404
1463412
1522012
1223192
1534953
1627831
1474054
1473907
1683983
1629238
1599612
1468454
1598635
1658532
1633827
1690797
1637935
1409418
1484050
1546120
1607598
1560632
1582587
1697501
1683968
1647750
1527751
1570827
1613211
1648214
1650939
1637603
1786325
1466300
1679618
1663010
1605394
1689539
1697484
1657995
1697929
1543301
1717933
1711537
1664687
1434940
1556443
1456437
1636494
1586888
1530834
1365172
1507686
3249671
4428717
3271977
3365657
1514171
1673699
1549572
1629045
1615187
1581424
1509767
1601517
1491172
1621738
1345277
1658919
1519604
1527323
1499012
1601573
1481344
1561843
1482916
1658116
1510018
1572158
1456102
1479717
1380529
1509746
1421689
1605383
1550337
1556322
1497542
1635999
1539202
1625499
1441030
1560155
1471411
1435674
1657733
1405871
1330987
1588967
1605368
1730064
1590060
1508440
1634015
1433981
1042972
1670310
1626824
1758867
1704280
1600522
1389288
1414325
1022073
1649579
1402935
1485485
1357101
1652235
1554987
1564459
1377639
1691847
1471253
1595194
1511612
1561396
1438141
1638348
1358276
1592850
1315041
1389174
1444131
1564988
1450607
1627716
1134752
1654956
1531994
1493287
1413989
1581971
1410196
1461732
1360094
1272714
1337974
1564794
1434547
1649474
1595919
1750335
1487570
1622391
1238235
1705252
1335924
1627708
1465261
1693394
1286636
1293668
1308594
1591073
1294412
1561202
1411870
1515440
1140404
1652272
1340114
1493983
1352155
1541019
1236686
1345435
1153817
1314275
1281767
1435034
1310764
1462917
1231752
1504543
1371855
1339365
1425386
1359220
1278373
1517899
1239557
1454868
1368231
1378939
1391575
1475631
1339784
1494434
1280161
1465661
1335521
1159832
1395801
1308595
1216013
1468133
1291095
1571568
1244162
1457756
1224439
1532471
1119723
1366071
1417811
1420635
1288160
1463569
1396821
1398761
1142323
1378302
1537498
1322901
1224184
1348265
1377296
1506162
1136467
1409759
1302286
1375189
1258192
1375222
1496797
1339320
1175773
1365967
1384635
1382419
1246934
1494967
1202426
1158010
1093789
1136260
1155297
1269510
1176984
1255952
1104159
1273723
1236742
1267752
1237722
1293935
1205194
1286063
