5855782
3902001
1851756
1841156
1643052
1951329
1759908
1932279
1739746
1958373
1680583
2034526
1938138
1916517
1895555
1921863
1933245
1975179
1891703
1983878
1920197
2020290
1981586
2032186
1804898
2140240
2071016
2227532
2092741
2110791
2253730
2055593
2176974
2170181
2110997
2286181
2207307
2112683
2258622
2080013
2312750
2105653
2220194
2263672
2279785
2279966
2282796
2293322
2155396
2060130
2250280
2264540
2282055
2340367
2221606
2335936
2089014
2286587
2287219
2178796
2355121
2322186
2358871
2281273
2403428
2190981
2494704
2099229
2309586
2268306
2364768
2399236
2276525
2158175
2360074
2408198
2247839
2194495
2481254
2162495
2406141
2097123
2595576
2218832
2403302
2379759
2394051
2222711
2380782
2015121
2528142
6431079
5337183
3416379
1710227
2637854
2483999
2299265
2555942
2451477
2403898
2355722
2060671
2483801
2223773
2529449
2301105
2298695
2512319
2623489
2326520
2340280
2315779
2467772
2281271
2296941
2330869
2442263
2191387
2267896
2053856
2281141
1978700
2251241
2185768
2410507
2185342
2543843
2396512
2308328
2374514
2370408
2568783
2404536
2367961
2598668
2428911
2616105
2422694
2344022
2378614
2355552
2337322
2562380
2237254
2633640
2390188
2560388
2408536
2339496
2373432
2485330
2352508
2487949
2275182
2295929
2563601
2585800
2370496
2396799
2458408
2372447
2412318
2433976
2363643
2465574
2305066
2644296
2277671
2372762
2302857
2551509
2466169
2443603
2417673
2446092
2432367
2443283
2416069
2685200
2279769
2621695
2446059
2725685
2667129
2666315
2488283
2734951
2378590
2611846
2519391
2658605
2572734
2635022
2213926
2775992
2466544
2389342
2287590
2495442
2353160
2646064
2480064
2704721
2361718
2648343
2599750
2825202
2610640
2678820
2687712
2520620
2254944
2653634
2110495
2810497
2322350
2696895
2576455
2481197
2420659
2391512
2471756
2608616
2221741
2550270
2495625
2538978
2461718
2632168
2536234
2650414
2366717
2574805
2579395
2661446
2536802
2807200
2694489
2514564
2457304
2791373
2651590
2465580
2230521
2634895
2505344
2675059
2254873
2484733
2572633
2492909
2251739
2607530
2450105
2540933
2389054
2774430
2680550
2691396
2485104
2963653
2214903
2711410
2231965
2701191
2325766
2759598
2271619
2396073
2409468
2706070
2489883
2795550
2652206
2643925
2555173
2762212
2512348
2794124
2232165
2411548
2592783
2651098
2532364
2713167
2481537
2706327
2579744
2750981
2134122
2694575
2515725
2652069
2355526
2769333
2438537
2788897
2339662
2747765
