1030702
1453187
1130548
1366421
1125418
1315975
1223912
1289895
1320176
1195278
1286135
1307220
1039474
1302446
1221555
1352262
1103993
870187
1003856
1009187
1267758
1055699
1047543
1057327
1350150
1394444
1157700
1389924
1128121
1353377
1228737
1393226
1197725
1375414
1191920
1352466
1278301
1415927
1263482
1471635
1271273
1386472
1095423
1263620
1407091
1375727
1194731
1166414
1260403
1379513
1192800
3807308
2839614
1284020
1458768
1404577
1256315
1316607
1235561
1383545
1369881
1309670
1277721
1384206
1154470
1306302
1120863
1455314
1328200
1177533
748694
1417206
1499289
1386885
1333467
1420513
1380100
1329662
1408803
1402140
1492574
1370631
1268095
1490085
1283501
1374561
1311069
1195001
1401686
1338166
1410604
1328131
1184985
1385777
1415415
1212882
1448577
1344200
1492914
1478024
1404637
1326363
1321360
1435946
1320127
1400335
1053561
1433857
1371271
1322277
1209460
1363196
1310828
1376934
1414345
1419853
1508304
1393079
1264915
1411278
1486322
1435670
1427203
1518352
1425497
1421923
1440469
1294590
1331546
1363413
1179963
1288666
1178651
1362681
1260879
1460687
1291207
1358681
1314949
1046223
1432158
1416452
1166478
1330897
1493788
1325972
1052404
1298548
1399647
1349410
1261469
1203560
1325993
1331807
1364996
1402781
1243630
1317630
865049
1317880
1419719
1215712
1408572
1262814
1372455
1325215
1194290
1416422
1090957
1341561
1041807
1301260
1285933
1377316
1071170
1367601
1151544
1355036
1373878
1245375
1348717
1240452
1335499
1369932
1272289
1398521
1300949
1348656
1267547
1346426
1335644
1157454
1432821
1338006
1137879
1334987
1232774
1352110
1327706
1429087
1350557
1386647
945104
1288137
1180785
1324120
1175721
1450316
1223085
1381352
1039863
1383377
1112111
1051532
1345643
1382427
1059972
1335619
1024319
1347444
1208821
1260243
1342034
1201276
1281812
1330287
1087237
1248829
1114182
1207653
1351621
1189755
1156314
1192019
1349601
1179208
1405386
1251981
1290499
1276463
1393270
1223399
1314965
1308377
1133114
1401305
1197245
1309832
1201732
1358625
1161891
1269769
1289333
1386801
1287235
1383474
1129873
1345275
1117187
1200216
1277862
1368721
1155282
1182487
1190554
1292410
1123955
1234195
1006031
1342728
1038199
1372343
1087727
1311824
1291581
1322797
1276810
1319216
1248701
1281991
1090685
1227375
1315309
1219091
1250855
1069689
1433297
1321010
1081733
1356050
1033000
1173786
963951
1262893
1106680
1308200
900957
1255904
1146172
1179184
