5270979
3298454
1319689
2183038
1668255
2137122
1754823
2183826
1844412
2140138
1848658
2163942
2060110
2174142
2002787
2310178
1952139
2325026
2100495
2300793
2167799
2493606
2138777
2374008
2296944
2449956
2289303
2534228
2313764
2288101
2393149
2418081
2295026
2485303
2266245
2328965
2312166
2426547
2386827
2327655
2278034
2528029
2323741
2503157
2413406
2387285
2455338
2496974
2348124
2299995
2164470
2397205
2108568
2174258
2296337
2296282
2284674
2299074
2302888
2352722
2139998
5932188
5174027
4126501
2126879
2383242
2441182
2480178
2314303
2342155
2146072
2359296
2197873
2346725
2237223
2499877
2405035
2572582
2184158
2051255
2065247
2375421
2302797
2492701
2238241
2426699
2297185
2428212
2376171
2442665
2359961
2291358
2194989
2331862
2191012
2128307
2163863
2303504
2398657
2464033
2289025
2486284
2247723
2487406
2193432
2406176
2419678
2516407
2265642
2331367
2189333
2412218
2207537
2423176
2372021
2397934
2159022
2453569
2218321
2445562
2001753
2026412
2020466
2101761
2021397
2102167
1825713
1786685
1870553
1949656
1866141
2089303
1996633
2225849
1940448
2185873
2099767
2128288
1896742
2277289
2348429
2431705
2407903
2530349
2315050
2467288
2391108
2509951
2402589
2403843
2286703
2412477
2233623
2426219
2400534
2472117
2416258
2472670
2378067
2541654
2341451
2513977
2437554
2467277
2348301
2391099
2418302
2474575
2332927
2500229
2225443
2473551
2339024
2539288
2394933
2557794
2289826
2531023
2414950
2376906
2306833
2536387
2259456
2524010
2323851
2507697
2170847
2547574
2282210
2488337
2329974
2542878
2329780
2513599
2232287
2407025
2350807
2525330
2329627
2329031
2275365
2428126
2222473
2422386
2301498
2530453
2386353
2523032
2224374
2489959
2352349
2531985
2302477
2443485
2177872
2531747
2201592
2488659
2281973
2411651
2159987
2613355
2377049
2488376
2320538
2530098
2364236
2506117
2225968
2468394
2438152
2393792
2330298
2471734
2352534
2528401
2343031
2623168
2338656
2465498
2272964
2579058
2361229
2293324
2375561
2286077
2488257
2436428
2396071
2453632
2387231
2402118
2328642
2580294
2436216
2474051
2325566
2495407
2371754
2424477
2439805
2470089
2460240
2466879
2318080
2599931
2451886
2475380
2311664
2592140
2345578
2643026
2327375
2430992
2098738
2405610
2534090
2533557
2232813
2424922
2279394
2613358
2428081
2408460
2218458
2613792
2380705
2615755
2205559
2584008
2368130
2397591
1886243
2283720
2152142
2266497
1992681
2360535
2037404
2253214
