4534650
2531729
1021416
1161420
1373105
1481025
1426968
1370877
1487446
1283491
1382354
1522193
5010305
3129491
1626806
1460805
1626428
1589394
1603226
1647741
1500047
1672813
1477533
1637586
1636648
1701005
1761937
1669725
1702964
1751195
1752648
1699923
1685767
1731008
1751528
1735715
1711458
1429408
1685259
1735178
1523049
1628098
1529489
1654688
1743048
1795463
1850927
1659039
1769998
1852964
1854093
1764998
1845217
1791085
1857870
1822538
1814101
1713624
1668224
1694489
1381517
1776805
1774947
1819386
1480885
1754931
1756878
1772092
1753740
1778827
1713523
1768125
1784774
1802701
1752844
1802504
1904521
1744445
1842588
1786992
1910217
1777319
1820238
1780648
1843857
1798431
1867717
1814882
1846812
1836555
1863548
1801087
1855128
1840715
1907193
1820006
1852711
1820648
1774824
1748208
1856882
1806600
1822798
1786113
1838502
1731816
1735138
1705205
1708117
1692043
1348866
1738103
1707555
1784070
1848577
1736678
1771892
1692883
1695945
1774773
1780532
1721193
1721242
1767284
1896087
1680983
1870401
1771011
1909824
1732027
1889223
1789004
1818259
1743470
1677413
1678202
1418862
1599079
1565235
1667118
1668604
1777588
1590796
1806768
1727772
1743566
1838051
1784732
1810923
1706717
1882440
1771447
1664864
1769956
1842214
1746259
1840400
1621524
1771278
1761008
1839707
1686510
1728749
1758398
1911033
1870265
1708570
1801832
1897549
1789912
1745743
1747112
1879929
1731271
1702238
1795480
1864398
1785788
1701876
1751132
1914711
1729952
1869778
1800394
1663459
1779097
1577965
1729284
1929950
1803778
1798514
1785499
1841460
1783552
1826144
1754222
1784348
1784909
1766253
1781325
1845067
1831913
1920689
1779053
1905501
1713099
1928237
1795408
1788447
1775931
1924067
1688747
1933851
1868622
1825904
1766071
1949479
1864663
1866853
1794408
1872103
1800711
1647655
1737408
1847767
1767251
1617114
1722604
1827264
1732767
1775062
1717147
1792274
1911017
1751593
1786008
1880289
1692087
1737334
1713519
1945287
1755745
1934499
1740313
1619944
1695715
1948718
1869927
5663966
4232649
2343514
1816447
1873434
1915650
1856318
1827899
1902441
1824787
1881540
1772376
1881373
1905625
1870062
1795888
1902630
1871172
1897638
1769692
1884503
1906495
1890593
1791297
1885842
1781241
1720429
1714817
1795064
1765600
1783568
1717535
1682622
1687324
1746863
1755157
1899079
1890157
1835404
1831050
1877344
1824465
1888443
1823427
1855813
1734493
1808664
1842298
1888803
1687696
1736431
1827993
