1374586
818255
1029468
802626
1333656
1112896
1286639
1105857
1284695
1214524
1379320
1247402
1178723
1172626
1419885
1216134
1462036
976694
1344450
856613
1142912
1074243
1141757
1064890
1372412
951148
1190477
1063148
1386880
1021191
1421290
1095888
1457499
1155592
1306037
1166703
1334285
1090612
1426365
1205818
1194588
1219273
1402081
1079919
1303638
1276480
1336856
1081676
1287604
1094852
1427113
1211146
1418780
896301
1276801
1311444
1485461
1118288
1218195
1352035
1452055
1017845
1286389
1175063
1542286
1112978
1404176
1224720
1456121
951441
1265170
1204240
1368990
1113336
1343614
1231527
1420311
1002007
1411014
1004606
1369255
1213236
1302784
1228876
1477460
978004
1346689
1121456
1316378
1176700
1358587
1133391
1411257
1250544
1331815
1381164
1471056
1288969
1397192
1247506
1289470
1235616
1430291
1043187
1346389
1434224
1232017
1298414
1398057
1311223
1409175
1409007
1389575
1230499
1478155
1330093
1406258
1334819
1426472
1069308
1442859
1283464
1435980
1306860
1459354
1243080
1191212
1089002
1374400
1143231
1389721
1291054
1407371
1097336
1409640
1335508
1445176
1124262
1277411
1115009
1440598
1078335
1272679
1027597
1276146
1124810
1390826
982713
1286271
1020322
1290228
1074285
1162514
1003997
4122631
3334632
1372818
995163
1411165
1295162
1458355
1299532
1440699
1052388
1480474
1418665
1498353
1321469
1516709
1291794
1471792
1419551
1455801
1070548
1366610
1109144
1479563
1153051
1462507
1431029
1561043
1116364
1474779
1439051
1501221
1194974
1529416
1272325
1414875
1366022
1496762
1439270
1640414
1213832
1560790
1328625
1612633
1328635
1437081
1361323
1296600
1268964
1410490
1353019
1462740
1251125
1497986
1389102
1457506
1386764
1514456
1331405
1527091
1317422
1520946
1278094
1491840
1157555
1588771
1250932
1622520
1249700
1597377
1145847
1577977
1220862
1496314
1154847
1634308
1192581
1576390
1097180
1605687
1233634
1553551
1149678
1514879
1362064
1618221
1313021
1517266
1165192
1429461
1141736
1611275
1072301
1421685
1140383
1425775
1273607
1289737
1163782
1586493
1058692
1531213
1111441
1524009
1218849
1447216
1134052
1510255
1197752
1421933
1224282
1391704
1217553
1544079
1096411
1524683
1214543
1507401
1227478
1491146
1154286
1579524
1213141
1455831
1271087
1546833
1094087
1427031
1037344
1562574
1138377
1594241
1197567
1453103
1170246
1399635
1142656
1551412
1257934
1574117
1079781
1421051
958025
1488259
1120901
1337818
1225639
