2991298
1302910
1417854
1571730
1495083
1641995
1620932
1550494
1655175
1338784
1629760
1603661
1524812
1744966
1372636
1769905
1687260
1562621
1640082
1899682
1820029
1754463
1646869
1886082
1691701
1898581
1702811
1651403
1763523
1894960
1761518
1596576
1639510
1651506
1631103
1598150
1536550
1732530
1756848
1643611
1399281
1704254
1745585
1797837
1794956
1271092
1714432
1644166
1811688
1729294
1660931
1540757
1448508
1521235
1524295
1750200
1622044
1584323
1702969
1534881
1706621
1635900
1660405
1641624
1632344
1846937
1686790
1783852
1818042
1878175
1860236
1583558
1661701
1710539
1691875
1776365
1560663
1691909
1694740
1862689
1830252
1804583
1863233
1729252
1931060
1919622
1800038
1883434
1762411
1860783
1816161
1793330
1849444
1883880
1841803
1880762
1774373
1864594
1735577
1830648
1833191
1824794
1785225
1907743
1870249
1875182
1708997
1832018
1754314
1763211
1747512
1685865
1935285
1815271
1618920
1775770
1702005
1743751
1686221
1768335
1753141
1403322
1533066
1771990
1712833
1767502
1664494
1684001
1682031
1684005
1585683
1603704
1695115
1772791
1680364
1723332
1680299
1692826
1595499
1771373
1669810
1625344
1607965
1667551
1674770
1658945
1545260
1551554
1561269
1661461
1614273
1431068
1693595
1718132
1576924
1648933
1634783
1674924
1670895
1694940
1559880
1383605
1514340
1537374
1562515
1521034
1527176
1567561
1524615
1412977
1509401
1360377
1528341
4740153
2536589
1725564
1775166
1861885
1904583
1898652
1913594
1701454
1774912
1850592
1744310
1756759
1814044
1875698
1914084
1870749
1813152
1708487
1715491
1778062
1814221
1833396
1911830
1877317
1821888
1603769
1733179
1722174
1723697
1803820
1813623
1804827
1704889
1871285
1721960
1859791
1871483
1526344
1858512
1900809
1765906
1873567
1669006
1964389
1782300
1707629
1545227
1486324
1745373
1779003
1722019
1887022
1743731
1911205
1874836
1845222
1818953
1741851
1862753
1884013
1786900
1810776
1661798
1929183
1822981
1874852
1878177
1766213
1821407
1904926
1744297
1833816
1714576
1878534
1858693
1876354
1778471
1876890
1848006
1802913
1779339
1795051
1705517
1779389
1699680
1800172
1660531
1882295
1862450
1875914
1878438
1875549
1755557
1900309
1708677
1884935
1874983
1791120
1933905
1905024
1806414
1878039
1712756
1872674
1632167
1667286
1728356
1593968
1625597
1672990
1671595
1809300
1545864
1742722
1675460
1668233
1741219
1477428
1596710
1567776
1424351
1668069
1606269
1488267
1418572
1605796
