963161
521879
908648
1070092
1423041
1025031
1284636
1010294
1493559
1153652
1073885
463046
1113980
552054
1175971
790244
1001089
765253
1082734
822626
1053195
1060858
1415326
1289237
1324923
1054046
1400931
1018918
1376767
906853
1257817
1044352
1358057
1391591
1431773
894624
1022338
587825
1058924
864208
853956
609261
964582
926620
1205829
897134
1254457
779570
1224686
949663
870536
592894
791949
448155
701324
346727
779268
558601
827157
533579
767667
488810
611066
571957
616794
568708
932685
983535
766307
602162
1049129
814565
950731
669594
968278
616333
995684
620238
726846
672802
697008
655244
934288
580108
1057939
719595
662286
763708
609970
681513
634098
695507
948581
704595
1023479
560901
671905
555395
859186
779647
823691
601780
1067300
678825
712950
451634
765670
660185
955812
690518
908552
724414
869605
758496
1140228
879351
1255787
1084426
1157927
1257792
925501
807024
1122392
960762
1184204
1095659
1152505
904112
862571
696513
922227
979582
1162902
1099307
983831
750989
1162731
866902
1069708
849548
993263
955895
965219
840966
1114182
809408
1153104
846526
1213474
1749751
886911
675037
878288
701592
1042897
945118
1016633
906054
1005820
961261
1016236
750768
1091265
924045
1159762
811624
1045967
896564
1174594
837191
1036864
882408
1174173
759403
1031764
893414
1095666
803584
1026732
1006378
787955
753769
723864
699533
954602
658132
786172
553719
803604
529717
886879
807704
931316
855495
945927
886915
1368802
1001588
1019411
4127536
4235453
2267647
955602
1221109
1029442
787687
913002
1031845
1201064
1155573
944290
855255
1007488
887317
860984
873306
1220543
986800
1175791
992556
1047817
1010219
1197173
1023917
1162628
896286
967515
1000058
1386450
1024079
1314465
1068386
1317865
1296413
1036826
1073160
1351892
1296708
1208174
1240998
922525
916067
1265767
1194238
1239723
1176432
1373692
1188840
1286008
1088850
1048154
1065515
1341858
1228004
1231665
1212542
1354476
1124673
1092538
1061406
1097585
996919
1280476
1205188
1135439
1212824
1126079
1111554
1356588
1062982
1290710
1021065
1329490
999779
1340830
930792
1329253
891153
1314423
1103468
1057684
911346
1137024
1176061
909045
1301772
1232986
1346019
1331989
1388844
1159748
1056824
1403561
901426
1291357
1115398
1297835
1232739
1153444
1372166
