7025890
5074572
3088253
1073668
2371482
1526619
2351429
1972655
2515760
1531075
2356922
1543245
2651120
2038624
2536856
1530229
2391220
1697185
2176017
1869607
2355096
1889483
2361681
1928329
2507062
1689026
2486884
2391157
2509009
2124231
2465994
1967799
2451275
1875989
2468831
1959753
2445016
2165196
2350996
2221348
2501306
1807103
2437910
1910519
2458633
1789081
2340121
1748702
2489576
2176946
2347009
1839254
2447880
1540852
2397854
1806847
2316357
2030805
2538348
2102929
2593005
1738671
2507831
2215578
2556252
2354927
2628391
2042645
2465879
2223436
2315576
2129685
2482623
1868188
2562150
2075086
2494392
1755477
2584900
2148025
2446474
1795075
2443432
2227736
2409946
1535181
2433124
2016275
2337916
2051648
2460431
2063300
2473732
1769001
2511094
1773727
2356594
1533210
2358158
2129897
2465248
1568900
2462161
1732885
2233155
1571303
2278362
1962785
2465534
2201509
2571442
2470584
2538174
2261871
2611297
2471018
2720187
2376404
2665410
2594375
2634055
2515000
2580745
2353774
2637092
2477265
2662662
2401510
2674140
2499698
2647542
2547675
2581549
2338397
2606535
2422930
2586888
2516088
2569839
2617479
2625210
2503198
2633956
2402952
2632475
2515706
2647240
2524548
2624566
2521766
2574360
2174602
2549472
2372467
2638062
2399713
2586049
2349765
2545329
2204697
2626151
2331616
2540252
2482828
2659303
2516384
2679941
2472004
2537468
2343877
2635942
2586319
2572595
2323924
2656453
2349703
2588551
2256050
2686360
2508318
2648666
2381661
2613464
2289361
2597786
2426392
2579649
2702072
2438571
2519737
2575855
2339527
2580752
2312457
2635631
2506628
2601903
2490820
2647145
2481968
2689346
2438986
2634850
2561901
2607210
2491420
2573830
2398990
2690468
2438784
2621265
2474588
2636420
2451536
2652659
2341760
2634601
2475409
2588245
2561840
2648690
2282001
2562862
2342170
2694060
2452580
2593205
2325305
2657504
2388577
2579240
2304787
2615301
2084164
2579779
2166936
2174651
1918607
2345032
2372178
2588016
2499218
2603982
2239910
2618540
2366283
2584512
2341052
3424444
5508908
3910590
3253287
2430773
2447328
2432359
2539924
2498145
2387263
2589634
2321003
2591332
2294309
2674437
2411179
2662715
2366901
2521262
2474859
2616049
2381070
2617466
2529747
2665289
2325472
2623575
2443902
2577724
2502670
2700691
2381784
2525301
2516016
2636433
2378543
2634136
2386738
2601481
2491348
2515128
2353130
2602354
2351597
2570740
2371760
2596085
2484408
2566167
2540569
2708295
2199422
