1072910
1460089
1081186
1280053
945533
1519644
1386621
1431373
842439
980926
1154277
1542308
1425869
1461079
1422186
1494668
1124192
1247418
1412893
1370032
1457605
1424642
1520229
1450913
1499983
1633859
1375296
1574524
1481188
1582984
1378016
1466200
1433699
1430651
1376811
1549170
1454814
1595893
1411508
1428577
1127833
1541034
1245268
1510005
1276930
1548108
1515823
1504299
1441025
1258395
829918
1272958
1198102
1362048
1288704
1429127
1448934
1560364
1482460
1547535
1510081
1625027
1624472
1612486
1424796
1728077
1481956
1602395
1532614
1678616
1511664
1736137
1548038
1669322
1566473
1673426
1604260
1722496
1475668
1571815
1279148
1665040
1578520
1647223
1396403
1641304
1457555
1684003
1426381
1626116
1767358
1664411
1624561
1607160
1456296
1563625
1502013
1600205
1390589
1658544
1449293
1549384
1608962
1683607
1409543
1654247
1513261
1658876
1525516
1732976
1569128
1699106
1504370
1689351
1448595
1744073
1485682
1702638
1653526
1671327
1515690
1704813
1655302
1681378
1519686
1665287
1628381
1666371
1610850
1557544
1485629
1665432
1530274
1641765
1635925
1566776
1517775
1655656
1542640
1544440
1539658
1695244
1637506
1732662
1574404
1533929
1600461
1652478
1447820
1619770
1502636
5352161
3635636
3619845
1642226
1660370
1519640
1685553
1535560
1461845
1500814
1658322
1564134
1645581
1493271
1661368
1728787
1587345
1768982
1651480
1616951
1642527
1551595
1665033
1494671
1608949
1437794
1658830
1460502
1579221
1424289
1668779
1597291
1565205
1148313
1502565
1413352
1618904
1419895
1580255
1521939
1648378
1420776
1684659
1529117
1675463
1504249
1658812
1525772
1751813
1465359
1542179
1620277
1622929
1577204
1665740
1666486
1605805
1476060
1573784
1401407
1659944
1310675
1489791
1371079
1631355
1368172
1566256
1436533
1517642
1507914
1611330
1664169
1676898
1508069
1690681
1584420
1618424
1478385
1641695
1731380
1647045
1528239
1688280
1520364
1596436
1615056
1654312
1688430
1531790
1548647
1460936
1493037
1632222
1465696
1682220
1721373
1481388
1674265
1237070
1614155
1337296
1327907
1624957
1657905
1493208
1622161
1446370
1443079
1530554
1273247
1681252
1670434
1401797
1297624
1524212
1430339
1562311
1574541
1547819
1532178
1609437
1281603
1603565
1352285
1691170
1442252
1632615
1330654
1553667
1241553
1616338
1183302
1621119
1184424
1614807
1256759
1601987
1321873
1457920
1357583
1593992
1355189
1525910
1513533
1482983
1421026
1620491
1410742
1481052
