575189
991566
976831
1154650
1202425
1134344
1183560
46773534
44758787
42767756
1356390
893225
1102354
972085
751550
1227039
1378297
1274809
1421037
1264459
1504671
1247560
1347811
1306786
1293188
1188646
1372485
1382600
1279857
1301301
1428979
1349644
1433423
1279660
1330384
1388501
1538396
1444845
1412130
1270170
1581343
1315623
1466341
1401847
1583907
1322260
1433238
1321124
1525352
1384731
1349505
1309150
1573215
1325020
1456661
1365257
1396396
1341094
1474416
1330756
1535710
1320946
1496928
1328148
1394951
1228823
1481141
1421115
1529292
1283966
1439973
1258525
1418246
1370419
1514058
1415038
1424391
1403690
1607157
1419521
1560377
1430755
1485261
1401390
1516511
1420755
1599457
1379730
1328128
1354396
1177361
1084646
1074923
1042342
1006183
941849
950126
996560
1200625
988613
1030920
819088
1027971
808512
963254
889921
1011095
1051977
816764
1045355
1100215
1104961
1094602
1093896
1068016
1152901
968202
1009107
1118221
1191038
1159794
1107111
1167755
1108768
1264757
882241
786056
979476
3936423
2064235
883326
711643
1052868
1006108
1085642
976328
1240505
1233470
1121788
1162993
1017973
989817
5068504
3436432
1787042
606081
1113805
1305095
1211099
1005797
1245661
1151188
1175104
1115288
1005423
1290083
1134619
1104638
1132684
1301850
1245153
1132605
1168775
1250939
1029072
976683
998837
848675
943206
1160598
1059232
1172299
1255194
992840
1141737
954862
1060448
1066058
1497971
1156573
1299763
976920
1320799
1022520
1388037
1063342
1227356
995712
1270619
1167358
1357134
1077058
1033990
1029261
1034776
863770
1031247
980707
1338099
1072803
975394
961045
1146535
1039716
1247232
962565
1049033
998573
1297209
1089471
1487501
1043617
1354051
1064873
1017637
1091553
1296686
1176506
1266824
1107234
1496308
1218645
1360670
1000892
1313402
1080571
1389543
1066611
1179764
1012761
1193594
978620
949434
1049492
1062330
911648
911812
997673
1063605
983573
1139836
959495
966999
901297
795853
986988
1290516
1053215
1118293
1149311
1064431
1028920
1222613
1208520
1223025
1068008
1080394
1226645
1240154
1138974
1287897
1121200
1271665
1072864
1264442
1165564
1171612
1066632
1283863
1204043
1329716
1028222
1184563
1103396
1330492
1049352
1211338
1165508
1111184
937021
1117673
1172723
1087198
1119111
1168274
1030826
1050297
1032206
1048082
1098503
1160346
1225392
1223639
1227610
1237922
1117213
1291000
1108853
1278995
1143376
