1189047
531027
896964
506251
1398499
883424
1284893
983741
1311885
757307
1430930
669614
1401579
1040943
1334976
1209257
1436501
1131705
1369529
788680
1394625
858627
1460824
680140
1270909
1040978
1242017
916107
1445633
1099589
1241676
1031554
1146884
1227901
1235325
833928
1489489
894572
1360116
1218215
1362211
998583
1443953
942408
1510332
1294940
1500494
1081906
1407289
1128634
1361345
1131164
1341106
1124870
942057
1031071
1279172
1160813
1289864
1177253
1283327
1761252
4147544
2241093
672301
1069362
1476239
1077579
1422959
1158668
1441649
917451
1452895
636303
1400988
779263
1167267
980453
1536647
1008274
1394952
786121
1449353
1317442
1319999
1074089
1416757
1062474
1483237
1001188
1379834
953299
1379788
967322
1390563
1010623
1523280
1107646
1458075
946019
1527347
944178
1384329
952173
1061218
1075026
1413836
1153831
1518424
1122530
1315455
915009
1344535
980569
1279768
1068710
1461488
923199
1291212
1056515
1380211
972772
859334
925052
1306816
967097
1320096
667782
1146534
903664
1130993
663637
1137334
842157
1379609
788363
1331242
783982
1209560
934104
1363850
972704
1347182
936078
1363541
1089284
1272761
923273
1200558
674320
733437
657748
1076555
639182
1134252
701972
1110580
777354
1279477
648342
951372
749722
1203559
736817
1383087
657650
1098820
709820
974990
718813
836131
508861
1017057
760442
1348858
835364
1080824
884336
1241669
959547
1149556
538397
1283777
984012
1404380
954247
1261487
606701
1317379
877450
1051350
950588
1199579
820623
1220121
828320
1216712
941653
1151886
697572
1215891
866288
1235653
1035290
1277662
941859
1326602
819452
1253041
765760
1146940
706611
1279227
740161
955243
614685
1046405
633823
948175
653241
807274
683722
944863
615203
973525
579097
1163773
636216
1238911
704526
1208656
723105
1174074
813305
1034620
775173
1162376
605976
1230118
766058
1173045
929896
1252097
562537
1223125
684322
1174799
902295
1262848
779215
1181270
748499
1175887
702857
1180794
804746
1088837
869835
1172116
886679
1322896
756626
1114446
734539
1115867
858538
1231461
748893
1153780
789225
1206548
681944
1281356
837581
1296919
926192
1178983
724016
1188316
879588
1231719
677166
1136974
812459
1149646
635442
1099396
628861
1018592
801560
994471
715948
1098791
688433
1224659
779078
1135456
732043
1109890
650108
