2573206
790650
1090397
1114598
765778
1379639
863409
1457077
1463349
1493587
1455384
1443843
1446038
1720619
1467213
1496115
1469056
1665776
1442442
1652193
1585627
1616828
1538050
1717691
1660244
1671376
1337968
1591367
1634289
1650364
1334090
1548126
1627946
1521194
1339845
1500729
967807
1585989
1489813
1603322
1529240
1628766
1491723
1648430
1526510
1618654
1418054
1632519
1633146
1590849
1402666
1528459
1647915
1590349
1445207
1634509
1621355
1659655
1617374
1650720
1413227
1628704
1648109
1716244
1673331
1690904
1682794
1594531
1483418
1763606
1702162
1783437
1614603
1676055
1372318
1679470
1150042
1704585
1701285
1762294
1485685
1789622
1734462
1751361
1484636
1532755
1094191
1520674
1552744
1503150
1349191
1656513
1680359
1762270
1491527
1765481
1678573
1788750
1688964
1765430
1544202
1615467
1587514
1790432
2592533
3877708
2023152
1501196
1699240
1777954
1727437
1739383
1687387
1767945
1678146
1768058
1692633
1708946
1735314
1770440
1623644
1297125
1200113
1739804
1659292
1527248
1272388
1763394
1649884
1749290
1142265
1491189
1280471
1757457
1181247
1336728
1120274
1497449
1374212
1611664
1736844
1787201
1526988
1788861
1692517
1722621
1165852
1761455
1656093
1633467
1586929
1632549
1430143
1725870
1383349
1574293
1583230
1588961
1275295
1722820
1448969
1729065
1628540
1699618
1773204
1802726
1705556
1820141
1443559
1729828
1439185
1578190
1631357
1762640
1628247
1793858
1620253
1786256
1612896
1776396
1303024
1724161
1794521
1770746
1494805
1330651
1076277
1604573
1599470
1806142
1823750
1837057
1342338
1790337
1748317
1815021
1721456
1861803
1792892
1851491
1693073
1875435
1794207
1851581
1887533
1855038
1864155
1864076
1751114
1861626
1525493
1832455
1809005
1798572
1730406
1754770
1243757
1238311
1266397
1833502
1833515
1878046
1735098
1843981
1907472
1828895
1672182
1855713
1878077
1872158
1559956
1841677
1910291
1856570
1888655
1754835
1874745
1876131
1838425
1887347
1700977
1511486
1254164
1815827
1836193
1850341
1660444
1759459
1755281
1822034
1892952
1870828
1845686
1837244
1842528
1813344
1886596
1894277
1460931
1832445
1829150
1870651
1856122
1841641
1749227
1858881
1660790
1640890
1856415
1883652
1859463
1849962
1746497
1813703
1738176
1850231
1897627
1884687
1832527
1901445
1889208
1870795
1577040
1809886
1887827
1820833
1882037
1811387
1678859
1865362
1833505
1858068
1877926
1867497
1825246
1864316
1838298
1800030
1854711
1862761
