3043542
1080684
1253992
1152260
1010132
1510597
1385174
1468525
1581479
1264840
1212525
1526160
1722161
1434736
1795726
1673316
1744396
1581588
1722971
1536335
1606912
1526428
1456805
3306913
1331042
1375927
1136213
1464490
1413662
1407568
1459826
1386634
1694658
1759977
1579992
1372363
1410870
1574575
1694783
1566702
1662221
1387947
1684515
1502778
1690591
1625168
1566801
1761815
1695892
1707739
1590687
1496037
1698896
1654964
1730650
1426842
1406238
1717089
1721022
1592747
1599797
1723469
1732486
1608855
1605184
1729584
1631523
1615218
1757653
1780581
1465497
1681155
1547063
1608008
1653989
1521673
1434056
1626657
1730889
1646961
1502706
1483237
1602671
1554016
1596768
1624659
1702536
1519982
1618988
1728654
1514451
1516623
1594356
1593790
1746164
1614012
1609098
1749181
1736244
1626154
1500418
1561643
2820809
1055753
1798041
1713944
1584136
1843069
1769897
1676812
1389311
1646575
1738108
1680875
1748221
1562290
1559716
1622626
1613543
1658443
1464814
1701645
1645780
1522804
1837614
1413901
1548186
1837721
1758065
1722644
1648276
1479910
1893011
1603558
1831426
1749511
1839058
1693250
1865284
1574528
1516604
1632628
1883513
1552061
1863709
1633383
1836580
1640785
1766519
1513487
1573738
1613318
4665355
2635448
1634456
1453807
1893554
1827173
1833093
1630223
1663116
1768730
1838372
1620132
1860535
1594905
1871536
1502680
1918893
1745605
3386094
4452446
2481516
1444726
1873891
1567208
1352346
1446964
1387145
1447520
1517502
1499071
2171696
1251185
1664165
1466971
1521906
1490381
1378698
1586574
1509127
1408762
1513500
1406874
1618799
1497600
1494652
1515764
1492908
1443681
1499734
2861264
906586
1592278
1530438
1553593
1464720
1493885
1512836
1529953
1496296
1372855
1640750
1550407
1521553
1436096
1522137
1538019
1516872
1432126
1525045
1537189
1520431
1482145
1515188
1568838
1515371
1403877
1528048
1536988
1522707
1491112
1513612
1532958
1523357
1409456
1513492
1498923
1507957
1500161
1510620
1500778
1510999
1425785
1524482
1550558
1539116
1519060
1458677
1398274
1567808
1480530
1534788
1546118
1536359
1513599
1534421
1501418
1525915
1453890
1528263
1510189
1480102
1504007
1524989
1508381
1530001
1356764
1455501
1414180
1420388
1411576
1421177
1372412
1455312
1285358
1762786
1488267
1609361
1478301
1523328
1398305
1663838
1521494
1617154
1479328
1631338
1442869
1607078
1481386
1613154
1429629
1528824
1313820
1517690
1303375
1629954
1473800
1600965
1426359
