1319342
545218
1062914
821231
1060189
880281
1163827
1158951
1302666
39407227
37366748
36966579
37267728
35388657
5286378
5524279
3560222
1577852
1534631
1453636
1573298
1320952
1551641
1314308
1431965
1418741
1455065
1202489
1329138
1453000
1525479
1350709
1724212
1504976
1618248
1509027
1596796
1343093
1505997
1322039
1721622
1463091
1790689
1603376
1690464
1648248
1672260
1522118
1847522
1695786
1717652
1436659
1858894
1617838
1702706
1517246
1856534
1740547
1668341
1695891
1638766
1341298
1615762
1469467
1571098
1306003
1757384
1474284
1779246
1445336
1877237
1470444
1695927
1476890
1495787
1489370
1918088
1346828
1829025
1633203
1734787
4723624
3821385
1824893
1788133
1745972
1920198
1871824
1904928
1735440
1776907
1872972
1893540
1854693
1760939
1954027
1914352
1853326
1927871
1685971
1865572
1881548
1858980
1766693
1507959
1319493
1923096
1474342
1568078
1456694
1888915
1580185
1897950
1508418
1795692
1490986
1894424
1766683
1852369
1935687
1806680
1906655
1766012
1828968
1824985
1584425
1565898
1462116
1771310
1744104
1990315
1762588
1738178
1536472
1754101
1730634
1693956
1435987
1945932
1704584
1815507
1789110
1714891
1504693
1659950
1446006
1704680
978164
1688538
1091587
1571345
954663
1487048
1081620
1500947
1183420
1512856
1315099
1481730
1192824
1467376
1157260
1826117
1540471
1604949
1118883
1527452
1439705
1554595
1346350
1683009
1326320
1640230
1084305
1390460
1344478
1407451
1313875
1366700
1147631
1487901
1205889
1662354
1031810
1475842
1426206
1626230
971288
1375423
998194
1127516
1140333
1444800
945755
1365362
1232545
1592079
1328711
1411166
1429261
1715375
1120873
1584429
1483563
1634873
1018155
1616091
1134556
1690411
1268743
1667739
1434926
1758762
1233149
1624382
973271
1716925
1282032
1692849
1367237
1751751
1207622
1586882
1175491
1123415
1348827
1563758
1475706
1779747
1410130
1772436
1505426
1681374
1498717
1679575
1583278
1677844
1475307
1743300
1382351
1670907
1418957
1731978
1533341
1361540
1369255
1495701
1389072
1296033
1022655
1533923
1246595
1610904
1217848
1762285
1276590
1739565
1272083
1684545
1296748
1581449
1298002
1788257
1335280
1662287
1364074
1748657
1268402
1777951
1309093
1691355
1421665
1634628
1245352
1557297
1393963
1702360
1247700
1733157
1529754
1717701
1330588
1772499
1324270
1642229
1797552
1596566
1327454
1730496
1669324
1754601
1511089
1784570
1454109
1790545
1434225
1801947
1386738
1749827
1463706
