5599772
3662398
1627328
2492542
2194793
2334419
2332980
2385681
2341108
2389409
2221211
2428467
2380080
2538310
2423350
2449837
2432035
2446475
2367334
2442207
2269437
2518187
2476810
2545491
2458721
2513295
2107883
2348314
2062201
1985966
1641752
2054263
2362829
2416810
2089781
2057096
2115797
2419499
2389021
2440527
2438634
2415597
2364427
2556976
2259789
2410331
2367538
2573722
2442386
2391014
2351480
2482105
2382060
2447245
2386410
2451023
2305304
2401220
2375307
2370559
2380253
2473039
2399628
2445488
2445198
2385664
2374214
2392498
2343848
2390727
2364981
2394820
2453541
2383279
2258807
2436635
2196597
2223849
3250388
6076421
4113208
2200279
1613790
2301664
2167351
2429235
2053704
2475412
2088541
2540732
2113307
2539575
2140849
2540785
2260449
2471519
2226237
2503311
2144421
2282233
2242438
2236569
2485338
2386819
2051780
2566320
2259858
2426027
2577989
2492226
2533099
2562160
2393297
2494063
2441095
2486775
2288313
2570576
2585086
2452381
2277209
2459131
2445065
2093669
2109298
2497115
2060675
2493292
1719301
2482050
2065351
2466935
2070881
1960994
2012580
1691867
2120361
2193393
2182783
2066868
1851825
1880563
1528681
2033728
1617501
2234764
2285293
2238679
2307620
2367708
2277709
2360091
2022740
2480794
2234647
2451326
2264073
2354298
2250393
2451205
2218493
2404345
2259094
2478271
2217380
2474101
2231752
2228393
2248162
2484912
2225746
2500390
2294384
2445510
2271290
2483532
2294494
2311194
2168646
2480161
1885235
2403015
1874245
2179769
1771772
2181836
1873998
2440959
2327423
2443899
2175301
2475776
2316924
2447629
2116422
2315348
2297733
2370404
2355294
2479055
2407524
2375448
2399000
2512572
2424381
2536021
2179787
2480423
2269188
2419705
2420550
2522435
2231851
2464840
2422763
2496453
2316238
2469255
2403182
2596216
2426891
2536014
2540085
2528713
2398145
2679175
2337364
2666023
2337258
2651031
2571911
2546512
2364932
2538436
2486537
2709792
2316352
2706871
2452853
2679741
2405904
2632791
2528671
2655813
2271737
2725357
2283837
2594136
2584364
2606408
2195511
2565222
2505682
2614308
2488201
2548387
2500850
2536524
2493219
2631941
2367183
2713063
2370668
2602385
2586864
2457443
2495801
2572750
2547496
2476620
2384632
2458405
2291857
2408224
2464179
2364933
2274444
2524645
2242077
2492561
2511739
2565220
2347998
2618046
2370694
2631612
2507989
2645912
2530212
2618525
2417079
2489880
2428955
2530803
2380095
2598710
2380188
2506626
2488722
2584872
