1062738
901181
978692
963658
947243
977373
1214392
1197972
922813
1432890
958367
1168520
1167065
1085897
931640
1176224
1226456
1294042
1151900
1298812
1156283
1298697
894790
1337007
988666
1329085
1127125
1541443
1023812
1003388
1085138
1265887
1059727
1200862
456824
1213220
1325695
1300501
1402406
1326120
1149644
1360287
1274035
1417198
1224181
1272289
1318029
1432061
1415987
1183130
1070701
1462858
1196773
1455471
1348426
1341288
1082260
1428734
1090887
1427520
1036095
1443622
1341661
1118553
880371
1342613
718465
1484583
759697
1446528
1107959
1381794
860292
1419513
891413
1431587
711055
1474206
686166
1179473
622153
931003
622930
1397765
578100
1391189
876371
1341381
672707
1288329
734772
1349165
539507
1298395
780557
1448488
845417
1111842
919062
3076610
1996359
618448
701017
1195705
746822
1239560
1101229
1328695
1178078
1209520
996644
1168227
809758
1207960
1145847
3089791
1414343
1103139
549853
1001919
550797
1038937
590858
1300648
729060
1382825
1041732
1383825
707848
1252483
1058875
1335131
861858
1266656
646089
1325371
750480
1103981
601938
969835
606796
1006278
385259
984666
456055
1109957
568292
1028395
503747
1187263
879386
799672
481892
951817
634097
1052104
581465
1096546
422034
831836
572979
572895
574915
1213721
474410
1295648
659434
1297470
528023
1019640
592226
1205902
525743
941221
416017
1057632
719499
1225211
564000
1193983
766186
1054804
783257
1212878
660648
1251962
542778
1178905
637011
1221489
670610
1095885
771338
1230050
495113
1125731
752597
1374292
729983
1123729
706373
1032207
523953
1254694
626624
999573
535005
1082760
565775
964768
539364
943860
553551
1018295
619769
1123996
531419
1124889
708302
1023740
591644
1165200
521511
1200040
585896
1154556
738430
1250667
641415
1221565
574468
1207737
930058
1065249
709400
1124862
625375
1127045
691524
1251091
681006
1255947
1139110
1194503
607402
1259030
761825
1198219
719564
1226314
757754
1122212
707101
1011173
862855
1242356
1068875
1254729
1023107
991778
931485
1006489
971800
1035479
990502
1166849
1041586
1150002
1100803
1211220
1124681
1225081
1068062
1206065
1188364
1308931
1101591
1250302
1096719
1193553
1121288
1242434
1172414
1239065
1140264
1300701
1132546
1309140
1002161
1089666
1077694
1231581
1089006
1221935
1012648
1213067
1037827
1129314
1211637
1257012
