6181934
4980326
3007589
1980878
1468516
2064084
1568436
1843519
1809060
2115384
1621616
1903387
1818496
2139696
1826285
2118960
1991432
2070725
2057125
2076275
1877123
1962842
1900993
2091048
1821556
2055385
2055527
2070234
1954402
2049333
1890062
2053080
1902350
2061888
1702477
2091484
1847019
2101410
1925131
2091910
1863467
2027409
1970122
2054917
1950683
2013634
1935866
1737034
1916331
2042817
1782049
2031330
1958775
2075630
2007787
2070515
1844624
2085544
1763657
2407358
2384230
2221887
2331416
2404347
2335110
2389138
2108110
2373146
2437015
2335252
2366441
2245500
2352383
2463154
2163666
2136421
2251997
2361656
2262540
2465330
2292133
2405879
2125913
2332519
2306621
2359037
2243843
2363742
2301133
2361784
2265365
2233526
2205450
2208087
2179575
2225226
2272750
2442430
2140776
2444316
2241474
2285150
2145881
2378171
2040244
2282393
2108294
2254134
2175770
2451133
2276940
2340832
2358754
2386674
2304111
2474173
2342436
2319388
2231341
2276085
2365614
2293734
2223830
2468523
2180422
2389252
2204744
2479070
2244062
2457698
2236471
2417754
2317908
2250097
2210412
2467999
2221394
2342724
2321918
2490080
2200597
2364172
2303875
2377879
2268852
2468600
2081261
2466964
2329896
2401663
2185596
2363018
2278737
2483628
2150229
2338028
2244092
2369642
2159796
2406364
2303668
2409389
2114265
2385018
2321878
2479170
2197786
2392414
2285213
2458383
2054091
2434290
2294573
2390659
2192626
2480230
2223483
2361536
2246711
2395820
2283547
2268080
2208502
2276317
2275820
2383028
2102485
2347773
2342774
2396302
2237567
2232070
2392639
2291217
2283897
2423627
2127485
2476397
2286456
2489334
2300631
2046227
2313917
2242732
1976737
2167205
2154056
2109975
1891106
2158758
2123519
2160999
2092455
2381352
1936607
2160978
1783414
2388302
1772806
1989253
2060260
2163213
2184652
2122535
2029847
2165274
2151981
2210385
2183315
2478635
2136189
2056578
1973037
2227675
2133205
2426508
1816216
2307702
2160699
2253664
2055961
2158075
2109028
5343856
4369721
3504007
1724624
2500436
2263367
2353214
2037019
2271997
2213449
2512585
2113871
2305931
1918376
2453683
2189112
2362162
2254564
2414530
2052413
2259567
2127489
2418269
1973127
2383124
2038370
2395228
2280921
2422856
2121054
2411883
2293890
2396336
2041820
2334598
2262937
2398442
1986296
2348098
2294106
2281053
2249502
2350571
2267561
2392482
2027684
2338837
2332762
2280982
2263396
2396945
2271867
2411107
2143685
2411879
2354063
2448084
