2944071
1338513
1581992
976910
1376802
1149154
1503895
1298627
919767
702219
1350942
1200350
1337839
1211653
1537964
1295592
1526803
1403842
1540270
1499350
1530152
1349059
1599873
1411023
1564050
1372224
1586348
1477681
1491430
1345971
1566444
1416225
1553720
1453578
1533327
1393470
1549432
1178294
1068558
1398743
1228677
1299164
1552408
1037356
1521368
1487884
1591711
1613489
1551449
1540126
1579320
1176026
1610264
1537471
1626973
1610908
1566906
1351755
1398464
1221094
1599599
1534390
1528433
1381962
1560617
1309938
1552874
1268483
1470186
1389329
1588156
1153382
1540881
1313797
1537343
1254595
1516337
1505902
1445918
1539929
1549783
1313151
1509117
1384224
1556098
1547865
1510158
977384
1469759
1356023
1571403
1409033
1574714
1460902
1579558
1523040
1547939
1339452
1431711
1342574
1531621
1286143
1531884
929628
1563813
1320667
1561166
1308029
1409903
867845
1438292
1351772
1305191
882480
1324808
1124666
1487291
1472879
1411086
916144
1665049
1263869
1477635
1411165
1486478
1129825
1474683
1133410
1354914
1203902
4159213
2225199
1153175
1337125
1493608
1221564
1348312
1355030
1443961
967419
1498803
1150047
1503276
1142665
1489076
1192124
1471748
2984188
1031960
1303350
1413741
1169048
1371948
1139974
1445238
1305045
1451142
1381142
1426005
1183573
1388236
1333435
1260909
1353661
1445129
1382732
1436485
1268844
1443346
1366131
1417485
1285148
1394900
1440572
1437366
1397492
1384242
1425180
1453956
1377155
1475559
1464745
1479618
1434569
1424653
1459054
1426396
1379942
1448802
1474448
1519042
1460108
1518448
1445168
1524390
1374129
1493171
1268359
1523781
1456960
1526569
1413872
1430523
1492258
1502852
1492526
1478387
1504127
1523836
1370329
1492672
1493174
1521075
1413502
1526589
1507563
1499570
1425792
1486747
1465595
1491728
1469857
1536621
1471721
1472251
1386177
1470884
1490575
1465684
1517323
1467498
1542636
1476227
1371558
1472891
1498448
1510669
1427231
1531074
1500276
1523413
1394616
1456394
1460146
1495811
1452199
1502888
1453949
1501175
1413145
1525396
1392378
1481950
1455097
1487364
1423689
1594928
1342833
1551485
1467412
1503758
1468199
1596303
1508453
1611008
1411494
1577076
1545744
1517602
1464613
1474948
1351437
2171104
1107665
1310405
1397768
1417734
1405685
1426733
1281987
1337518
1289151
1500867
1352742
1532607
1292834
1496387
1255367
1453598
1450929
1511113
1281231
1520457
1430654
1505081
1452227
1544210
1205466
1478590
1531323
