2298631
1065793
1437506
1177433
1640426
1046868
1495683
1358125
1576341
1089584
1224920
1490550
1763375
1641159
1729503
1492339
1721928
1649502
1525209
1402368
1721987
1657463
1824198
1544792
1701849
1684046
1833926
1646615
1752475
1543392
1837060
1689289
1866153
1651460
1850485
1599206
1853995
1485082
1713624
1665612
1898954
1646577
1658776
1479701
1571752
1268550
1414021
1040919
1726610
1363924
1398851
1177873
1342440
1152257
1545788
1282007
1540012
1324166
1734609
1331607
1854854
1444385
1647083
1463435
1505003
1779264
1744548
1494898
1669435
1557922
1837911
1252715
1599726
1465905
1469723
1564142
1321276
1527766
1471852
1113768
1593049
1486364
1425051
1345314
1821578
1345586
1789934
1392328
1466229
1454385
1747903
1547113
1416691
1249956
1741730
1462491
1633473
1409221
1783191
1453682
1588608
1204426
1840187
1837624
1710720
1568802
1707627
1557333
1738365
1439112
3414395
3330377
1745363
1647186
1801646
1634488
1767948
1659947
1444346
1124717
1590718
1401532
1814314
1662727
1686464
1484238
1771280
1596099
1492322
1234774
1636207
1689704
1543776
1376855
1795314
1600949
1369158
1096094
1506542
1520432
1635574
1600553
1407674
1365906
1390759
1529353
1659097
1644049
1243820
1483478
1702543
1336764
1650077
1349240
1784804
1784382
1607142
1540036
1633514
1534776
1662819
1407000
1637790
1552783
1641497
1457422
1552762
1629832
1525706
1534346
1745684
1467507
1721379
1550673
1669463
1537936
1594328
1504610
1759795
1500002
1628382
1444696
1766158
1536343
1608903
1509316
1643223
1543498
1534638
1418275
1388642
1659543
1540219
1253274
1507952
1480612
1118012
1632292
1562958
1528137
1320850
1373836
1420089
1165113
1488631
1688280
1467664
1502038
1646577
1275061
1722897
1344404
1832301
1453086
1636357
1488742
1729095
1478911
1462470
1531741
1629576
1448895
1638490
1331068
1770064
1547166
1751568
1536386
1621103
1417586
1815410
1678150
1629742
1434255
1703963
1637238
1672793
1368881
1525628
1493242
1732899
1447791
1534075
1173763
1780434
1185225
1501337
1425034
1633787
1468111
1634460
1196664
1540163
1377842
1815945
1279634
1777735
1418649
1748945
1565922
1431239
1617873
1746727
1397445
1893957
1445687
1630465
1579213
1623230
1431758
1699097
1522009
1629024
1486332
1744910
1587913
1679697
1474872
1765575
1387045
1538406
1308784
1693873
1659180
1793951
1405968
1910339
1602577
1922773
1662070
1689674
1664237
1927761
1181588
1925290
1666839
1690239
1414773
1875617
1569688
