4011112
2046884
1609068
1561580
2320058
1938884
2316232
1828923
2262178
2109401
2249766
2078139
2146187
1927686
2273191
1866812
2131570
1796291
2225453
1939504
2208894
1844441
2137750
2278667
2316197
2117662
2052012
1932465
2344900
2348131
2404482
2333954
2434206
2239282
2326374
2133352
2326144
2164574
2256130
2262759
2424575
2097776
2241455
2301551
2375019
2431175
2225131
2276446
2276100
2141825
2293736
2153488
2145539
2310970
2385320
2393888
2331874
2208886
2402886
2251420
2342487
2340624
2303859
2185844
2336882
2216257
2339266
2211703
2322669
2054154
2301003
2297559
2361693
2235199
2144539
2202587
2419015
2118295
2431553
2331965
2333144
2258868
2382110
2221348
2400254
2292918
2387564
2411670
2376231
2252647
2325431
2170426
2257792
2284369
2349094
2301787
2382814
2186872
2417898
2252722
2286744
2411081
2151387
2143444
2406829
1970283
2331348
2229912
2297864
2193773
2345637
2210270
2421227
2112769
2440962
2013513
2402770
2353650
2330691
2252645
2180013
1924314
2249904
2591547
5796182
3817403
1903864
2197010
2545559
2494235
2425161
2478098
2416791
2326010
2483416
2319765
2497895
2340579
2472624
2357130
2275563
2152069
2444218
2378095
2443886
2460414
2450135
2454177
2292144
2174512
2592986
2120709
2172134
2493546
2451004
2430951
2469847
2328101
2369666
2345396
2445140
2233158
2340264
2366240
2309869
2250440
2424387
2306240
2376805
2328181
2335646
2231820
2306707
2227344
2381861
2182872
2405198
2306736
2269788
2238295
1987523
2000991
2122077
2213072
2402665
2193626
2359393
2166990
2405725
2197874
2248896
2048318
2318722
2299991
2268265
2247863
2367911
2083703
2526203
2191770
2373456
2294723
2367060
2426831
2501565
2268142
2621447
2180448
2599130
2307397
2515382
2413750
2585222
2366151
2624728
2216560
2456752
2384561
2623785
2432936
2615006
2332965
2386985
2524145
2571277
2467695
2565842
2108112
2664207
2165454
2492791
2205654
2383866
2127239
2262854
2243293
2335075
2011219
2199784
2228581
2578236
2472294
2272364
2349235
2384296
2255113
2547136
2172911
2546386
2442806
2407564
2441187
2517506
2564570
2380620
2345298
2628111
2444194
2623511
2313854
2508220
2597945
2542061
2532052
2388201
2464726
2536691
2164181
2583062
2447633
2596429
2377409
2450974
2425734
2443549
2429109
2527306
2340005
2582306
2518552
2494756
2289181
2402157
2538296
2514413
2323414
2561467
2341055
2642617
2028803
2592024
2472306
2352349
2490877
2551686
2496356
2600396
2060243
2531504
2519457
