1650312
975273
1073174
937207
1012163
1214739
1051132
2443160
2304818
1739792
1126077
1216693
1127210
1242602
1188417
1263018
1323771
1289008
1311118
1420745
1494289
1296968
1412146
1539139
1309932
1337167
1228944
1527114
1311543
1431748
1266944
1416356
1368729
1512862
1344531
1430954
1580818
1605781
1233573
1521893
1276650
1571730
1311060
1335351
1152861
1528894
1321386
1526124
1279210
1231660
1158085
998450
903489
974116
1236650
1211280
1290702
1543463
1341153
1337041
1484873
1606374
1559496
1587383
1525959
1731745
1409184
1573230
1480899
1653604
1543031
1710154
1583903
1671905
1526310
1746976
1478365
1673423
1627068
1668495
1500855
1656141
1541594
1618646
1496848
1562316
1538435
1632811
1509887
1640375
1322738
1572273
1499794
1727042
1552046
1387901
1462614
1453523
1266439
1378588
1333267
1633942
1535685
1733555
1474472
1386848
1262352
1696611
1540610
1671177
1586131
1568581
1790463
1683553
1521013
1327472
1545706
1708836
1591575
1599207
1383145
1385364
1380752
1684183
1427020
1540499
1702432
1712494
1494720
1631323
1368372
1742078
1553762
1679468
1353412
1558001
1621535
1685533
1361989
1623384
1324347
1383136
1495856
1560954
1355442
1591668
1472850
1559687
1455213
1447699
1294256
1598095
1416714
1376972
1481439
1231899
1481755
1587280
1528350
1556840
1576066
1550526
1470219
1450595
1542263
1334134
1467079
1574237
1659719
1618290
1530744
1334919
1349128
1568566
1463110
1482766
1483210
1571424
1524310
1635545
1537240
1611807
1469568
1712109
1589808
1304189
1250554
1738364
1527217
1715523
1490556
1450256
1650162
1629973
1491456
1343308
1612778
1668445
1520205
1637844
1455856
1299123
1794584
1572311
1660985
1250183
1556772
1681037
1638970
1570360
1362707
1359831
1679202
1640593
1421506
1434751
1759914
1659137
1526653
1574150
1671896
1621792
1422087
1312462
1425172
1336304
1535826
1592704
1452042
1284345
1326545
1166725
1209385
1258256
1388054
1321548
1292826
1534968
1460523
1277442
1143612
1608845
1388982
1621215
1550350
1679652
1654246
1621265
1416605
1715112
1587524
1369054
1320323
1352486
1586231
1616571
1235391
1357375
3444111
2850372
1930621
1682676
1556915
1728366
1671831
1740106
1291318
1364962
1349328
1596907
1564384
1387427
1568720
1609411
5587817
5563458
3692694
1746168
878577
1851510
1560280
1620612
1677211
1844438
1712706
1630132
1457669
1626225
1506138
1786843
1169175
1729863
1355715
1755692
1449859
1254327
1240927
1560195
1408329
1168855
