793181
760090
1308141
1121879
1362009
1212432
1293351
1092301
1267564
1280730
1243077
1112137
1259129
1350174
1293908
1100858
875131
1138741
863032
1111766
1191190
1089162
1302968
1197525
1452231
1256382
1343034
1139191
1243606
1123346
1396661
1308877
1375859
1295305
1347583
1216819
1354470
1200358
1440601
1350098
1316556
1182986
1270841
1277691
1223567
1212519
1348671
1134328
1329362
1084125
1304328
1078456
4887452
2574815
990203
1327794
1442833
1204752
1393826
1187057
1357092
1256301
1250120
1273608
1391057
1332862
1352554
1186173
1367893
1036929
1414151
1160784
1333387
1153544
1336652
1238582
1382777
1216566
1366234
1122636
1265466
1195929
1447613
1167546
1457858
1299949
1382267
1221314
1425220
1370622
1421607
1252376
1467513
1302722
1459706
1252155
1426155
1184926
1374377
1236577
1345205
1410253
1426282
1405365
1423608
1402299
1473020
1401007
1387567
1312898
1431273
1419094
1398693
1472554
1431387
1265236
1481005
1411436
1469341
1383446
1553866
1431448
1490805
1464783
1444218
1454371
1568856
1350168
1596339
1354502
1566427
1279063
1432943
1479475
1224283
1232195
1458174
1388804
1556083
1427176
1330851
1165571
1323391
1399421
1558350
1348993
1488633
1315111
1438759
1292096
1552166
1362993
1400548
1435372
1319537
1455857
1353539
1343733
1430232
1248830
1392245
1200696
1286522
1013839
1360517
1161451
1219861
1084986
1291422
1153539
1331613
1081180
1342893
1163763
1353783
1207925
1444426
1071678
1311355
1133404
1428572
1140544
1122785
1161169
1359738
1152566
1364496
1027909
1275956
1281749
1346650
1071750
1399053
1069420
1357859
1267098
1380685
1093554
1252930
1133747
1163345
1344027
1238429
1380108
1433889
1244444
1431722
1210633
1412462
1185206
1440689
1300782
1419439
1227235
1154542
1094206
1402285
1229481
1356851
1254722
1466987
1240176
1258771
1285647
994448
1179590
1391252
1274078
1400755
1184499
1358747
1255267
1372346
1249523
1354829
1224767
1417723
1174320
1356281
1295220
1440285
1218645
1383209
1330268
1417208
1193735
1434804
1227814
1370356
1182834
1397168
1199971
1326077
1164714
1284694
1271749
1376842
1171534
1348237
1251537
1432525
1181755
1407925
1249826
1263514
1311357
1375671
1109972
1347173
1273200
1441827
1340623
1381531
1304761
1344390
1230272
1423054
1116557
1481553
1322646
1263803
1205563
1375356
1337853
1418808
1308734
1438026
1300396
1454276
1166021
1332667
1208919
1282827
1156594
1311946
1218204
1411037
1204340
1400392
1273037
