2001883
1110309
1554085
1410882
1412135
1370163
1183425
1687060
1694416
1021983
1606007
1341659
1672273
1359183
1473957
1054937
1249679
1155724
1708191
1683945
1541995
1372585
1781597
1611968
1678362
1500611
1464928
1373819
1692860
1681170
1596178
1664590
1688934
1650670
1646579
937411
1760707
1785891
1764395
1573126
1493512
1311726
1711630
1526438
1567936
1510928
1835891
1486884
1831811
1425591
1797658
1584500
1806439
1718267
1827091
1717301
1800347
1680697
1814920
1315783
1806721
1687897
1809986
1664271
1483479
1176581
1523474
1597835
1740758
1658976
1646351
1663744
1642501
1670887
1775843
1667232
1687867
1648391
1653716
1711761
1742931
1643931
1716721
1673652
1660654
1617354
1720536
1635816
1753527
1684301
1641217
1579375
1767881
1640692
1778339
1674036
1565330
1498910
1764175
1737688
1775995
1624156
1641285
1652233
1755202
1689372
1716737
1640696
1601856
1644066
1764602
1590326
1745326
1532554
1691724
1502602
1523022
1455579
1755598
1705917
1696515
1328404
1604360
1064128
1436227
945431
1715421
1701948
1755498
1170701
1412727
1594979
1743760
1452373
1743133
1559029
1645638
1509071
1653206
1782672
1750546
1569025
1771347
1694867
1756695
1698059
1740088
1760741
1759097
1407302
1760566
1534005
1869469
1625476
1749637
1734382
1740262
2123060
4237357
2752371
1015675
1788101
1750966
1673987
2018395
1340810
1636657
1378360
1762409
1556513
1828717
1607752
1766277
1602419
1788093
1639270
1692606
1631883
1763042
1728165
1630056
1595646
1660921
1191768
1830009
1656415
1788358
1537295
1727569
1605356
1824682
1748500
1710456
1488044
1821527
1799626
1801887
1527127
1709618
1430671
1821712
1414678
1631996
1589943
1707614
1678326
1678849
1178518
1774425
1603445
1759306
1738517
1730893
1496473
1744821
1644283
1660463
1532039
1823496
1709096
1752906
1490148
1815317
1389057
1776801
1433644
1783078
1784676
1812886
1619914
1770721
1503309
1828067
1490249
1831415
1826938
1818499
1623759
1784008
1634500
1705737
1752904
1841173
1777765
1839875
1628145
1714160
1580663
1749097
1549294
1822287
1689197
1558665
1495950
1790002
1588243
1437546
1803182
1823410
1714479
1831438
1455095
1833296
1630660
1669603
1612376
1581903
1752485
1773792
1575165
1863615
1421977
1821738
1480624
1903665
1742534
1711710
1460512
1821863
1501149
1820312
1671905
1927450
1711841
1717595
1512404
1814233
1517524
1916513
1830330
1900757
1796857
1820919
1517144
1923807
1759146
1722796
1584678
1831777
1851951
