520148
600866
941261
1045104
1304115
1082775
1259988
1197564
1082517
1078635
1251329
1191898
1230261
1193107
1196139
1128399
1328809
967809
1198805
1016443
1295340
1159413
1334487
1188327
1374280
1156668
1294823
1110428
1262831
1252198
1390319
1070253
1318482
1223564
1392637
1229166
1340131
1192938
1090414
1208881
1314400
1157499
1262274
1232449
1394992
1121095
1139176
1307381
1291557
1073043
1383303
1105076
939501
1168745
1345015
935434
1113854
1068538
1244606
1267297
1351970
1238271
1390786
854750
1319527
1152625
1331421
1236128
1394987
1134935
1341138
1216055
1320778
1315629
1249401
1308380
1257174
1202775
1310432
1272756
1391947
1142315
1322067
1230891
1399752
1107304
1172572
898980
1398035
1152430
1265051
1205460
1440236
1025776
1390242
1198363
1383700
953477
1328856
1214449
1355639
1264568
1411672
1080419
1367455
1137044
1325394
1001145
1314580
1230052
1416305
1148103
1363474
1198805
1383592
1046881
1341977
1170743
1448735
1075564
1405098
1213555
1375936
1158873
1405943
1291621
1321076
937973
1220907
1371110
1395845
1122187
1349831
1158839
1345401
1172865
1372100
1314807
1278387
1273974
1433356
1029986
1338894
1075231
1196046
927319
1289356
1207894
1164695
1311376
1306475
1292687
1211530
965306
1117928
1142807
1294049
1203763
1272727
1276735
1345195
1183922
1254366
1001279
1268084
1247896
1377664
1240234
1449386
1259641
1480144
1171377
1383401
1213920
1296046
1138962
1392478
1054158
1441625
1236178
1297287
1087029
1339980
1210517
1148312
1064090
1127700
1166770
1258304
1242038
1377029
1287448
1422211
1091225
1395689
1047022
1417007
1241627
1423179
1239452
1296936
1138614
1047251
937150
1038573
950160
2986606
3173928
1284053
1033680
1311067
1083294
1357030
1278516
1232878
1072227
1325811
1270485
1257056
1167038
1218428
1067357
5349372
3411959
1392445
1353912
1486088
1498082
1436472
1394483
1408632
1423053
1455298
1403490
1464059
1475633
1556342
1422143
1509534
1428824
1454592
1289337
1143659
1280185
1442775
1233026
1345917
1216675
1149599
1004238
1154802
990145
1217499
1113743
1351921
1236831
1443693
1202053
1292130
1185257
1394921
1265898
1356579
1279588
1346912
1181544
1316875
1149525
1372768
1028063
1224436
795545
818338
1150555
1262357
1169978
1282535
998716
1195441
570055
1172911
579566
1124506
1054372
1387312
788676
1227043
970516
1395367
506864
1421486
1205459
1404358
838163
1331330
997239
1341297
1187402
1344007
1087107
