585437
981269
1123610
1411762
1056430
1338645
1212587
1274596
1286905
1051242
1133677
1207959
688781
1119032
1075991
1136358
987059
1301519
1159314
1197559
1166719
1156641
1154798
1190811
1065505
1335833
1065576
1273057
1076536
1023598
1135999
946215
1154132
1225467
992585
1349222
1056994
1333392
1013209
1265154
1043990
1159045
1050721
1319215
1087188
1068391
1060394
1314271
1101796
1071782
932141
776445
869147
2851770
1719176
1580448
841415
1222402
904149
1034510
1163262
1258742
1068143
920780
940101
1164059
4293686
2554428
876627
1414521
1126923
1361286
1163213
1402032
1217448
1360038
1014580
722159
881731
1058062
991037
1229244
1300211
1420077
1261640
1300221
1189345
1350655
1043528
930037
1089003
1366456
1272245
1300911
1245030
1469293
1138833
1461942
1088587
1495098
1055741
1336295
1237976
1472463
1217425
1539129
1198234
1452938
1209583
1403522
1159089
1399660
1239142
1352036
1286891
1500817
1211375
1569127
1132909
1510938
1217688
1372646
1287126
1531532
1378341
1481473
1205811
1479102
1286515
1319919
1163561
1362589
1168604
1454989
1357099
1499331
1155353
1445577
1212899
1459642
1244744
1415596
1179270
1492838
1146274
1387252
1151744
1503749
1184364
1388712
1247493
1408587
1249468
1269940
1233904
1479868
1107617
1404763
1184889
1431046
1086013
1423806
1063596
1445621
1096192
1327432
1143100
1357053
1151056
1377169
1016641
1456732
1178174
1502857
1200658
1379767
1234359
1486491
1285325
1399576
1255195
1487126
1304210
1523331
1293152
1468867
1161458
1482700
1205969
1508264
1219496
1394347
1236671
1493917
1222878
1503773
1126759
1427835
1213507
1436453
1273900
1449880
1156267
1495107
1192684
1479831
1147402
1419936
1294285
1225608
1350256
1081636
1219182
1394830
1151840
1350761
1258401
1306080
1377146
1354227
1317670
1312711
1286586
1449533
1145485
1455761
1245271
1447467
1274501
1495611
1355303
1235106
1389832
1495378
1273710
1511351
1375700
1431926
1237334
1305574
1345595
1422643
1281575
1452994
1376736
1306839
1372726
1297346
1405746
1382871
1159062
1490561
1319206
1445586
1292234
1486684
1357504
1354409
1459689
1329590
1167711
1479284
1253828
1595202
1245029
1571438
1478562
1404473
1218515
1541632
1068662
1473614
1338276
1513352
1197720
1598268
1247988
1590669
1230568
1596566
1289251
1444240
1432431
1408956
1197380
1441077
1306489
1599689
1289595
1461827
1220088
1499705
1054763
1300135
1166610
1521754
1263989
1475441
1258375
1494406
