3372257
1846016
1051618
580995
823928
524459
1346941
863470
1190604
1063335
1333458
1248164
1362921
691277
1143678
1089268
1415559
1159553
1267344
1011566
1330973
1160827
1180999
1100615
1224143
1350532
1129574
1191416
1274317
1228199
1279217
1015616
1208297
682358
1113937
605157
1347025
1355458
1385272
1106672
1367822
1029601
1442352
1340588
1281254
1147448
1311520
1426477
1483789
1331026
1419297
1189926
1376295
957172
1491813
1231775
1273455
1096414
1300353
1303959
1230723
1314596
1519096
1109304
1285430
1302608
1516064
1365150
1520305
1406918
1516685
1490862
1456881
1387682
1543613
1442274
1535887
1498962
1531962
1355729
1381381
1531393
1504753
1295931
1323985
1307835
1547914
1343667
1416682
1404249
1530701
1144843
1284344
1013746
1078411
744573
1581614
1537929
1623551
1392057
1433107
1420856
1497930
1389376
1541112
1406985
1516215
1374790
1615405
1476199
1543048
1438771
1485983
1004512
1318035
1182152
1606840
1226599
1552768
1011712
1501550
1109652
1532901
1144629
1508160
1186094
1483180
1057746
1478739
1207324
1431744
1315987
1619861
1485705
1544520
1194171
1524325
1122788
1176154
1458358
1555215
1367475
1535554
1257531
1507604
1403408
1491939
1333721
1451158
1489236
1472440
1397364
1514839
1432695
1528844
1376953
1529980
1368415
1526036
1450787
1575009
1312571
1348081
1264599
1415268
1333999
1537377
1457170
1563654
1363153
1545595
1442667
1529575
1489342
1579416
1414173
1522044
1356142
1551217
1343443
1573545
1407830
1587550
1616392
1554071
1441849
1643562
1208049
1527274
1442829
1554356
1524004
1526440
1488968
1628195
1382165
1550036
1556894
1540589
1471373
1636759
1222904
1408734
1376184
1428958
1479524
1465443
1463742
1478412
1440612
1546970
1427166
1523093
1366334
1343216
1469248
1381858
1371857
1481558
1472503
1558449
1530938
1437897
1430002
1526108
1438011
1514524
1274920
1544596
1322349
1359592
1241861
1288341
1141907
1448762
1355101
1517426
1222869
1621607
1353786
1405211
1309584
1525287
1459868
1614396
1531650
1545044
1259366
1544265
1408051
1528993
2569676
3855578
1931933
1325933
1309599
1535087
1440839
1405893
1412682
1530486
1458659
1460185
1487885
1498944
1366083
1529725
1463953
1532900
1437165
1484084
1374526
1336066
1280979
1251796
1370101
1448487
1188036
1460004
1395351
1585532
1010843
1451583
988801
1400014
1323882
1389893
1196607
1568626
1098719
1505023
1499306
1489567
1156673
1656123
1400870
1524678
1398951
3661849
2065178
