1277910
978592
915905
1303765
963597
1483720
926205
1515591
1148462
1621677
1338857
1514058
1252300
1517214
1167885
1448816
1512469
1589520
1159910
1679217
1359673
1623135
1407143
1700253
1287044
1631920
1419403
1614557
1271821
1681485
1583470
1703186
1222991
1592590
1649951
1632639
1276380
1493730
1170933
1624940
1585280
1615426
1690754
1727627
1680672
1783334
1335554
1668691
1372208
1617631
1163391
1472576
1365935
1693911
1487388
1719351
1461486
1757306
1423843
1785352
1680416
1692622
1487787
1764510
1572370
1726251
1210183
1740404
1804466
1719912
1475155
1552539
1499102
1867791
1439560
1731941
1512153
1795223
1626330
1757332
1441230
1731641
1464909
1560620
1218129
1620035
1207747
1516752
1363236
1715318
1499969
1559420
1612515
1586620
1558962
1646807
1454754
1796137
1686067
1764013
950715
1357753
2516895
4060379
3893382
1882402
1459076
1795322
1584387
1796318
1567496
1750701
1482982
1689034
1465530
1863234
1581905
1794235
1577683
1765631
1495815
1633690
1628581
1764081
1723140
1960596
1460003
1794215
1715361
1816470
1872465
1771918
1672488
1815096
1703093
1752828
1710491
1684134
1478909
1748079
1623898
1671755
1687959
1851290
1722238
1640191
1561622
1843687
1758379
1875035
1742066
1768192
1654261
1904525
1689425
1784933
1577560
1867102
1827082
1764055
1668201
1626997
1741065
1878854
1687807
1811262
1680691
1804036
1774734
1695606
1664202
1730805
1808912
1840993
1738341
1799915
1694841
1959276
1684769
1789044
1635050
1817507
1897382
1741057
1749891
1595652
1587721
1811483
1709715
1755160
1763941
1784141
1777235
1800034
1714626
1803661
1801982
1826392
1778077
1798611
1766376
1859562
1688597
1804805
1719651
1842734
1622533
1699494
1758326
1840408
1813132
1803289
1616936
1811323
1725799
1961501
1733066
1800495
1692206
1793812
1854938
1724259
1681005
1849066
1819425
1873972
1715922
1800902
1697222
1873273
1753207
1758207
1687403
1740977
1862337
1655679
1724929
1693073
1721351
1969488
1732831
1772509
1804765
1838611
1679594
1800260
1635599
1821322
1772735
1795342
1728765
1777941
1739611
2002014
1483584
1767507
1762013
1726066
1852902
1788817
1721858
1754305
1698545
1826200
1740587
1800171
1750326
1917642
1533415
1805682
1654134
1746298
1848576
1796861
1740451
1840316
1671898
1894468
1635219
1802827
1727241
1844111
1751267
1793967
1699886
1621397
1626137
1751151
1722030
1641380
1735372
1864864
1756359
1792636
1759842
1801142
1796332
1812665
1754927
1732596
