4589594
2662019
1010184
1392257
945121
1729431
1161699
1878770
1150545
2058535
1477856
1866770
1259801
2032447
1213660
1966491
1431825
2036019
1502181
1799960
1563494
2019896
1604589
2096602
1839982
2324616
2103850
2455916
1909074
2359069
2169303
2330608
2177911
2388769
1987769
2236543
2096682
2302675
2018979
2271686
1653797
2401606
2310845
2291766
1908699
2096526
2210203
2322553
2388424
2343903
2003472
2477282
1868999
1774586
1921405
2416942
1622863
2019842
2217639
2327545
2092005
2366554
1995013
2386695
1864392
2342637
2133405
2355364
2090178
2422015
2137240
2354419
1835973
2490047
2029903
2342510
2267713
2394239
2090625
2389179
2009923
2415999
2060985
2402763
2052624
2419269
2094212
2333025
2077441
2376362
1972691
2385815
2190770
2380580
1803648
2333834
2112981
2473533
2136935
2412957
2294682
2353264
2159911
2434326
2108050
2447731
2030251
2515762
2200144
2531589
2132253
2434319
2063007
2515058
2229852
2421919
2316038
2455486
2304842
2359909
2338063
2385226
2203076
2246919
2143533
2475921
2302407
2378370
2116992
2525383
2324292
2356718
2223311
2148103
2230809
2404274
2299138
2464771
2328780
2447975
2292329
2304145
2219656
2172431
3334329
4587279
3204460
2423425
2330728
2547883
2396646
2509624
2408255
2469651
2434585
2473067
2377903
2541963
2397058
2485883
2451883
2557370
2452486
2514988
2375816
2534522
2387151
2563882
2406377
2422494
2339898
2447619
2462130
2414376
2466797
2517977
2366310
2515125
2379140
2401435
2390344
2525593
2423281
2503091
2456617
2484072
2403932
2387782
2369394
2361009
2163969
2524962
2422173
2435679
2434524
2335192
2415921
2412770
2313252
2454911
2409416
2450999
2454506
2384334
2415695
2447732
2447627
2294769
2364762
2528688
2450986
2512744
2466664
2414770
2393069
2442666
2385522
2376288
2418224
2469729
2387095
2390393
2363804
2399804
2467705
2434493
2411079
2341852
2328221
2453253
2343044
2461855
2502769
2423775
2422419
2409306
2437791
2450466
2398500
2516868
2389354
2411061
2383874
2452439
2270713
2242636
1854490
2425039
2331183
2464130
2337862
2342265
2187707
2541929
2320792
2371030
2098942
2465039
2358619
2458303
2162191
2411929
2286575
2121215
3363024
1285600
1942754
1437155
1770027
1835787
1422590
2087337
1584335
2058465
1590890
1974565
1823907
1888899
1605359
2043819
1428676
1868552
1549923
1639054
1401214
2247051
1751189
2203379
1950314
1996432
1670530
2345235
1792336
2337117
1731483
2274690
2081725
2274404
1830431
2334728
