1402777
1177071
1291341
697345
1071946
975523
1466086
1011986
1467937
825388
1284552
1388774
1323789
987160
1308482
901473
1320499
1009950
1284289
775521
1380586
933555
1447256
844924
1134417
827345
1326468
1154941
1353376
1243220
1404765
905688
1354381
742342
1385195
1087040
1298088
1094999
1362902
990448
1384613
734484
1151026
1155864
1356184
761222
1354457
1054359
1284481
946358
1378439
1128567
1462027
1038522
1239923
952111
1304389
790055
1407228
1019340
954343
1228022
1472137
1229499
1402846
819370
1452169
1061049
1241563
719183
1451481
1070506
1442006
1066929
1272060
942483
1203538
886575
1288081
1027886
1301890
883665
1417485
1173052
1397500
806774
1379222
871470
1356302
1037102
1339581
917350
1368959
1004729
1349662
1045782
1390561
1027514
1308548
741657
1256744
952391
1304748
879585
1356308
962378
1392839
974397
1305651
1107167
1570468
1231357
1503408
879560
1368606
1232667
1294712
800596
1302808
902141
1304815
965274
1227818
948450
1312889
886025
1512708
1190430
1458003
962528
1507300
1268326
1473502
1134271
1440550
1287829
1613496
1332990
1534374
1152084
1555974
1340209
1693212
1333408
1534607
1088294
1525927
1282606
1418842
1059020
1515238
1464668
1447797
1261298
1546914
1065096
1490937
1103296
1497750
1122123
1622520
954593
1454490
1202300
1356679
877925
1512684
1239683
1552015
1073180
1549539
1075141
1573879
1118975
1402074
855639
1415032
810055
1448470
1236175
1413763
1178669
1557353
904079
1451507
814006
1497925
964261
1355491
1085827
1427002
809445
1535255
817827
1599543
957207
1374872
980068
1367951
810021
1262960
874171
1434058
854306
1181507
882698
1435230
948813
1454249
776928
1453164
1070885
1195043
849900
1191096
1459209
3532133
2066179
859161
956529
1422871
1044977
1344975
921652
1356521
903595
1397527
670669
1354029
970558
1329428
1211810
1328337
754132
1293688
676761
1497767
1030553
1307673
924741
1337885
789450
1422316
1002457
1131574
1243629
1298253
1194465
1420850
787409
1278833
1082286
1375115
868468
1389584
807445
1301707
1032193
1298927
716653
1420213
1295062
1299677
1126703
1402998
747109
1213511
1110190
1274624
1045666
1433226
1194311
1315503
833546
1201626
903540
1339705
1042989
1406696
983688
1301787
902798
1419869
733231
1359761
997757
1309772
858028
1204282
794210
1429928
793854
1233827
1138786
1298354
988745
1132167
745742
1489963
1020604
