2493347
925157
1484160
1479851
1540513
1340975
1665312
1436352
1685598
1366091
1732653
1471049
1845662
1592590
1754520
1693209
1612578
1467942
1671702
1592621
1686659
1554929
1912667
1753928
1871147
1746148
1864742
1531451
1815464
1738583
1616188
1434644
1698938
1555160
1733973
1253032
1133525
1117712
1791408
1610668
1553353
1447099
1314252
1148767
1608310
1022615
1731152
1178299
1751258
1502028
1662517
1259632
1647732
1573708
1796790
1326682
1752070
1544247
1609434
1573368
1785974
1502494
1618388
1388713
1538900
1334227
1643100
1010053
1617089
1225927
1561690
1351109
1506322
1163349
1548397
1423201
1771295
1430406
1523098
1354899
1615729
1340240
1273671
1104479
1702644
1205619
1011665
1282084
1701882
1575939
1692023
1371374
1675477
1455197
1593889
1140541
1725796
1620769
1764150
1655491
1384809
1372923
1617856
1310828
1724083
1563703
1710315
1503453
1733587
1462161
1730902
1437620
1673691
1175995
1688264
1442469
1720793
1465310
1421141
926167
1093747
1168560
1729303
1484977
1711839
1409124
1495731
1503831
1510707
961477
1731023
1557719
1595683
1301011
1739582
1470207
1171359
1330009
1802779
1693201
1790709
1499691
1719371
1657971
1675197
1488193
1746683
1628690
1715760
1295876
1321320
1481826
1451261
1370113
1688861
1490288
1232993
1329123
1411621
1225851
1422869
1180165
1411690
1265057
1510287
1119058
1545618
1356594
1674782
1452250
1132567
979497
1209416
1204465
1544558
1272358
1578804
1298492
1337689
1129132
1461987
1253371
1479726
1269200
1472396
1342309
1259941
1209674
1669084
1468191
1491727
1350790
1600166
1388566
1514130
1234766
1512297
1410721
1549625
1243436
1639730
1484556
1239781
3082398
3534193
1553584
1684207
1348214
1686448
1561682
1708116
1508037
1695566
1635779
1710852
1578319
1768403
1528862
1603968
1280781
2139233
5208393
3643546
1325542
1694942
1808103
1731818
1784005
1845455
1594585
1811515
1680061
1813286
1774236
1809040
1779649
1652197
1511077
1912193
1612174
1854506
1569205
1785129
1770995
1833655
1605206
1762635
1683874
1921613
1574422
1903002
1639526
1848559
1678623
1729958
1568012
1828301
1567588
1762578
1632583
1765493
1555258
1901527
1601539
1916886
1720302
1916942
1719677
1789694
1783340
1807180
1603563
1900732
1725912
1907180
1723480
1909198
1664290
1926313
1454231
1911528
1722437
1921562
1759234
1910171
1586409
1766224
1603338
1907987
1689696
1831201
1694228
1818757
1758739
1721011
1607706
1824095
1729212
1828989
1829240
