974261
1171248
592497
1098042
866678
1351312
541866
1162453
875076
1317572
844661
1263069
907898
1298670
892085
32243802
30310414
28257530
26820656
24919507
23011673
20934321
19066275
778474
734395
968821
1107844
1242761
907341
1296418
984716
1169184
1010819
1400674
982329
1225465
1029021
1231513
1014199
1188847
942357
1154446
820826
1945142
3383233
1305738
424949
985242
552363
885000
688226
1092756
664697
785031
644249
814276
546347
875139
628644
604508
655139
763661
563265
913570
521163
1177725
727150
1127890
720183
1030707
639235
1170743
757722
1100158
838389
906791
579389
926926
860085
1063900
997060
1385844
935695
1291342
673842
1405853
997386
1409872
965947
1296536
1093214
1407233
918177
1460338
1124490
1239145
1058323
1389922
1069297
1386599
890294
1466213
973449
1417634
989198
1332170
845145
1267978
978591
1304905
1150964
1376371
1013570
1415173
881541
1386334
1095665
1452113
1080215
1414727
1087715
1410668
1155045
1376791
913007
1328886
1022129
1335552
1193781
1414042
766093
1333293
960705
1306382
980911
1309572
977045
1393697
962269
1354837
918543
1278182
1081620
1307269
1054068
1261829
935341
1383689
877131
1276639
1149293
1419242
905999
1389145
977256
1432827
1037797
1394486
1088035
1443237
1006470
1451175
933672
1473316
917932
1492069
1014400
1463717
1117270
1340077
961882
1435267
923935
1483318
1042037
1473617
937793
1303924
1137008
1484463
924777
1454921
968078
1340050
923604
1496137
939148
1427527
936477
1436390
1073258
1435636
1144324
1491884
1104027
1416564
1028897
1404875
1202090
1485508
934846
1377110
992748
1435121
965021
1211425
1211184
1439987
986778
1352691
1031086
1440252
964208
1330419
1218865
1477032
955588
1430324
988513
1417954
990442
1386287
916839
1391501
1043050
1384738
835487
1337779
1038121
1325152
1217598
1456768
1048653
1280116
1045764
1165922
881792
1393034
1190528
1378115
853480
1395060
1130838
1378853
948362
1441607
1020924
1402894
962505
1491280
994639
1491751
856208
1468579
1084839
1402148
1084729
1439184
1030267
1539973
947984
1532588
1390541
1506116
859553
1429192
1395338
1527021
1055445
1356836
1013271
1160825
1240810
1479411
814578
1454564
1278503
1531476
984934
1158114
1030739
1309417
1332242
1247908
950399
1327276
1234379
1110024
1022589
1295102
2180087
3636266
2358639
1335602
1488592
1537215
1339540
1435175
1427160
1567570
