7709628
5762614
3811156
2525485
1785305
1957389
2125731
2061635
2145376
2220503
2134140
2146176
2134980
2225885
1885488
2110000
2273497
2273487
2207445
2163697
2236181
2243866
2125886
2190935
2471472
2505099
2224185
2418557
2409352
2352888
2179996
2531797
2244767
2435227
2373252
2366136
2274321
2129417
2356707
2404102
2405424
2493438
2188006
2352856
2442397
2510518
2258802
2466348
2331312
2462404
2107172
2312142
2337635
2530475
5880229
3958825
2109244
2409902
2531806
2638011
2459718
2610715
2452340
2580818
2384802
2443933
2364882
2665111
2495143
2592418
2451165
2724755
2071130
1905453
2059139
2008463
2250751
2051553
2089780
2350972
2099465
2345684
2047435
2451923
2236146
2353616
2220837
2486914
2116360
2524639
2259921
2444593
2272741
2443706
2219861
2536410
2189597
2531104
2264317
2456929
2460053
2114981
2343462
2496856
2297871
2526254
2286011
2358748
2405153
2320292
2259187
2445824
2138646
2461687
2149590
2422243
2416039
2255597
2290121
2437007
2365416
2598028
2404689
2767606
2682775
2718901
2555454
2686855
2435969
2802946
2469179
2741696
2619565
2705266
2588340
2659024
2592410
2753882
2419158
2689335
2584177
2755311
2679995
2734931
2617497
2762591
2497714
2726156
2704704
2711879
2563778
2766311
2495264
2574669
2386948
2868053
2585094
2763630
2552464
2637718
2474269
2698709
2447952
2685981
2550573
2720104
2448991
2670591
2487604
2600670
2449403
2690856
2547068
2665415
2362072
2796076
2580767
2739966
2408113
2703296
2617611
2717807
2551428
2680746
2609284
2642011
2600385
2756861
2590001
2740145
2591721
2759366
2599491
2762065
2659775
2747122
2605214
2760066
2522269
2721746
2494200
2758915
2482563
2719215
2600668
2724170
2567520
2767862
2582590
2762960
2457583
2764036
2458814
2597720
2559783
2615845
2691337
2630582
2423423
2765580
2568090
2697656
2359546
2629037
2052909
2568376
2427402
2584628
2313700
2299285
2461089
2526403
2261427
2327557
1899167
2189874
1934964
2545146
2304682
2476799
2362188
2625574
2239791
2577749
2364409
2635993
2321777
2664491
2507260
2637100
2317788
2565724
2429903
2569131
2370879
2494620
2359442
2565260
2320411
2496854
2197961
2752525
2498110
2685575
2593957
2653390
2349252
2513983
2188726
2587754
2507284
2685525
2590900
2605931
2506140
2601060
2280846
2683549
2428838
2510147
2472753
2643970
2414429
2653429
2435909
2461388
2373614
2661769
2552375
2579394
2142062
2571219
2175485
2687335
2355725
2652009
2300441
2766222
2545404
2579161
