1111262
1117044
1078299
899032
862184
854963
1057793
1222150
1124749
1312957
1083824
1204639
1100468
1242593
1074022
1232760
1252423
716336
1038599
1192470
1027539
1191012
1075297
1071312
1079421
1245049
1085007
1205452
1149616
1371221
1122140
1250235
1086168
1109343
1124090
1214856
1103867
1120857
974130
915741
1015378
954501
867769
840706
876417
738692
823167
836184
1030965
838136
594794
648378
652287
534440
782801
562433
613819
905411
1072809
1182494
1066887
1265185
1188549
1161806
1304305
1242174
1234162
1281889
1150935
1393396
1269539
1364877
1240571
1332587
1258027
1376021
1366957
1382266
1305531
1351844
1245737
1376918
1201678
1241710
1299544
1378810
1256846
1347890
1238981
1368963
1382092
1418889
1266108
1386596
1285661
1244544
1222885
1334106
1144017
1350374
1355282
1297540
1198644
1244476
1350716
1274719
1267715
1251091
1176950
1308865
1170062
1305572
1233071
1285244
1302050
1433934
1359955
1362181
1204806
1450637
1269576
1375672
1313637
1202732
1329323
1303276
1265681
1426205
1224691
1482383
1314201
1300284
1291597
1415198
1307295
1376995
1293531
1419581
1195976
1257964
1206014
1365461
1305410
1314761
1161786
1331815
1208387
1234565
1230286
1273730
1308761
1370915
1295745
1358426
1284185
1406744
4785119
3087018
1183861
1392518
1324750
1381737
1365524
1196523
1365046
1477030
1344750
1466000
1180211
1399156
1283468
1391954
1317895
1276207
1176547
1385247
1249724
1494328
1397586
1432170
1192774
1373394
1421210
1442965
1342504
1359125
1359375
1362773
1223714
1374301
1195929
1485985
1348570
1293439
1365223
1265133
1285264
1479767
1255846
1361130
1303593
1382640
1136580
1349286
1220221
1429397
1179380
1330478
1229067
1427227
1258741
1360261
1391810
1303107
1330578
1422816
1248347
1341655
1264497
1361225
1361930
1484678
1232511
1370764
1331307
1370717
1264000
1284393
1320020
1357774
1300562
1358744
1256165
1321267
1253160
1398809
1186014
1401871
1413991
1413465
1387620
1263547
1234764
1232526
1275256
1405727
1089844
1295912
1258266
1233166
1217644
1412041
1315735
1385550
1175597
1415509
1259530
1257135
1213260
1468941
1283900
1417282
1285902
1344235
1114025
1305075
1164627
1311356
1231067
1462471
1388066
1397811
1235704
1376554
1409237
1286850
1291111
1325980
1281440
1372796
1194941
1297813
1412596
1295291
1104861
1252944
1088817
1350504
1164411
1324414
1362111
1355121
1201778
1355071
1327429
1309483
1200012
1354584
1302026
1316603
