1160375
606867
1080865
527171
1120296
691234
1121748
525756
1156455
976379
1333850
441085
939185
468971
1279255
703704
1346653
511316
975469
597274
1230459
661549
1271902
913656
1219886
929848
1367428
918333
1346440
888593
1357507
708727
1561328
1162522
1323235
873627
1464167
1139852
1381923
924309
1462795
1107884
1336918
1122850
1498257
1122069
1455022
1139980
1243308
1039069
1246691
1182600
1087694
896694
1079605
1024717
1554741
1375085
1347382
1139291
1291908
938987
1559209
1106285
1306423
935077
1435377
1275761
1069730
966914
1429122
1133668
1509603
944037
1760997
1414953
1452058
1150917
1483093
1048435
1767325
1384007
1231051
1007288
1478923
1238822
1562359
1002464
1284501
918590
1504271
1185024
1241010
1128834
1549744
1179294
1599768
1228335
1334220
1216624
1460346
974917
1545228
1161525
1659984
1525394
1094200
1196698
1279486
1182072
1498594
1036230
1643981
1208355
1457607
1127141
1639609
1405533
1301778
1623757
1522355
1180351
1586197
1204983
1706988
1442942
1490663
1270706
1706355
1382435
1716940
1305385
1710515
1272366
1555020
1189465
1565663
1429639
1463324
1208698
1753476
1578754
1529635
1762822
1528250
1479165
1674632
1417453
1461383
1460864
1552568
1383402
1570804
1228452
1728864
1400639
1829163
1538139
1600253
3046256
3515173
2224285
1135378
1628215
1604730
1430998
1724642
1648621
1469154
1491794
1735328
1435154
1520637
1330241
1711038
1490849
1713256
1398039
1697223
1286226
1815686
1432539
1559546
1499929
1517667
1469004
1501593
1323721
1772452
1286787
1758184
1537014
1472536
1180620
1724909
1494385
1325550
1186792
1713048
1544370
1480671
1227533
1581005
1452000
1578429
1839882
1739448
1661147
1701753
1655322
1746142
1556186
1591491
1582502
1637005
1316355
1420967
1435774
1752063
1475814
1695814
1694770
1737742
1441124
1625048
1731736
1891375
1676085
1820599
1772471
1917181
1688750
1827107
1650622
1640464
1590860
1794052
1542986
1747922
1684526
1801851
1695476
1735870
1568430
1341178
1205536
1565624
1439810
1807537
1557455
1784163
1535167
1705650
1738849
1859643
1550404
1881087
1755742
1688616
1767721
1838773
1900235
1763269
1630307
1840233
1868242
1913522
1694582
1688043
1584506
1604916
1415273
1627671
1845621
1778453
1531819
1812153
1700756
1799508
1729997
1756023
1723307
1641166
1547286
1727371
1521095
1564909
1570558
1612408
1625551
1863490
1668122
1637602
1555522
1823058
1912144
1773910
1471141
1796567
1568101
