4509644
2558288
5147876
4209076
2863845
1117045
1589795
1489519
1693328
1652831
1741431
1567672
1711595
1701476
1675083
1890442
1986124
2136095
2196816
2056014
2213297
3475781
4867415
3246278
2514451
1826692
2190096
2278948
1938377
2303164
2504652
2257131
1944579
2151572
2174282
2093486
1971119
2112516
2350023
2282911
1476379
1895845
2052889
2249486
2266875
2229069
1888656
1834230
1990251
1900310
1923318
1750368
1922164
1941707
2163995
2207667
2065822
2018469
1719449
2105717
2080400
2058672
2199505
2274259
2314113
2107812
1803354
2106162
1488655
1658951
1971226
2190102
1943750
2151779
1963426
2099258
2105573
2039797
2169948
2110991
2300627
2284359
2316707
2052590
2191790
2064161
2025452
2065370
2255926
2134251
2240543
2091541
2173094
1995962
1538814
2061290
2186240
2298690
2122790
2120754
2180279
2180993
2138009
2191950
2194941
2081617
2163479
2052516
1999901
1989083
2042427
2066079
1892151
1860590
2185625
1852063
2328602
2190207
2163450
2157967
2253989
2305313
2363746
2201012
1908417
2142485
2228238
2305392
2248491
2304274
2334012
2298385
2169366
2104113
2137774
2182583
2274807
2342125
2350734
2220915
2128506
2068036
2209748
2160768
1936606
2052488
2133834
2192115
2181990
2223392
2257116
2218753
2179742
2255308
1984791
2067640
1966207
2241534
2288251
2187580
2173305
2096024
2180650
2155947
1533491
1845014
2509902
2093100
2195266
2190310
2272407
2377064
2160094
2081232
2216449
2223849
2258716
2402828
2298302
2307924
2241116
2274553
2200313
2247988
2351886
2362458
2320508
2395284
2284538
2336048
2112350
2191073
2175811
2275850
2252966
2256337
2198381
2322613
2205745
2284776
2240692
2383614
2242149
2230102
2107767
2157958
2197038
2022682
1931971
2032313
1982537
1874849
1697898
2024013
2151803
2286497
2030298
2089768
2128265
2054582
1806352
2269268
1997526
2219341
1818040
2280926
2078726
2198300
2144926
2200299
2030383
2149994
1780509
2356238
2012589
2306091
2204391
2223736
2201454
2143534
1828431
2185658
2165548
1978924
2217039
2202263
2055737
2290116
2088387
2191369
1838876
2398194
1985976
2213158
6044207
4761977
3055793
1695442
2240316
2430000
2281425
2462217
2298636
2394595
2126335
2282378
2126171
2373690
2240895
2333572
2315249
2323778
2043901
2288395
2383813
2428822
2260135
2321518
2366359
2347937
2095778
2336025
2135844
2412128
2444785
2399484
2467370
2298438
1967521
2318438
2223439
2367267
2198746
2337948
2400837
2321085
2393894
2320918
2158891
2299370
