797288
682314
577759
1180218
754499
1321466
1036046
1374602
793787
1217090
620795
1354591
1020883
1352852
741008
1317080
731497
1324762
745278
1138064
689399
1016905
657705
1255820
835338
1308892
1048878
1081540
979474
1148906
1011455
1283507
879936
1188916
951378
1164667
747027
1164050
948822
1341637
779471
1250204
834698
1352392
956376
1242237
1097408
1145387
1098283
1233940
819247
1379502
796567
1033597
820082
1117540
765227
3335143
2856979
1246421
786423
1310947
1130587
1408842
951591
1290358
1085644
1420117
827907
1394658
945142
1325356
1070452
1499897
1077065
1221250
937860
1505830
863412
1270644
768746
1344301
1048515
1244023
1260954
1318307
1061390
1325314
1109133
1386720
873750
1455633
952792
1322314
1020416
1513808
960615
1423360
1045777
1431003
850210
1474710
1008523
1357148
1106045
1339645
1308242
1260278
1289607
1419366
1166048
1386836
1098215
1367495
1286055
1343204
858040
1492287
1004649
1346126
997141
1101089
1152211
1178637
930163
1515440
1133620
1400011
1102926
1373811
1340441
1372747
1053821
1326517
1140018
1316307
1199802
1266063
1371746
1316876
1149239
1521027
1058739
1282534
1270308
1240252
1454657
1381539
937523
1358086
1202064
1345442
1444983
1372808
1281161
1410341
919604
1317293
1173730
1441122
1086283
1363775
1159924
1323589
931791
1166673
1073349
1206448
970952
1393192
1095820
1053731
1062933
1500083
1368515
1501423
1078594
1430874
1404162
1394287
953020
1414056
1279363
1386474
1164359
1421886
1223611
1373557
1194576
1477947
1137524
1469202
1106198
1402025
1282131
1477703
906223
1413214
1298116
1336600
1184248
1433346
1321343
1539634
1032369
1445180
1249696
1394956
1235334
1500493
1119695
1523183
1092499
1493823
1238702
1477130
956159
1522324
1254014
1478177
1166419
1456479
1469889
1395640
1248187
1332102
1140401
1469113
1209194
1511222
1016958
1498144
1201337
1441086
1111829
1411208
1354167
1385011
1211891
1424075
1114087
1396600
1030193
1421919
987000
1407471
1001209
1489680
1104977
1528835
1092661
1519403
1042875
1449063
1272263
1407132
1194596
1417152
1025023
1499105
1018673
1514410
1292051
1505969
1296996
1407083
969886
1298056
1346976
1515989
1010369
1382621
1120494
1403779
1029863
1519318
969375
1474721
1045134
1444902
1223153
1502329
1142616
1398847
1064394
1493254
1202519
1516599
1270696
1465472
1190220
1437772
1075000
1477822
1078682
1275103
1014457
1392560
1099780
1493489
