1860203
1286944
1229207
1821161
1485178
1989021
1788812
1857883
1677832
2145827
1574273
2033919
1817344
1812445
1477813
2239713
1932609
2270323
1525210
2070747
1524976
2233453
1681453
2190268
2200078
2172115
2258015
2237916
2274802
2248560
2324211
2230299
2255302
2420553
2009000
2323065
1988968
2248416
2180813
2396525
2158427
2252983
2198977
2146513
2150106
2348354
1718597
2410892
1857658
2370373
2011463
2245124
2255053
2026690
2201417
2263160
2144026
2354217
1905838
1936865
2347777
2321381
2222688
2180012
2212040
2171328
2282835
2311520
2227905
2388110
2276626
2398883
2261140
2232412
2232352
2241664
2258490
2251396
2149143
2428146
2192129
2379483
2024906
2018130
2267908
2254730
2256120
2276834
2181799
2356776
2166289
2394809
2165937
2357264
1874014
2263671
2208979
2339118
2238729
2222984
2290880
2328192
1826777
2109162
2175102
2333351
2277338
2398892
2203397
2267430
2312714
2344116
2210733
2225003
2154805
2321117
2305322
2429893
1935878
2356537
1995061
2243022
2196489
2244689
2230025
2192754
2269446
2416865
2117368
2332698
2186312
2336650
2364327
2207179
2152556
2359114
2198723
2385697
2264816
2317107
2229615
2315970
2253951
2168440
2192515
2211312
2276756
2390058
2121617
2159551
2139054
2307983
2258696
2165361
2187356
2205230
2377327
2246482
2109459
2096962
2148431
2342528
2238974
2222259
2110486
2235591
2111049
2382446
2133405
2286508
2151888
2259490
2211358
1991229
2094183
2293986
2249724
2291903
2116134
2280277
2193447
2396949
2139557
2263531
2280345
2195162
2276821
2275130
2163613
2299029
2110399
2280201
2206098
2059305
1797560
2107591
2063689
2181444
2021081
2079338
2149908
2308722
2122248
2264171
2108172
2288100
1927789
2327043
2125452
2231441
2090125
2245235
2111554
2261137
2062864
2091219
1935038
2228159
2018952
2319013
2124298
2245264
2073321
1838064
1931026
2221513
1966889
2391601
2126238
2327112
2216217
2310004
2193063
2183866
2099296
2262431
2107105
2280504
2145443
2204158
2079133
2212224
1864697
1857306
1591870
5591951
4802833
2883438
1935177
2161919
1966615
2176085
1971062
2150954
1766288
2235247
1878788
2160368
1764016
2310970
2061281
2078181
2132722
2245464
2256385
2153229
2054833
2130816
2052377
2207098
1871709
2236253
2065275
2169671
2166083
2282275
2263939
2304306
1768358
2297110
1993480
2221644
2261149
2027354
2173190
2397189
1736355
2424986
2092128
2343372
2008344
2306566
2124112
2393873
2021655
2149057
1789923
2245478
2024136
2098992
