2035869
1573835
1694752
1719936
1882768
1876212
1781378
1432753
1465837
1650730
1788726
1785732
1704452
1715757
1667494
1782291
1750365
1776291
1807742
1814601
1667083
1603290
1765353
1698426
1725256
1842438
1769055
1847402
1803821
1719899
1747073
1850691
1800204
1840821
1701300
1477460
1402785
1495095
1808661
1721830
1553362
1626980
1700249
1847178
1718275
1749420
1701243
1860266
1701100
1606116
1701425
1671395
1810378
1743687
1729671
1668589
1665677
1844480
1308283
1644732
1627719
1891996
1689625
1861462
1685772
1732036
1682255
1846872
1690396
1731522
1755558
1640102
1815022
1740252
1593343
1506338
1678940
1593070
1657841
1743107
1715862
1859269
1686569
1866228
1690510
1860602
1683499
1856160
1780327
1852492
1686956
1862061
1721123
1857687
1682802
1854002
1710710
1855982
1681192
1788717
1662160
1731475
1676422
1805302
1740370
1870720
1635754
1671041
1431896
1556535
1775177
1729602
1716491
1732641
1661454
1730820
1607966
1760035
1543534
1818121
1665441
1801031
1749383
1629359
1810208
1679849
1750672
3955103
4408208
2525257
1905016
1800566
1711886
1871499
1733780
1862676
1671523
1850899
1673854
1856149
1754228
1861218
1716982
1733866
1732768
1859614
1741574
1865052
1781081
1866732
1718142
1729716
1732578
1856922
1677644
1572998
1779553
1675225
1849715
1749622
1687032
1728576
1753961
1859667
1765285
1866883
1717376
1857732
1783031
1867866
1719505
1851969
1720665
1764470
1579278
1909929
1720612
1800281
1583759
1848221
1640779
1861532
1728147
1858670
1718562
1857442
1677846
1700336
1630047
1359012
1479622
1417993
1650679
1428821
1648534
1484725
1693510
1397784
1612499
1362385
1727740
1485460
1679034
1364096
1806046
1436883
1575907
1211007
1465402
1441141
1345102
1570157
1441037
1476539
1429553
1523741
1492231
1350947
1282122
979532
1097951
1163954
929273
1272605
1194499
1714897
1119559
1244790
1630360
1698267
1559982
1660486
1420567
1816625
1334143
1515476
1473054
1468423
1533325
1502328
1362842
1276044
1241796
1491381
1525768
1646135
1473223
1650955
1306545
1726706
1284139
1215277
1459053
1735090
1578541
1534273
1513816
1700034
1513884
1580089
1705742
1693928
1745824
1651572
1635754
1635154
1564729
1751981
1541109
1708782
1551485
1708796
1607964
1702034
1659945
1675336
1702680
1675556
1626715
1521669
1660218
1576889
1474952
1369943
1464796
1415348
1454038
1400000
1378296
1420570
1450858
1516993
1565571
1748944
1504925
1697871
1306727
1384599
1679436
1416176
