9493230
5428488
3629754
3213111
1249961
1394872
1380830
1121721
1283055
1391331
1157598
1599023
1364385
1699241
1587218
1633794
1367632
1557531
1568231
1610800
1373838
1614882
1484809
1715772
1504991
1690633
1581005
1816766
1555304
1711266
1615017
1708854
1675842
1770790
1591976
1725435
1585472
1874367
1663136
1739475
1505461
1790000
1621185
1798387
1679096
1743255
1815933
1795459
1676123
1828499
1621679
1742308
1566350
1659691
1637877
1570930
1465271
1808460
1595820
1664243
1888205
1776681
1625614
1816689
1695015
1925940
1743601
1815752
1766216
1747489
1728721
1854215
1656588
1866749
1707905
1893280
1809983
1726829
1655918
1914947
1777296
1841978
1678673
1805156
1792517
1823617
1452639
1843844
1647748
1775657
1751497
1754256
1710483
1783420
1762593
1848069
1653915
1851323
1746041
1844049
1793399
1828215
1599805
1855851
1689464
1843889
1728877
1712270
1644088
1877656
1543382
1756159
1705344
1830734
1734411
1805490
1750745
1887277
1545702
1796130
1705898
1839936
1787083
1848458
1686686
1864944
1595489
1830059
1633279
1792919
1758963
1864300
1774496
1792816
1635046
1818056
1729616
1840054
1556962
1793084
1675215
1911019
1734814
1694090
1457947
1893259
1838907
1922716
1731140
1816669
1734931
1827382
1502909
1866652
1751626
1780063
1748920
1730694
1414895
1839875
3687035
4561112
2393797
916068
1802066
1892371
1756223
1852675
1776606
1891000
1737200
1807952
1792940
1874574
1793002
1794052
1653948
1898071
1792443
1917850
1818421
1820609
1765903
1828127
1771875
1925476
1719065
1826156
1761221
1914351
1836978
1705149
1614189
1936627
1440400
1888635
1751120
1827840
1772176
1885740
1695473
1837594
1609520
1910713
1820603
1893399
1771803
1821899
1675154
1800522
1562774
1780076
1893865
1858200
1643071
1904605
1786426
1887954
1786215
1805545
1768683
1834726
1844174
1873124
1783177
1868756
1854140
1867774
1703696
1862564
1746900
1893546
1818226
1862749
1860510
1834924
1657615
1895215
1728376
1868119
1863665
1783873
1797630
1828836
1332092
1976141
1795544
1871510
1917135
1814171
1892014
1851290
1706733
1917301
1741542
1776814
1863478
1816454
1768838
1847855
1772759
1898834
1730547
1805086
1941110
1867835
1785499
1806040
1694303
1841634
1842881
1842674
1828159
1866034
1836593
1881724
1784048
1917149
1841910
1813913
1764814
1889944
1849683
1966771
1824214
1909454
1681736
1789732
1749075
1869126
1819935
1826939
1711838
1901596
1721128
1887469
1783065
1869356
1829005
1807288
