3002843
1049327
1358421
1082729
1149545
1530468
1281863
1630691
1187312
1442295
1092077
1441381
1600196
1569919
1426634
1837914
1580635
1607764
1607586
1706777
1600544
1624491
1509144
1719637
1519695
1713351
1686569
1714407
1643516
1728551
1514624
1648253
1469323
1310146
1372844
1489603
1453680
1854338
1462647
1819774
1681651
1852330
1758592
1840804
1770768
1795258
1528277
1840514
1651862
1837139
1823380
1849313
1837385
1803542
1720353
1824765
1829954
1849619
1795550
1874255
1818785
1777802
1586409
1886459
1547958
1760953
1745642
1803056
1542919
1866423
1680218
1824298
1730383
1808732
1742163
1850683
1655592
1861355
1715298
1883883
1667167
1763763
1711732
1809339
1565216
1671398
1316053
1780950
1423843
1889190
1423824
1857761
1628741
1852800
1713388
1695693
1478339
1819469
1326261
1876225
1622121
1898175
1531073
1826049
1669660
1903277
1836066
1815885
1757674
1837332
1723563
1883380
1739518
1815980
1768457
1812800
1735237
1894060
1688168
1763602
1758627
1902506
1827806
1576093
1773571
1831435
1732318
1895101
1598460
1647080
1821608
1856134
1817394
1865002
1603711
1701257
1440528
1905400
1851419
1868328
1797658
1923637
1781654
1900021
1845094
1874689
1727187
1854282
1779467
1727231
1826869
1904584
1752422
1830632
1734744
1855413
1848475
1866999
1794694
1873884
1830311
1857353
1833299
1849429
1846155
1892966
1778084
1856134
1839215
1860210
1821509
1867412
1852810
1864927
1779667
1871496
1836205
1889675
1823306
1862957
1850046
1905200
1625032
1770457
1822325
1784956
1486093
1645633
1739184
1677867
1794863
1823201
1778702
1821789
1639320
1877750
1694310
1901427
1838652
1871114
1737363
1964211
1729284
1958697
1820703
1921576
3214988
4163255
2575530
1236436
1920496
1963317
1916439
1960550
1913296
1865329
1878102
1909154
1877995
1971996
1915686
1918106
1965344
1925931
1830333
1934867
1822568
1850289
1839729
1831933
1781112
1789078
1500708
1784499
1546690
1900729
1852858
1859593
1643402
1874249
1814314
1822664
1799700
1866755
1802283
1875126
1793711
1970837
1883919
1921121
1505474
1910760
1907338
1918134
1904160
1870477
1909559
1964452
1828313
1964303
1841855
1892465
1946883
1915487
1878236
1945450
1783384
1964676
1886382
1937655
1924026
1930692
1951118
1956096
1836396
1883049
1882186
1917764
1951723
1912680
1883032
1960960
1920086
1973621
1887135
1859655
1771404
1910357
1872615
1951565
1796312
1927910
1881562
1960805
1743573
1897354
1896605
1894151
1782584
1918122
