988331
1235891
1388302
1204450
1167144
1179111
1318809
1277309
1090494
1264958
1476320
1263562
1327343
1290206
1215184
1295141
1357965
1307946
1479138
1301672
1308276
1313065
1195892
1298735
1025172
883404
786794
861873
1132726
1184252
1150422
1075153
1329511
1074757
1261303
1368767
1113149
1256705
1107892
1214185
1275594
1233712
1264835
1200371
1320564
1264829
1430967
1359510
1016265
1266390
1266236
4042744
2248548
1577660
1307280
1357697
1399396
1301503
1367421
1356545
1350881
1404142
1576455
1386933
1438842
1403403
1434470
1272124
1489078
1428440
1274456
1352670
1389240
1240340
1346661
1096021
1053712
1061331
1155015
1261382
1366973
1316556
1293142
1312601
1119724
1286341
1460199
1381606
1368457
1468799
1279116
1248621
1281840
1240356
1411817
1245365
1324268
1332058
1497869
1291887
1453403
1351993
1478028
1415277
1560472
1434799
1382896
1469005
1649081
1484287
1685828
1419657
1452767
1373801
1670859
1460274
1628444
1453920
1306150
1428834
1573814
1387610
1633356
1487063
1564590
1374557
1452801
1480313
1584150
1489175
1578464
1196789
1075185
1467438
1531705
1427788
1339282
1470505
1260513
1353407
1471659
1465768
1121763
1343665
1323703
1332665
1408585
1389034
1395257
1334015
1468755
1339501
1242643
1369392
1434460
1400868
1229617
1477828
1012236
1195402
1319830
1210549
1410924
1272055
1408838
1269263
927660
1319891
1066834
1295613
1268735
1366059
1452714
1366343
1345978
1421808
1107004
1337766
1341406
1430201
1104588
1274960
1319572
1217778
1043268
1307767
1377091
1366811
1122248
1300889
1278072
1400574
1234641
1393263
1160923
1261449
1237989
1395515
1159119
1307431
1139091
1293817
1177863
1357774
1073278
1287134
1301133
1329343
1348348
1171918
1282916
1351356
1151989
1320441
1230840
1304915
1165854
1401819
1387084
1313986
1085954
1412032
1135769
1214760
1157674
1340056
1122019
1275092
1114156
1182436
1227791
1189382
1025246
1087217
1199074
1286801
1063816
1296717
1030717
1346103
1202953
1208094
1250376
1212475
1060506
1240287
1126680
770287
899912
1264949
1257682
1052268
1144166
1391697
1100371
1296133
1101362
1219065
1198685
1338409
1077589
1206738
1077011
1216296
1105041
1301757
1386729
1291347
1172186
1244748
1260113
1277015
903124
1089257
1094613
1289812
1268352
1253469
1376768
1270322
1393194
1273201
1136239
1166842
994675
1245604
1434808
1205414
1227501
1242354
1178130
1142285
890931
1296196
1254166
1340952
1018001
1189624
1162646
1169342
