2399140
1117222
1525714
1102723
1465129
1498045
1175063
1417261
1549022
699091
1669864
1402589
1723505
1673416
1631778
1457489
1746922
1713014
1751368
1541058
1679386
1760546
1730222
1654796
1720133
1791328
1796062
1586631
1760185
1562926
1667306
1637269
1763663
1549000
1539173
1794407
1760915
1588791
1541521
1462921
1437283
1302820
1557056
1570459
1557386
1627359
1511153
1128693
1411483
1718691
1625575
3539479
4503935
2593495
1393059
1525941
1754887
1745544
1696938
1744412
1828744
1547405
1699681
1592680
1699517
1690682
1795542
1769399
1640430
1498926
1513395
1447204
1440788
1273405
1496764
1180647
1697742
1586067
1636977
1503872
1597095
999939
1574846
1443463
1599140
1633981
1301974
1078209
1457269
1471230
1186090
997282
1128491
964415
1440441
1463574
1504871
1181958
1451411
1147876
1483280
1442457
1483184
1041660
1384004
1221492
1495828
1431396
1486001
1567289
1470516
1365825
1308703
924345
1064341
878554
1898769
954577
1097895
1116062
1101565
1048221
1474024
978406
1218518
952870
1114451
1001280
1479531
1086601
1375514
868304
1222304
1034420
1404218
1029706
1531270
1250138
1168962
1632105
1373314
1423010
1406671
1450684
1505397
1462063
1505263
1470290
1418264
1567581
1538115
1269313
1447710
1589450
1603691
1694921
1649571
1674791
1696291
1496885
1364430
1566900
1571642
1587161
1662330
1674325
1753651
1405111
1701941
1456705
1284929
976380
1169053
1203205
1439303
1079924
1523941
1301051
1664464
1187792
1578937
1597028
1577829
1584996
1774798
1645566
1805812
1542516
1767049
1501228
1433132
1403890
1768041
1655153
1694569
1560912
1722074
1463596
1589110
1285367
1629697
1074987
1362600
1268406
1473279
1551494
1697760
1586701
1665641
1594319
1705726
1428874
1508414
1520352
1692967
1348832
1654170
1612617
1739152
1642106
1741248
1518145
1721403
1759627
1742227
1524174
1649536
1515598
1726356
1467406
1688146
1474965
1739081
1705496
1784403
1729197
1827208
1652461
1766683
1791915
1814344
1632666
1763461
1754831
1700077
1478300
1739933
1752003
1781630
1650346
1811528
1887923
1871568
1721802
1812643
1639923
1830174
1697281
1810881
1765537
1859904
1756248
1871294
1747823
1784528
1848314
1877618
1745498
1878583
1751481
1894399
1766433
1824472
1732381
1876257
1724503
1819292
1442400
1809283
1581782
1625047
1798132
1781972
1819262
1881385
1751124
1817571
1523155
1863452
1677943
1859611
1793138
1787657
1812816
1764486
1536091
1899606
1908545
1871833
1735856
