1813841
1585467
1492651
1252513
1531287
1033624
1245301
1424015
1228477
1100099
1372560
1286314
1567364
1329573
1545122
1521487
1529278
1583032
1594884
1483740
1500745
1597477
1617042
1424436
1176767
1657616
1628967
1630624
1546801
1571991
1314642
1556680
1593293
1459861
1565270
1565899
1442668
1328249
1313406
1378280
1188497
1249008
1267764
1319864
1551742
1565185
1388087
1424209
1439271
1499567
1348519
1450443
1526368
1512655
1477990
1406424
3097212
2631036
2155774
740230
1508327
1683975
1726469
1786269
1726378
1327085
1673530
1735654
1797255
3471673
986894
1232408
1567623
1650849
1537004
1492803
1740650
2601883
2240225
1187977
1562118
1705111
1620695
1582353
1609939
1674243
1692025
1739885
1630533
1675116
1393080
1637721
1446268
1421224
1428654
1280275
1424241
1406223
1433573
1473925
1374550
1053721
1373313
916445
1203732
909553
1007497
1350862
1178529
1040670
1144485
1146856
1133421
997958
1189927
877848
718880
913504
1224610
1032954
1254424
990530
1397699
1297351
1079305
1223641
1660647
1578309
1298218
949188
882225
996870
1320461
871887
1445988
1338228
1439069
1391991
1348722
1309982
1387957
1444936
1424509
1269143
1698500
1268914
1398014
1401684
1334545
1471904
1403783
1412070
1536811
1256856
1473300
1513328
1472111
1467884
1359923
1370113
1500199
1513331
1468718
1385555
1456497
1349829
1458928
1284226
1422169
1350576
1423157
1331254
1460724
1346529
1268370
1392398
1545756
1494604
1567618
1352608
1518392
1312772
1466678
1400708
1499122
1508192
1565378
1334173
1379780
1213426
1638447
1464524
1709704
1582113
1693298
1487426
1675004
1640976
1709488
1538540
1692994
1650324
1808190
1623413
1743052
1734149
1817352
1478174
1523870
1516136
1660668
1502562
1641591
1697863
1581186
1375050
1680288
1580068
1640896
1556702
1569364
1620437
1543358
1617245
1590799
1689624
1679369
1642113
1681973
1839049
1704279
1855243
1809919
1734192
1918133
1704590
1665570
1735404
1833661
1736980
1809659
1730784
1854882
1678229
1722428
1763560
1682060
1703753
1733934
1811217
1863232
1748904
1731844
1752956
1637048
1620623
1662413
1758968
1612869
1798905
1742244
1635412
1249260
1221654
1592176
1806678
1670598
1826240
1721150
1819962
1850272
1518185
1685920
1746329
1836446
1846182
1701490
1536028
1840786
1778851
1699314
1641723
1938976
1758191
1735578
1768131
1661500
1472997
1758405
1777784
1808047
1832716
1745728
1814186
1683180
1633416
1451804
1639897
1605686
1656109
