2133453
970581
998492
1026415
1267731
1174760
1330727
1058091
1134407
859652
1304427
996938
1608158
1259399
1567759
1189088
1593908
1342653
1337382
1369123
1430916
1314718
1457031
1537298
1441549
1389265
1383345
1385157
1423944
1520577
1443844
1338647
1339741
1089514
860799
1184381
1310992
1409875
1422518
1267724
1282278
1407320
1442000
1139607
1456261
1447606
1345880
1357248
1524206
1410270
1504068
1462880
1583213
1393320
1556857
1411511
1458847
1315901
1538279
1317064
1514702
1397984
1556170
1380204
1656451
1564700
1568839
1556888
1591004
1504673
1627731
1498672
1649411
1499986
1628194
1476910
1521113
1437118
1654189
1553862
1613624
1520965
1641640
1225998
1274985
1236118
1597638
1325845
1361726
1369296
1586128
1379366
1563807
1223730
1605604
1339680
1435436
1345211
1291304
1508864
1534511
1453411
1522965
1357209
1642145
1554462
1628552
1568238
1501536
1486863
1599877
1581949
1594928
1549383
1630689
1573582
1407210
1370317
1494509
1419879
1685726
1190152
1484322
1562809
1470341
1153426
1488838
1393027
1552196
1427084
1531684
1509473
1448274
1320205
1157520
1635148
1486541
1489357
1392015
1554126
1524867
1345795
1469626
1375405
1492527
1321486
1586478
1552236
1581731
1475426
1494595
4996321
3033034
1567531
1506039
1679294
1673535
1553037
1649843
1605299
1610633
1498748
1518588
1664670
1541572
1660564
1687980
1535650
1491592
1370016
1326903
1458793
1546717
1625437
1514016
1471242
1531290
1476955
1456652
1419052
1578457
1559203
1331886
1448752
1203144
1274480
1535418
1442021
1433056
1554167
1591818
1352175
1584159
1351800
1507298
1490495
1539345
1500721
1470328
1434197
1428082
1337829
1544134
1561059
1600394
1609974
1590858
1552899
1607339
1502740
1520993
1454291
1500585
1521557
1571539
1550706
1593277
1466655
1583549
1512128
1583567
1599707
1504628
1480028
1572891
1459845
1588697
1512501
1569848
1590462
1534221
1477638
1588492
1482192
1516687
1461155
1587879
1595379
1604633
1556059
1595517
1437674
1499725
1401360
1279897
1191843
1450500
1354144
1376116
1329007
1375862
1388099
1539902
1568153
1660860
1271249
1601536
1368940
1470841
1454837
1503148
1444927
1521221
1430995
1617853
1469926
1611897
1466773
1615751
1535233
1603958
1597664
1615448
1506310
1606129
1512616
1542012
1423524
1551612
1552270
1675831
1419874
1522382
1585840
1523130
1549356
1616920
1669181
1679368
1358480
1603694
1468534
1605359
1548413
1615347
1558012
1650508
1447177
1632473
1542506
