882291
1049120
851411
1147673
1221525
1318800
948783
1075995
1126283
1354128
1066829
1280218
1191977
1404480
1153752
1277953
894071
1384480
1096818
1309890
1203609
877599
568992
966177
807396
1117577
847623
1246106
1079433
1223981
1118914
1054715
1147422
1072702
975406
1090372
879951
1217682
753513
932098
904744
1174621
905352
1145686
870927
1150556
838342
1161760
890445
1192018
1023678
1280178
1008818
1328760
1006978
989892
1116256
1189457
1015623
1314229
912825
1170893
1099147
1352197
1180886
1322542
1110454
1374653
1071338
1229889
947919
1301084
1015089
1302769
1051813
1262922
1005622
1222001
1152591
1338340
1114042
1194329
922059
1403096
1012901
1314225
1078424
1517322
912436
1309856
1105886
1366888
1184567
1233472
1048290
1377406
1071864
1326218
1024701
1414595
1004854
1263500
1130961
1196495
1124749
1364218
1109315
1340254
1151277
1302164
1098845
1261460
1107767
1306181
1074865
1334320
1052632
1414309
1063890
1336410
1109451
1441415
987939
1462052
1015555
1384996
1124159
1148486
1207610
1155601
1178073
1329444
1116525
1314150
1215130
1308661
1008370
1431738
981337
1452295
1026612
1174910
1028444
1379847
994187
1339781
1036118
1347197
1089594
1411243
1052158
1308021
911393
1435488
1063326
1277276
1135965
1478255
964051
1335137
1212924
1343493
1033684
1460242
980386
1401538
1024416
1372517
1030626
1333837
920510
1336972
1120964
1249131
1174102
1189618
1068906
1260224
902915
1444945
997176
1191946
891141
1261405
1204599
1179051
1055681
1236477
1123990
1388107
1091692
1364747
1096698
1330273
1104158
1417991
1074379
1415488
1129438
1275746
1155930
3670185
2660134
2426193
634306
1491969
1016750
1476204
1379767
1459498
1148506
1369602
1196738
1438597
1206195
1298539
1345563
1438014
1033537
1479911
1115150
1364117
1141600
1273834
1085188
1531383
1191706
1407681
940168
1385160
1028388
1453439
1082687
1493182
1387052
1326202
1249042
1316488
1230785
1467024
1197412
1404574
1124409
1332723
1246489
1380719
1190516
1357227
1385607
1319782
1287169
1273857
1362056
1417467
1116171
1476665
1039386
1271035
1018400
1423549
1105540
1316186
1121474
1479044
1021509
1410704
1193431
1464537
1206262
1355647
1186871
1401849
938435
1406568
1370988
1509619
1304244
1469396
1241065
1320242
978373
1427421
1355817
1432978
1115008
1464476
1186125
1450405
1409498
1288624
1166087
1371777
1047976
1414091
1395952
1401361
1334391
1452034
1211990
1330693
