9526925
7576549
6013455
5274568
3294031
2161324
1978210
2023071
1686047
2048250
2029061
2638291
2325041
2457714
2164383
2385528
2170120
2338638
2339908
2258138
2259623
2443824
2235454
2559023
2146936
2410186
2147383
2101461
2178786
2400012
2401298
2390294
2138146
2361069
2123739
2192807
2336744
2221830
2294605
2176337
2132551
2162915
2276298
2044403
2126314
2120923
2111243
2092948
2254604
2111748
2189725
2009303
2244163
2262362
2093299
2051042
2323427
2250671
2164846
2042169
2121870
2111862
2127009
2057898
2271668
2194998
2159002
1888478
2048876
2082451
2018778
2020391
2193672
2021802
2108556
2011889
1967014
2127220
1994777
1788633
2077785
2083396
2001592
1955236
1957695
2115776
2086859
1954311
2044610
2113545
1956007
1864410
2197422
2095896
2097437
2024353
2403310
1941098
1997112
1770530
2114311
1922713
2142304
2080339
2137476
1971288
2161071
1997313
2188125
1950107
2112240
2279000
2169649
1967434
1977054
1967593
1705744
1937188
1929476
1786833
1893951
1811531
1840113
1920268
1964584
2006608
1991385
1911880
2139842
1818845
1870478
1889156
1904586
1902417
1913798
1904601
1952279
2074843
1973793
1898348
1909406
1956428
2296853
1988142
1961393
2083897
1964464
1939951
2054641
1946714
1977884
3665182
4530982
2524105
1232104
1989381
1991507
1836922
2036144
1845031
1867410
1954291
2035960
2035510
2174848
2209690
2156774
2153348
1728511
2016942
1841438
1819708
1936315
3626705
3320597
1358449
1428255
1729088
1881435
1716268
2003818
1938675
1829648
1901487
1839695
2064604
2224232
1826098
2139726
2091475
2205387
2250919
2104360
2151366
2033019
2258937
2130052
2261242
2187617
2104500
2099529
2372296
2285043
2282693
2180083
2241217
2030718
2428588
1819006
1696045
2169240
2171690
1950195
2318279
2125316
2179639
2094646
1934361
2106392
2042136
1947568
2290249
2167224
1944090
2267198
2165851
1876533
2256059
2133093
2295299
2232304
2248190
2284323
2094669
2309762
2062767
2202914
2258523
2257223
2261495
2100869
2259069
2227312
2293095
2328446
2237690
2306529
2236752
2152731
2215034
2247529
2177821
2205722
1726402
2319810
2163036
2351496
2156210
2496782
2152396
2316627
1872209
1983778
2346790
2058575
2836431
2295519
2103411
2232274
2136268
2140862
2467929
2216387
2494064
2411132
2359585
2416091
2386153
2268234
2272569
2326715
2247707
2432394
2240508
2371400
2304874
2342665
2461500
2251847
2397598
2343282
2285256
2476945
2314421
2337211
2456753
2204518
2544185
2370395
2305406
