817364
487663
1256718
950103
1132259
897259
1052497
1150093
964099
1005101
1034710
1137029
1178947
1012148
1251082
1063661
1309733
1250626
1311845
1193260
1267890
1127778
1388852
899972
1316234
1133988
1038330
840311
1169649
1115843
1181055
1007009
5082576
4250327
2285535
484267
592581
776400
1359281
1066253
1378455
1136387
1268036
1273942
1361827
1079571
1437031
1138043
1242026
1278218
1096929
1338593
1389993
1151882
1412802
1139015
1435417
1306873
1359861
1191270
1096867
1163375
1373795
1139451
1345434
1267525
1418721
1426506
1355939
1386962
1120311
1417304
1171151
1362819
1447246
1332182
1467857
1444816
1514125
1287735
1425718
1196974
1408987
1407605
1491914
1360362
1335519
1128372
1465607
1049899
1368879
1281736
1410178
1328118
1008678
1248827
1439111
1212013
1257377
1249017
1386599
1245221
3635655
2046877
2003467
1056227
1449886
1127501
1425861
1047642
1273257
1036274
1241192
1192421
1503710
1157274
1531297
1233628
1312538
1277523
1416400
1165729
1519942
1090139
1486062
1165806
1526468
1271893
1380294
1069484
1362948
1292013
1482444
1320081
1352850
1180256
1385870
1228972
1501778
1282864
1390689
1248148
1439690
1097451
1453856
1292863
1442362
1310388
1416996
1254914
1503336
1226758
1458695
1268237
1445642
1311669
1446857
1017745
1523327
1258261
1525772
1342875
1471286
1187962
1458105
1292338
1471770
1266047
1503928
1234694
1383427
1348479
1355920
1138377
1488874
1377380
1548337
1126551
1470976
1298324
1429065
1174216
1448115
1353618
1337405
1296093
1258134
1362575
1470810
1084039
1400242
1241393
1421620
1237486
1483632
1165419
1506683
1271309
1358940
1306333
1277186
1223033
1431226
1134326
1512207
1070959
1493067
1242507
1455531
1256214
1427799
1339837
1361575
1281043
1383379
1213897
1488247
1176742
1451881
1062480
1389152
1151675
1354371
1242019
1493764
1247450
1373278
1167381
1450472
1198937
1373160
1138427
1510292
1187059
1506343
1182865
1430135
1111942
1382701
1057414
1464207
1243196
1411559
1334968
1532672
1071008
1369265
1273169
1500340
1323468
1418895
1301197
1425800
1051463
1341980
1249273
1473935
1259814
1443402
1207644
1533172
1380376
1300734
1209764
1448363
1184179
1560009
1332783
1526308
1279592
1453462
1210802
1174111
1225946
1535071
1201212
1527114
1275007
1285933
1271687
1514397
1268903
1515528
1221982
1466677
1196686
1352685
1199037
1489403
1290522
1405315
1287552
1507853
1202426
1578904
1151144
1565065
1256456
1503832
1189951
