1038653
800285
1372785
1078841
760609
937647
1501149
1066436
1534769
1362004
1330706
1009530
1479992
1107165
1517616
1476837
1461490
1183305
1515935
1303853
1562113
1262301
1134385
1052010
1368149
793286
985193
863211
1362488
873148
1356613
1387919
1346244
1218851
1401324
1220184
1489911
1097099
1438045
1461908
1535653
1402102
1342640
1267066
1404169
1299677
1419927
859496
1422872
1360713
1352886
1199300
1340370
1140166
1498724
923001
1333325
1406353
1358000
1253644
1293098
1335059
1499130
1153563
1498969
1466337
1494082
844633
1411241
1436609
1353080
1402342
1571019
1393309
1505342
1089810
1391257
1266384
1459078
1459764
1426565
1427129
1364208
1242050
1411393
1251784
1524722
1195066
1356363
1438439
1362940
1172683
1315543
842042
1508857
1177092
1429369
1009995
1510828
1091572
1564244
1055382
1522978
924905
1559552
1331077
1475272
1205026
1436972
1181724
1525121
1119908
1220314
1205337
1546868
1174431
1436716
1124243
1497747
1187101
1525721
1258460
1480664
915291
1398299
1090642
1529012
1107662
1365479
1123804
1475952
1029568
1465802
1141250
1417327
1234106
1554179
1099150
1540689
1103181
1558473
1089195
1339329
1045578
1290378
1273597
1400905
1114061
1560186
1253385
1466755
1105782
1407774
1210142
1534125
940669
1557343
1183053
1464416
1394015
1535367
2558360
3586801
2686953
924781
1485748
1527487
1416409
1579548
1389353
1425122
1092320
1418126
1124281
1470058
1265681
1309964
1143124
1545194
942478
1501267
1248570
1465476
1212404
1388522
1105055
1481508
1145364
1347820
1321945
1468903
1238086
1402148
1329454
1474328
1096561
1388729
1017333
1447648
1109809
1466164
1061954
1454086
1132438
1381802
1017861
1481904
1322885
1449338
1169398
1436561
1078625
1459133
1189544
1465011
1083642
1481094
1201176
1497060
1085158
1410899
1170335
1333204
1370843
1349060
1345357
1481102
1078805
1377157
1262999
1463238
1067131
1356745
1403718
1373152
1121477
1415830
1092862
1494084
1143795
1445378
1199708
1493305
1150891
1405579
1273280
1473482
1153310
1368856
1419498
1430893
1162931
1399734
1095700
1327676
1300039
1488880
1137762
1434359
1256130
1503225
1151647
1485073
1215576
1424257
1435639
1420282
1107211
1436521
1101451
1465962
1183390
1260846
1196242
1412378
1071452
1364973
993658
1477965
1339654
1351755
1266576
1460608
1294510
1454159
1174311
1546158
1339749
1382343
1372409
1499722
1330099
1355533
1367009
1549337
1273259
1346236
1291888
1507357
1160611
