6494291
4559636
3052225
1740641
1573949
1964441
1608565
2038947
1678062
2384130
1891961
2295383
1915784
2353357
1862965
2384885
1854924
2467120
2193629
2355970
1827258
2384712
2042943
2330065
2214690
2302145
2141384
2290387
2161116
2309995
2218372
2202614
1997328
2089891
2232379
2050190
1840404
2336255
2023814
2033260
2006180
1997572
1977513
2257155
2194923
2378938
2220588
2346187
2318045
2262093
1859048
2347107
1843858
2533884
2266295
2172071
1939525
2350701
2124026
2140866
2045156
2360065
2047013
2399306
2003650
2244531
2174830
2321286
2203507
2292581
1996289
2413156
2225104
2399231
2188626
2345263
2199999
2320384
2130717
6485527
4505960
4109589
2092031
2546670
2192574
2510073
2079185
2178609
2420195
2357814
2304652
2491002
2180584
2616518
2264479
2552468
2332751
2507748
2293387
2527717
2155693
2583500
2265739
2346046
2316770
2348882
2198872
2523628
2216306
2465235
2201636
2437890
2305760
2464238
2216999
2459155
2144260
2353229
2145568
2444458
2011780
2374025
2004129
2237390
1933855
2090955
2018989
2593584
2269614
2493326
2210453
2429905
2278057
2425287
2240170
2443240
2063844
2369774
2382594
2348186
1798242
2147138
2017645
2629488
2142658
2225114
2156350
2031286
1974648
2275629
1979475
2334531
2145000
2256084
2079270
2164017
1880535
2290881
2087193
2257693
2206311
2313091
2062697
2295027
2187190
2392177
1996775
2364287
2055805
1839201
1450433
2291854
1754279
2235690
2096549
1985054
1978238
2136181
1733739
1789990
1807384
1989467
1667318
2261118
2095675
2106812
1781422
1612747
1780305
2057587
1703278
2149385
1795299
2174181
1928551
2095690
1822283
2200013
1918737
2242716
2026246
2333064
2141283
2269727
1876347
2260474
1950951
2364053
2008599
2399073
2055545
2312587
2156328
2406641
1873157
2459300
1899835
2382046
2145790
2124612
2009118
2354438
1754457
2432135
2124583
2481364
2140571
2436856
2178908
2322946
1845715
1761338
1777787
2166434
1983249
1881345
2011837
2095254
2067955
1853972
2181237
2072510
1574752
1946537
2048638
2460370
1830048
2561542
1980156
2427477
2140071
2091056
2044558
2468560
1730543
2535597
2196190
2504080
2128163
2440264
2103662
2489169
1852991
2501939
2126938
2549041
1808867
2621348
1862925
2692155
2216602
2379328
2375751
2405506
2432751
2282996
2297369
2276421
2204594
2239520
2394455
2564535
2263009
2545569
2273677
2615041
2272424
2549987
2381089
2577344
2344402
2571854
2317080
2490287
2255266
2694153
2357500
2479630
2334066
2534947
