7741759
6598385
4638057
2657801
1892953
1557114
2248175
1909867
2085751
1935443
2193816
1669265
2046659
1882285
2143268
1767130
2207964
1371014
2295440
1565954
2332672
1871307
2561045
1502563
2288375
4033077
1452454
1719400
1432166
2046183
1713306
2046163
1825901
1851135
1791521
1927379
1711270
2025599
1732904
2080279
1822551
2007033
1803224
2034621
1537803
2023780
2107674
2200540
2058704
2089778
1935980
2101949
1898013
2090776
2035594
2109248
2194219
2150814
2080447
2033135
1856137
2137447
2202160
2108234
2167221
2156881
2121314
2172940
1891017
2149394
2165649
2165942
2099244
2141002
2075590
2180611
2046464
2151248
2112608
2146674
1980189
2123106
2084229
2205689
2088382
2140633
2007702
2213681
1979479
2167549
2106524
2131187
1976662
2068999
1988442
2200325
2073503
2169605
2121086
2122258
1997188
2159781
2127529
2183065
1974751
2129015
2076051
2150230
1887383
2186101
2040600
2143935
2172765
2181110
2135260
2106392
2014016
2174672
2033124
2144216
2177295
2178822
2137274
2132200
2118928
2182737
2053380
2066973
1924415
2146074
2224249
2147144
2126478
2230033
2067159
2129343
2169919
2173334
1913639
2176475
2131035
2182653
1791660
2182588
1824652
2241216
1542807
2083748
1698164
2207655
1786820
2189085
1765332
2252785
1705465
2300376
1790500
2184040
1767657
2084124
1869606
2149650
2258591
2007678
2104280
2280666
1928498
2277351
1953149
2310091
1941907
2291433
1832181
2366797
1941412
2177342
1958783
2033534
3967393
4697514
2707742
1162545
2056303
2443144
2148334
2528039
2348424
2299851
2162041
2378845
2106214
2462548
2319030
2414259
2241440
2480778
2266164
2263225
2269046
2197688
2373906
2451011
2114194
2359284
2067153
2522307
2267266
2359771
2187845
1966672
2103270
2068138
1693769
2009678
1505098
2087144
1707253
2052742
1514823
1974905
1597734
1614005
1887591
1596195
1621284
1985317
1690500
1746230
1827248
2134009
2200590
2243187
2042883
2305192
1973925
2184400
2055592
2129007
2187354
2322791
2227135
2466760
2238867
2364844
2387473
2411244
2427353
2238460
2266650
2400518
2182211
2665157
2341130
2310955
2264255
2627169
2389748
2556246
2308100
2350453
2371698
2479768
2131180
2392294
2420148
2355567
2364609
2401383
2164380
2359572
2166171
2336279
2372493
2446088
2115144
2367493
2400793
2376087
2075975
2516417
2270462
2328694
1979927
2334619
2267800
2381617
2160030
2262132
2277640
2448088
2188781
2515876
2323257
2386960
2005806
2469747
2306499
2244051
2064159
2464969
