2299144
1021560
1130957
1225709
1248937
1205853
1660360
1240566
1556794
1377349
1608094
1113959
1473008
1126286
1528629
1519761
2552941
3254297
2851860
1780225
1792684
1674361
1745208
1701278
1748481
1704102
1779663
1693942
1756679
1691503
1768919
1771263
1810667
1713658
1654929
1621220
1724700
1729494
1627687
1786365
1659495
1588880
1525834
1550380
1734734
1770286
1765241
1749556
1770084
1619660
1732939
1758802
1771664
1726341
1767790
1713729
1632655
1685454
1787931
1651854
1823477
1494120
1476018
1588456
1672445
1717844
1781800
1836910
1784859
1573331
1735015
1693932
1837028
1676944
1818884
1696175
1835958
1726184
1832246
1627268
1788439
1781527
1804834
1770798
1823725
1771748
1834127
1791353
1733508
1506900
1740440
1560280
1745049
1797599
1620059
1634799
1830105
1710777
1678846
1680934
1822813
1765433
1824098
1758707
1782853
1564930
1629554
1470044
1826723
1605701
1926138
1401137
1727224
1772940
1819023
1745084
1665570
1807115
1833593
1717198
1822954
1695160
1703708
1733337
1563553
1524647
1551514
1503995
1795867
1555704
1592734
1604629
1657093
1475537
1538732
1482770
1517936
1539606
1288194
1216614
1564965
1636170
1604928
1618620
1510313
1773414
1616087
1663363
1586724
1547874
1793425
1479795
1741502
1577923
1742758
1576456
1578447
1554114
1792202
1555686
1330981
1591624
1542884
1625987
1689817
1542005
1602381
1614678
1899194
1621151
1712435
1605510
1899125
1605996
1889747
1639823
1669231
1626324
1721678
1602086
1733121
1593774
1709679
1683504
1695605
1619800
1637024
1597989
1569989
1592626
1623480
1561218
1665660
1646958
1479705
1497895
1668724
1601663
1527044
1543289
1655865
1606527
1666253
1634464
1752298
1637513
1759221
1630736
1752120
1690559
1721314
1639297
1733269
1609534
1772314
1694205
1625194
1669323
1746814
1632181
1748061
1696819
1765126
1678727
1773621
1902699
1842589
1658164
1784533
1660278
1753325
1713633
1752807
1790372
1771193
1648625
1754266
1649504
1757578
1698883
1757770
1818763
1765456
1655049
1765233
1649801
1766896
1699323
1617026
1906388
1752883
1516465
1758929
1495456
1764233
1610825
1517799
1610718
1690164
1521316
1659258
1549415
1668939
1525805
1657420
1667345
1621044
2334145
2579027
1458761
1738859
1721799
1852158
1735023
1769324
1641258
1831711
1661160
1772278
1678143
1729284
1846871
1840475
1733748
1826188
1646033
1849090
1813775
1789750
1785541
1842739
1593231
1843440
1661490
1845034
1760385
1834289
1734673
1624368
1696850
