1598246
1079088
1169650
1180529
1415005
1620699
1244979
1546241
1401054
1636531
1723443
1655644
1431231
1504956
1667077
1574822
1706401
1613963
1753803
1616979
1749507
1548699
1692617
1441814
1555009
1667967
1731094
1630151
1665456
1521993
1355311
1328998
1327845
1310214
1540773
1228044
1531192
1239894
1482029
1186724
1343578
1269734
1511942
1363570
1522386
1262754
1560812
1501228
1530666
1299601
1584112
1385081
1530109
1262829
1481851
1450380
1428153
1514506
1580563
1381586
1607962
1487882
1423032
1364394
1727264
1494406
1515346
1479437
1394687
1540389
1550627
1525032
1555210
1501718
1493332
1423501
1569097
1427137
1687710
1702868
1758664
1669957
1749044
1782710
1729846
1787083
1763801
1658900
1518859
1594298
1515992
1246903
1761435
1606408
1613217
1470518
1510422
1554758
1603943
1502088
1550720
1354709
1643454
1492280
1502089
1438116
1573591
1759449
1829293
1669057
1825469
1705193
1443241
1580386
1719588
1621597
1578700
1695557
1702204
1751868
1755185
1738269
1766073
1587873
1639993
1609042
1673938
1671439
1715944
1698555
1758828
1630818
1670487
1635728
1785559
1597553
1603147
1456486
1631378
1616782
1660108
1578613
1796657
1692662
1732069
1638038
1774900
1660349
4853923
3328914
1358767
1885254
1870635
1827100
1858337
1818329
1807190
1773371
1825559
1693244
1804059
1782535
1879381
1555813
1792769
1687112
1709765
1687322
1804845
1777230
1888787
1598011
1867105
1821421
1808396
1704108
1888857
1863335
1822331
1558666
1696917
1718888
1812666
1756252
1795294
1756279
1722066
1631593
1793807
1579601
1699474
1618569
1693976
1713758
1690175
1551118
1676573
1569393
1448700
1488384
1676153
1550973
1639979
1638333
1670258
1657443
1538908
1575433
1681604
1472472
1615353
1559412
1517584
1712355
1357161
1460925
1723474
1673743
1575164
1626559
1671903
1750370
1632402
1428697
1568753
1480002
1581614
1497002
1570483
1521245
1486782
1552039
1751884
1697965
1739564
1680956
1752556
1582815
1722095
1473616
1758154
1771879
1669749
1688043
1756096
1627573
1769894
1579273
1756956
1742414
1780606
1613131
1749374
1759986
1786247
1475788
1578875
1458802
1531860
1462871
1535494
1669909
1573701
1896493
1421282
1683053
1709274
1422432
1756644
1770196
1642299
1599198
1670124
1600883
1663004
1698045
1595693
1665069
1683704
1607631
1631413
1764949
1592924
1740007
1765424
1648035
1765688
1534917
1746065
1702312
1755654
1722774
1747204
1565390
1615477
1612533
1646624
1597125
1558112
1632203
