1668218
1128855
1012081
1218772
1098146
1254963
1444244
1436065
1397894
1393026
1469674
1558658
1528026
1455947
1507943
1441766
1497692
1519643
1461573
17071973
1086458
1691440
1781311
1726187
1692691
1587843
1595501
1649706
1569992
1599218
1569484
1390548
1644153
1721506
1627345
1674567
1768599
1668581
1705866
1544848
1648267
1784493
1699991
1868009
1768310
1627600
1610604
1764716
1771183
1766057
1703539
1814545
1878737
1806695
1813679
1794472
1759472
1899569
1732997
1823472
1777238
1637891
1868753
1709519
1793169
1849664
1836927
1801221
1843819
1845390
1571954
1891999
1677686
1702226
1674256
1800236
1837320
1861069
1763526
1885279
1827442
1936678
1796148
1860609
1789592
1918853
1909482
1848749
1738994
1709468
1851303
1884491
1841768
1895944
1872216
1922634
1815899
1866534
1786916
1852929
1854152
1919958
1862898
1866964
1896211
1912868
1788136
1843194
1759082
1787127
1824239
1885179
1858540
1851457
1798268
1852203
1832133
1868874
1833545
1880961
1617145
1752327
1800688
1916410
1898324
1871802
1813416
1822938
1833519
1871414
1734567
1832594
1782645
1871320
1859054
1807878
1787346
1636289
1609769
1518908
1674159
1527131
1768550
1655455
1719646
1694038
1662123
1818738
1812703
1857019
1770187
1674890
1818904
1848703
1744651
1865479
1706838
1649840
1827202
1851808
1716227
1755238
1657648
1612005
1867247
1843043
1754265
1597789
1615060
1458496
1408296
1736729
1631227
1510495
1666714
1567358
1743277
1558285
1525788
1746335
1693654
1570163
1655728
1539039
1672414
1531507
1624013
1991476
4176790
2427836
1198121
1680896
1543230
1662559
1738235
1704914
1693969
1574556
1629396
1815238
1682070
1753657
1759676
1613909
1729831
1630384
1662019
1653283
1575318
1581279
1411009
1535982
1597409
1584253
1607649
1635620
1543591
1585029
1676953
1510118
1592998
3860132
2172007
1116178
1444062
1329888
1512133
1411292
1545811
1462690
1347750
1223418
1476560
1488852
1459511
1467942
1220272
1338733
1344453
1177771
1327778
1100953
1041364
969111
1216580
1093389
1117079
1094209
1209015
1079928
860070
938968
886582
942891
870551
1278308
1458133
1404543
1439244
1466206
1332828
1505411
1337190
1379904
1545534
1239497
1327211
1137066
1459472
1524283
1411120
1632879
1517702
1555818
1508326
1493158
1466316
1476052
1442455
1173801
1405349
1547981
1452286
1535054
1579274
1518957
1520009
1580038
1467866
1594288
1407266
1556052
1576530
1180262
1723982
1515907
1541084
1559261
1522101
1606940
