2137192
1081983
1708017
1606418
1928335
1579999
2174961
1873208
2230847
2045073
2282101
2027110
2151327
1998755
2131859
1634648
2264896
2152744
2150876
2063859
1905261
2003160
2054675
2035515
2283195
2117460
2296181
2169548
2306742
2291438
2316376
2273692
2129750
2236742
2240184
2161718
2110041
2238376
2211862
2233752
2249389
2299719
2376000
2059224
2379972
2307267
2135780
2147101
2286810
2334553
2394583
2264826
2125664
2265267
2323354
2304900
2291610
2209340
2170125
2161315
2253971
2326361
2342471
2326408
2278231
2315330
2417962
2345944
2330551
2222094
2274080
2086929
2129184
2088488
2043238
2073769
2221584
2253806
2292394
2298081
2233780
2257686
2285168
2188519
2326627
2277115
2390112
2188604
2312583
2306995
2303790
2291470
2239064
3825473
5655816
3732751
2161674
2274077
2497291
2424815
2320607
2321703
2195845
2340649
2278261
2459625
2418984
2235150
2540931
2428937
2386420
2390515
2234835
2309480
2402639
2330663
2314238
2267430
2423536
2260580
2322951
2282084
2318984
2377216
2354416
2413905
2371476
2269361
2341049
2363630
2540551
2388070
2292857
2365070
2337540
2335302
2324260
2357640
2659736
2223957
2360394
2400871
2410571
2375411
2324550
2386401
2390915
2211113
2362746
2420982
2425162
2325053
2161320
2169180
2254506
2183535
2208020
2248450
2378806
2456785
2388557
2286005
2361405
2373238
2447051
2404091
2346927
2225790
2377327
2354037
2373177
2271570
2243205
2359567
2390115
2383949
2359525
2214193
2285860
2351510
2374424
2062174
2221076
2411291
2215650
2224127
2210592
2000742
2323927
2402718
2342007
2052447
2196728
2205464
2165836
2180908
2164634
2146315
2258121
2144875
2250500
1959679
2154656
2120530
2351354
2426964
2293390
2246457
2283067
2030346
2274705
2124665
2259164
2286655
2302174
2154319
2251555
2154515
2290485
1965503
2397782
2052679
2294010
2250036
2359460
2277880
2245790
2142264
2380353
2245451
2381941
2012940
2241224
2265140
2289510
2056669
2275786
2033503
2414230
2081043
2282474
2147689
2276640
2033443
1884449
2752571
3645726
1686978
2052549
1996525
2093729
2013571
2039369
1983875
2051223
1981277
2006252
1972829
2017749
2192509
2067859
2152100
2141800
2139103
2160254
2225574
2062460
2219868
2068154
2062213
2012796
1903528
2027039
2256187
2157482
2284642
2131486
2259214
2198686
2249196
2159197
2247926
2176694
2259956
2224980
2189780
2117019
2106989
2180279
2165100
2069149
2195484
2222619
2333785
2158196
2212724
2262651
2239270
2216745
2277060
