1765552
1089361
1205604
1280918
1484291
1282831
1417452
1341080
1127484
1404020
1324538
1348531
1590949
1196807
1551819
1405208
1408864
1537466
2180204
1271627
1294812
1668223
1185030
1588753
1278974
1399916
1213034
1474691
1492944
1648161
1470518
1711736
1251981
1641270
1587020
1644921
1515019
1624461
1633366
1610670
1553512
1563903
1514660
1745646
1564726
1805863
1544245
1668837
1546574
1794302
1114245
1710843
1587274
1647459
1639715
1620902
1557090
1655140
1566398
1705532
1556536
1676061
1559402
1762021
1603041
1639050
1542613
1622489
1538656
1757992
1449544
1643721
1381254
1830359
1420594
1841109
1634100
1641758
1708513
5317232
3919100
3475263
1565986
1788121
1488070
1698901
1470847
1599410
1219505
1684331
1538361
1413459
1463308
1756127
1540784
1640236
1499751
1649070
1406004
1722478
1509786
1487568
1519785
1571914
1428462
1397328
1522793
1561173
1478926
1580951
1061868
1628309
1266367
1606656
1416861
1585033
1344135
1340073
1278979
1479302
1235853
1488274
1003676
1451783
1253364
1731651
1310960
1627479
1435234
1459640
1383011
1540176
1542553
1599426
1459564
1726178
1384022
1476497
1230246
1658410
1435205
1564026
1255711
1538495
1382838
1563376
1462768
1458218
1548220
1602795
1391188
1710785
1478233
1715010
1434892
1660829
1476872
1556925
1447898
1669577
1380054
1679165
1459838
1699151
1430001
1726961
1344691
1530431
1426641
1652933
1493315
1378362
1311938
1626984
1442619
1703950
1440062
1798579
1469246
1774262
1523922
1709616
1587655
1595147
1572897
1606470
1413471
1761910
1486635
1623564
1496627
1603253
1584264
1584403
1480524
1735616
1513289
1470661
1310473
1778312
1383617
1961628
1563820
1624150
1467907
1670226
1492911
1662117
1505560
1494897
1525117
1571413
1418495
1727552
1514493
1562330
1477149
1597620
1479009
1712131
1509747
1599270
1555037
1660491
1462753
1740752
1507448
1572199
1480137
1464771
1446189
1799145
1598483
1579205
1630923
1425856
1511681
1690665
1639531
1760627
1533453
1739008
1827579
1748080
1400935
1740766
1723233
1766736
1752728
1700748
1768417
1796778
1752332
1853749
1768649
1828063
1843612
1806921
1820951
1762256
1799170
1737356
1727842
1823420
1717403
1795296
1766565
1858154
1802603
1592306
1441900
1292273
1626756
1571133
1767125
1789444
1707810
1792355
1671040
1829417
1888371
1695055
1798746
1671655
1500697
1749476
1736241
1756590
1696201
1800892
1702015
1806501
1711435
1584107
1508403
1854567
1794330
1757726
1841585
1842466
