2219736
1281691
1197354
1242966
1142578
1238624
1531257
1212872
1494566
1233377
1568931
1558532
1368934
1197870
1344067
1508303
1491016
1255101
1169923
976504
1463451
1117939
1464849
1279501
1685865
1598034
1538650
1538463
1610716
1346177
1490424
1339291
1491128
1274286
1402312
1296746
1586104
1425379
1580373
1296339
1395784
1215385
1582948
1220401
1526466
1675714
1756400
1599432
1721525
1488618
1787018
1685098
1776734
1764760
1573804
1690554
1773727
1485321
1803009
1600033
1579993
1734045
1780101
1660317
1627323
1347575
5794878
3830638
2382412
946928
1476348
1499118
1754845
1714421
1538884
1389362
1771757
1425595
1807742
1529623
1818555
1544607
1800431
1665718
1679922
1660513
1764201
1603244
1644647
1514933
1647420
1445208
1651116
1444548
1658047
1462759
1656640
1620709
1849786
1692134
1725285
1628444
1825536
1552789
1586279
1715622
1842902
1714054
1849238
1747961
1819677
1793706
1849289
1734601
1829313
1720817
1854288
1796045
1798795
1457373
1936890
1743561
1861701
1752187
1602853
1827632
1838418
1762725
1875486
1556633
1871348
1760761
1843262
1816256
1714084
1675887
1873973
1799293
1829165
1661184
1893806
1845518
1839462
1757185
1793755
1758374
1873509
1799945
1822437
1726611
1873546
1757652
1871692
1766689
1774502
1864245
1820659
1844713
1821262
1582749
1894732
1707264
1870177
1799991
1729639
1772212
1884983
1733271
1832489
1379378
1794033
1775655
1903592
1774002
1731171
1873892
1828605
1770724
1887527
1765681
1874912
1786909
1787745
1807645
1680830
1776085
1840232
1763605
1886294
1528293
1826826
1744677
1879853
1764667
1774922
1854205
1823831
1735176
1873491
1562099
1880707
1802119
1817068
1755580
1772691
1768175
1884086
1719670
1885031
1849802
1828096
1746325
1868052
1763537
1732678
1623484
1881216
1756965
1889572
1706794
1865127
1772639
1828182
1542723
1771555
1871352
1782192
1804476
1774313
1817016
1816480
1745821
1872494
1763556
1748041
1777157
1865015
1774625
1842629
1706130
1834702
1739554
1878427
1765757
1664674
1813072
1812012
1748488
1893572
1574345
1879560
1685094
1808801
1737188
1707754
1699086
1740731
1743374
1806765
1556233
1783177
1817545
1819325
1761620
1773897
1797941
1832171
1760422
1901448
1755977
1879282
1644033
1901132
1728122
1878926
1776459
1775566
1822646
1842331
1667905
1861466
1755720
1890828
1712651
1733466
1603503
1813771
1726821
1814693
1703560
1827535
1731945
1816892
1756354
1713880
1795526
1821101
1797171
1814811
1690290
