2726251
1364061
1542612
1844230
1510938
1783516
1770365
1702718
1487606
1766898
1527803
1768163
1811030
1786103
1693159
1769489
1595502
1819186
1518581
1617725
1614770
1624436
1750998
1796465
1645472
1780478
1620128
1790519
1718082
1741392
1816399
1826079
1415870
1727611
1540185
1815955
1632587
1689200
1733898
1594202
1502912
1789965
1664447
1545373
1543016
1710761
1667683
1730579
1705889
1803878
1560066
1825832
1687274
1805699
1722945
1786455
1766992
1685405
1734002
1793333
1611945
1804370
1758380
1789038
1803739
1811029
1739324
1839539
1777372
1804285
1807072
1783327
1801074
1818981
1797898
1862636
1744550
1520073
1757119
1874486
1816173
1808526
1815198
1861065
1846887
1875827
1763235
1731353
1690833
1749425
1684384
1907797
1876486
1703598
1717338
1859995
1870183
1867538
1847371
1915723
1808506
1817736
1524591
1746723
1771602
1859972
1840572
1962567
1806025
1916586
1844863
1879876
1737555
1918497
1861346
1937516
1810662
1896132
1880502
1891974
1821906
1938085
1928891
1948336
1861040
1866532
1837994
1954124
1614354
1899234
1907900
1908112
1783408
1825666
1864565
1948183
1791420
1725217
1525724
1727773
1587875
1709491
1598907
1698998
1454037
1874518
1820261
1886975
1457355
1870661
1749266
1882682
1542927
1888672
1749614
1902487
1596503
1734647
1639633
1899433
1694023
5419594
3455567
2427737
1546982
1923831
1625512
1515829
1258768
1579674
1455666
1607016
1538115
1727368
1502310
1598379
1445091
1586447
1480201
1615947
1553581
1595837
1442554
1523575
1601627
1568176
1586121
1569415
1562194
1620647
1464782
1679797
1583163
1688624
1510225
1638356
1571588
1640548
1478559
1730354
1604642
1705072
1539798
1707904
1671391
1724401
1678212
1822975
1521236
1862130
1687118
1767363
1424455
1877296
1703455
1853727
1655598
1863154
1542797
1730324
1556552
1763239
1578125
1694302
1483552
1747662
1692374
1753585
1585251
1695879
1511523
1714759
1523702
1593506
1691716
1718429
1684792
1763966
1519275
1698917
1558952
1695634
1553406
1698094
1629583
1695638
1585457
1689255
1632936
1684649
1572188
1730425
1605457
1696638
1592536
1693878
1666891
1841389
1498421
1715625
1615578
1613702
1600368
1675273
1534723
1664061
1554590
1592337
1551547
1619344
1597497
1634217
1510386
1641677
1621308
1645798
1522036
1649948
1610616
1650163
1630063
1613047
1623377
1801724
1485079
1684046
1598625
1787199
1538220
1655499
1535296
1814813
1504235
1654651
1560478
1810199
1557919
1663522
1413632
1792879
