2825646
1503211
1113787
1664632
1572862
1596890
1905994
1537898
1640660
1622524
1902203
1775097
1868582
1829188
1701159
1814047
1845772
1766578
1839338
1783765
1861869
1770512
1828267
1791721
1863687
1788812
1813933
1769471
1623800
1823162
1854486
1764172
1671406
1839368
1812723
1791149
1778268
1824477
1855047
1750399
1306271
1659022
1866734
1545231
1272210
1802582
1826047
1825668
1703026
1566938
1528123
1800268
1800697
1832992
1783126
1828205
1872993
1732171
1975601
1529655
1616676
1642946
1621978
1648079
1640062
1633017
1619136
1598404
1514389
1652241
1571645
1646435
1647848
1566808
1644860
1654033
1578060
1657600
1549069
1584381
1598465
1653805
1646380
1609719
1599206
1629281
1608416
1647959
1601431
1647515
1631926
1642660
1634630
1605346
1595939
1654360
1596188
1659337
1642918
1646940
1564537
1564223
1584115
1652224
1565182
1615284
1593799
1491226
1569729
1575542
1623991
1434234
1602163
1613156
1644708
1655215
1594694
1630784
1613687
1660457
1602696
1643134
1596274
1602963
1629339
1589033
3275524
4257460
2707559
1039787
1904123
1932299
1914033
1847194
1757111
1854257
1930463
1869263
1914042
1829619
1730086
1859910
1677771
1922463
1672192
1820954
1581093
1728034
1801550
1874512
1830123
1881793
1610600
1769987
1821529
1808232
1794284
1799817
1840799
1668767
1844555
1815232
1846952
1763117
1638310
1893451
1872864
1855599
1792758
1841759
1832497
1801626
1836667
1772877
1842607
1845032
1776233
1818339
1629388
1827917
1878487
1848043
1867547
1859155
1840603
1827779
1845696
1780782
1869563
1852044
1863096
1852068
1577774
1864220
1868173
1809142
1866133
1810176
1542553
1845473
1841781
1841378
1854669
1804452
1877617
1852423
1874046
1822348
1815856
1712161
1841177
1849743
1862422
1787754
1885979
1807892
1848553
1824097
1611034
1845046
1818071
1779636
1796606
1794528
1850610
1818999
1820495
1844686
1807178
1818636
1848767
1851636
1840750
1846974
1719231
1720794
1726864
1757378
1652445
1764071
1882972
1843777
1816924
1845633
1856599
1796232
1858407
1803567
1839306
1843394
1881694
1841732
1815968
1844173
1866567
1850343
1860037
1849813
1860404
1673074
1868353
1840978
1865792
1843317
1805473
1838219
1874799
1849267
1845952
1809898
1883547
1807582
1857047
1823608
1845693
1849354
1795342
1812232
1601549
1810093
1866853
1780852
1853048
1814642
1840779
1797707
1802184
1887207
1846434
1864724
1832228
1849397
1795492
1852477
1881048
1849699
1895577
1844892
1879532
1850356
