2117835
1101134
1270057
1416893
1586031
1418488
1443971
1599177
1395304
1638328
1414922
1471303
1271980
1546183
1471255
1707992
1475097
1614982
1457326
1426956
1315984
1624214
1231423
1598714
1413776
1355170
1528351
1487918
1378028
1457000
1605197
1474433
1361234
1364211
1166002
1726643
1440611
1594176
1307399
1531301
1391448
1493837
1382745
1470945
1558004
1418120
1552395
1464777
1142087
1568653
1509206
1747297
1407900
1621876
1506914
1611185
1409846
1652456
1364099
1707688
1439390
1637401
1430825
1608569
1429723
1679282
1328609
1607460
1423050
1709237
1710466
1516675
1426405
1740477
1283616
1625103
1247868
1581710
1311237
1631365
1292656
1541097
1277809
1419814
1322909
1711189
1398677
1508306
1381756
1669398
1355866
1574552
1475465
1631488
1437761
1712501
1468396
1684129
1377240
1764173
1373243
1780597
1631867
1794293
1656872
1786997
1491126
1599831
1522996
1362110
1728719
1709393
1544831
1788493
1587732
1739978
1300181
1685505
1575597
1789447
1538873
1786352
1444741
1710047
1470360
1807275
1323017
1787083
1563826
1788503
1359436
1781838
1514641
1517291
1663326
1785181
1498291
1668938
1347580
1632985
1433174
1519152
1427256
1690508
1447065
1787948
1473175
1696782
1408844
1653816
1422325
4453138
2828206
2018475
1631142
1837117
1533307
1835574
1408237
1844323
1501571
1795913
1514447
1675793
1580860
1669536
1490930
1802043
1514640
1734595
1468690
1795823
1517415
1786596
1518125
1794433
1459051
1740163
1505147
1676080
1630243
1542401
1468646
1093787
1271363
1595669
1412067
1862037
1698033
1778256
1521435
1503279
1491911
1563141
1578182
1788862
1651262
1740877
1622159
1834503
1747283
1904970
1750223
1847454
1768949
1840591
1564981
1835528
1646588
1691808
1619470
1530051
1622218
1703063
1672236
1854374
1736775
1774433
1618469
1471635
1624568
1681303
1745736
1744075
1591562
1675211
1729145
1684548
1705339
1796433
1706999
1749138
1573118
1610291
1630106
1476755
1402951
1718127
1495073
1739347
1541487
1696238
1249095
1713122
1638645
1711074
1636038
1868104
1464433
1793428
1433723
1840318
1434711
1775388
1188850
1481955
1216781
1518625
1396229
1256577
1336433
1405333
1078641
1324380
1030975
1390021
1436050
1575196
1433483
1471504
1302047
1450229
1103304
1696235
1422917
1524524
1280126
1421563
1091076
1523651
1242065
1539288
1355380
1476579
1143896
1701768
1255419
1693508
1588451
1669469
1660609
1578526
1455767
1689043
1588232
1693209
1553830
1651086
1710709
1638107
