809579
651436
1264486
603757
1348656
531309
1193020
907837
1235945
510443
1401745
644926
1031821
954141
1471278
748125
1242387
929126
967729
1328923
1216162
634855
1372406
756768
1265799
855003
1125012
1249888
1375935
789729
1325916
1086807
1266964
864515
1486751
767041
1485254
915912
1333762
1053714
1337167
1284818
1375369
812481
1489050
924873
1446201
938169
1449003
791792
1342439
859563
1265914
794676
1225149
969741
1349248
831403
1304893
998301
1318712
794973
1285097
901892
1377787
742887
1151500
1056252
1301272
930060
1406042
964256
1256206
860120
1336389
879115
1265217
880199
1345094
966444
1402603
725737
1189535
668445
1351064
839749
1243692
931673
1278175
730772
1177416
833541
1114916
648239
1377881
931880
1137800
1151520
1241856
841295
1378418
805843
1241023
794403
1282068
944135
1391073
916375
1272397
800051
1324522
737003
1241376
917009
1306742
920509
1160085
661767
1204204
801724
1385537
761608
1150317
726864
1433718
842000
1228121
824334
1276233
792938
1427379
752065
1226318
967789
1410657
726073
1230986
934693
1375607
941674
1243611
834992
1264042
814928
1352316
752917
1224040
902828
1333613
840279
1410250
931837
1386840
1043364
1420274
848557
1337762
957510
1343813
785717
1249270
815906
1267465
805719
1214001
972856
1392857
1003946
1276032
854809
1210155
1014620
1329399
714551
1316545
775993
1208367
729572
1279271
870379
1309257
749377
1394284
878776
1395684
684494
1087383
669344
1204279
909085
1202372
1075160
1399040
1060964
1325419
709336
1237048
794258
1389698
727170
1277861
776808
1276401
720448
1186744
871898
1142262
775187
1389462
775741
1292413
812783
1287781
832586
1202365
831194
1306291
796630
1029456
654628
1392758
802782
1047218
761771
1377014
695563
1212111
811214
1246518
779287
1106291
868723
1310496
731197
1378759
723050
1210816
909878
1086785
690780
1184401
676625
1252097
834251
1382498
844163
1189588
901292
1142293
739348
4427648
2545931
1053680
879402
1220051
1191254
1311166
1175141
1424838
1089440
1388208
1028900
1235624
845737
1257056
955580
1394607
917622
1361597
1004809
1392488
1048819
1382161
828911
1383917
1144859
1434559
1013512
1381071
1179468
1390143
957243
1351893
831807
1358739
1154890
1413253
980889
1409423
1102061
1294739
1155359
1301784
1000819
1346377
985187
1386064
961193
1423151
1105741
