1621328
1235135
1415888
1175132
1446121
1376209
1150215
1162312
1157053
1201202
1573217
1328589
1403536
1338816
1451137
1432862
1524259
1515217
1462464
1492843
1482466
1540626
1500445
1429166
1496002
1517817
1552272
1416300
1530097
1651448
1552403
1615882
1522865
1585406
1552053
1480507
1452194
1469618
1535070
1145854
1468438
1383127
1414834
1443844
1236012
1227672
1168525
1317134
1178770
1253284
1290352
1428527
1512558
1490090
1585104
1494649
4752703
2885848
1846247
1554939
1484154
1457049
1519089
1540082
1441202
1513506
1601878
1565158
1662243
1662182
1580021
1615876
1649348
1625178
1719498
1568952
1779943
1715925
1566943
1468976
1579742
1729979
1613141
1612638
1647951
1637194
1765642
1665925
1771665
1517338
1638603
1631871
1741579
1759790
1615946
1499970
1671053
1587056
1649576
1577063
1752303
1664076
1735279
1697158
1705407
1631765
1726285
1559643
1794927
1696283
1679504
1578023
1650289
1614805
1580634
1565533
1625971
1674576
1717245
1633298
1604313
1715138
1719932
1628497
1677488
1633473
1760915
1670530
1738035
1589959
1591102
1666595
1320899
1542552
1635685
1489278
1755558
1606233
1767896
1615379
1550561
1528506
1771189
1696288
1582441
1644219
1706973
1693015
1675109
1530007
1591538
1619086
1712013
1561404
1607924
1502662
1639810
1694918
1701503
1424528
1705623
1770106
1757953
1558114
1463568
1486675
1721402
1704713
1727942
1666133
1763304
1611672
1520562
1618366
1529827
1534641
1768775
1628949
1757524
1573085
1648272
1622641
1646998
1594763
1664358
1683211
1724902
1577364
1737869
1708935
1896535
1527182
1686530
1810010
1770338
1714936
1797671
1715308
1761074
1690917
1801956
1685833
1833335
1744052
1761037
1711128
1782695
1622703
1830691
1684618
1804916
1708752
1793120
1635835
1777835
1624852
1674481
1626483
1834610
1647035
1770107
1678281
1844665
1729403
1713929
1610553
1778989
1627607
1803495
1594044
1632566
1637753
1771609
1710334
1676349
1574057
1735537
1726070
1758768
1609651
1804039
1685258
1829327
1592291
1600922
1633265
1772154
1614146
1306240
1557376
1639071
1678605
1754704
1524144
1687738
1632301
1716317
1639662
1683828
1653412
1815836
1737535
1733512
1584903
1679608
1542323
1769300
1678218
1789212
1590147
1655537
1686279
1775417
1695543
1752728
1751253
1821752
1715950
1817885
1659993
1799417
1695066
1767041
1628211
1715287
1677966
1773787
1642943
1461799
1736469
1792398
1635532
1792459
1725089
1656354
1583719
1333919
1601000
1561762
1680159
