1136506
1294555
865594
1067975
705050
1095060
1214615
1290866
1007894
1381184
1050242
1385547
889616
1373573
1020227
1423874
1074984
1320229
1012494
1403713
858047
1447941
1043468
1520094
1142736
1425920
994268
1433165
1097817
1441066
1041050
1358451
888069
1103310
983319
1383086
1061974
1395195
963995
1383556
1042383
1370174
856062
1206616
1187484
1249837
1052519
1238857
712758
1017305
802689
1161180
920447
1375731
881237
1155849
973139
1336159
1034717
1361371
899162
1146791
1206697
1215794
1085905
1297773
880453
1909229
3618598
2306238
451190
1351278
1057727
1459528
1201670
1267834
1152259
1416398
1430749
1516461
908905
1394079
1340619
1363246
1055825
1370166
1186757
1490825
1054508
1324025
1131393
1419518
1250295
1493401
1299999
1353525
1259616
1542802
1276546
1540875
1421754
1577649
1237423
1552522
1274739
1462276
1228983
1490194
1392026
1636127
1273523
1522065
1403535
1589362
1315136
1559464
1328701
1545209
1351530
1514375
1224055
1668283
1483074
1645720
1450623
1559031
1388566
1565445
1419097
1492179
1396630
1601661
1442980
1633396
1312326
1691372
1328429
1547657
1448117
1535879
1377131
1572614
1299969
1470235
1526802
1592655
1384370
1551315
1375460
1566616
1348651
1627441
1466564
1595125
1383100
1566583
1392445
1565643
1536576
1519602
1414348
1507139
1301310
1643826
1316908
1578282
1554001
1631130
1448691
1618850
1438181
1526881
1446774
1654303
1314770
1514855
1364402
1514210
1262224
1428994
1375873
1618136
1288240
1340511
1066120
1391819
967298
1359799
1215731
1465365
1212206
1497368
1051287
1574405
1138220
1583961
1255850
1550213
1243650
1607396
1286716
1534582
1198293
1463955
1230334
1586975
1270134
1526485
1232641
1574651
1335816
1505317
1214480
1478199
1358636
1499942
1239602
1462810
1157471
1431423
1084251
1333009
1121777
1521105
1202143
1523786
1134458
1433037
1023297
1322011
1100535
1390549
1109414
1473878
1247299
1482820
1077314
1401469
1028219
1475824
1103179
1548669
948547
1277187
985071
1424336
1045004
1435856
1093689
1384683
946964
1390455
960747
1370874
1141896
1480781
985695
1424999
1113648
1396014
1042679
1337920
959758
1208976
922987
1306746
864915
1325190
914982
1381220
1099534
1395267
1168183
1381265
1120824
1254824
1039757
1389510
1159249
1460979
1198256
1378655
812301
1419815
1054761
1467006
1185904
1578658
1226981
1615995
1091917
1623250
1156228
1468207
1056148
1367619
1200753
1413450
1156625
1534250
