1046932
550289
1242982
800198
1282541
868754
968694
941613
1417436
792365
1150151
847725
1183630
1007338
1134583
795148
1010351
839674
1412314
677221
1092241
715320
1168250
728055
1286916
877929
1228641
817886
1377824
790145
1350913
799408
1276006
862317
1122389
1008138
1311411
819246
1461522
829690
1300616
984786
1236652
1141238
1162369
797209
1186569
992243
1263623
832830
1102711
859740
1044915
743981
1222559
774205
876206
670689
1204810
693793
1301927
1017622
1266420
838462
1146530
782773
1281457
715373
1201056
825960
1225274
692740
1397188
759583
977212
1063054
1266928
976626
1342788
830518
1300749
700955
1400219
850694
1046541
760893
1300926
954062
1115787
711157
989474
856513
1390390
1203780
1320589
1194579
1265408
1104298
1298939
1019362
1454442
1150935
1452480
1130602
1259467
1240169
1412620
1097395
1400467
1179903
1431792
1342321
1437158
1238282
1295362
935773
1382391
944514
1471447
1203945
1476226
1268712
1308794
911355
1430703
1123258
1491008
1323019
1402518
1322092
1389723
1191920
1457321
1194054
1348835
1202464
1431000
1331724
1319162
920923
1267593
1171849
1415312
1217954
1353830
1126700
1394871
1192239
1460007
1069786
1331615
936819
1276587
1174943
1337347
1161554
1381985
1180655
1437707
1029394
1375034
1228423
1428223
1077479
1381803
1129322
1495509
1080624
1425060
1229253
1447442
934609
1487998
922002
1300132
1347043
1347590
1034808
1311893
952137
1397815
1296944
1432411
1053615
1187821
1141727
1132321
1126520
1350983
800078
1483217
1225522
1403647
1117700
1413366
1230965
1395168
828716
1393254
1182702
1312702
1171195
1251964
2870336
3532590
1675193
1234037
1232986
1447706
1280109
1521496
1253119
1524718
1243476
1444367
1103979
1520051
1211738
1419967
1183912
1526424
1322455
1443097
1229156
1416037
1240068
1438297
1207247
1331853
1137635
1418593
1237870
1375271
1196774
1419331
1357438
1456244
1307081
1337428
946999
1499875
1285530
1404495
1157935
1289534
1221168
1405776
1225194
1487326
1393265
1536525
1421074
1473595
1287402
1379387
1196838
1529041
1306968
1536040
1211612
1513049
1289332
1511398
1302305
1399459
1351990
1432334
1294447
1512011
1264720
1499209
1295677
1387370
1235710
1378227
1246612
1456151
1187683
1537695
1174686
1504732
1275547
1495247
1359794
1446027
1245990
1528012
1385594
1341838
1357434
1531613
1393213
1497658
1342049
1428117
1362427
1370497
1344505
1505634
1343307
