732429
875694
726097
840698
755332
845718
839874
1023002
756313
1186758
728136
1134889
949042
1092952
990863
1079394
893531
1283229
1221164
1222514
1135184
1481858
1090803
1148903
1157349
1323616
1014071
1144562
954478
1282660
1050708
1109743
904463
727893
893358
1376467
1040233
1231874
1074553
1246754
1083352
1399221
872561
1284635
959032
1187025
1107417
1395207
1139508
1208077
912966
1443249
976194
1402973
989903
1207508
965060
1188675
788774
1039222
1150205
1275014
854456
1230889
985927
1270347
751907
1229956
834542
1261704
951006
1298406
1311997
1396163
837612
1356477
1009790
1321558
1027092
1440024
820091
1413035
995389
1174845
846361
1277384
1035538
1332043
1075992
1377355
935777
1237258
1204904
1305283
807133
845111
1065903
1051921
959623
1384697
1068371
1375215
1011791
1348379
786742
1446888
1032040
1342146
1008461
1427272
1104658
1371219
857841
1403870
903783
1393998
1088731
1355693
1039445
1453188
991625
1308488
972822
1371236
931486
1377232
765800
1044947
1058518
1441673
936746
1503993
926655
1210344
890900
1335672
857694
1451941
949386
1424209
1112024
1348654
976792
1314792
870863
1198931
1008659
1240913
1006342
1436567
881490
1447393
914602
1355209
1155693
1319881
1058678
1314992
969202
1339973
844147
1358155
868446
1314546
905098
1342570
888429
1348176
778755
1297405
1052182
1404070
1095802
1322220
893564
1417902
857897
1401559
1028285
1186877
859759
1199421
849452
1235635
927895
1323829
846508
1398223
980258
1087507
795884
1257103
959485
1264162
870248
1260026
975864
1180308
856738
1070292
848369
1132881
3525677
2653412
991557
1217896
963390
1272968
898292
1297769
923186
1367384
814764
1266162
865137
1217545
877288
1366900
774040
1355647
861000
1218694
1062802
1285216
888851
1173044
902178
1165127
964947
1167109
1128700
1142826
999106
1293002
864249
1154464
886545
1263453
983890
1185682
854154
1148285
991871
1259050
712114
1193846
1057057
1248146
867288
1088300
946876
1120194
921059
1117025
878497
1244067
1016636
1296734
805543
1167259
775491
1137126
942415
1130461
1096175
1282863
768336
1221622
835444
1174073
904221
1156258
1106893
1083525
779328
1215639
801639
1184012
1015027
1268848
913468
1303306
886750
1188107
847472
1190571
1080545
1215629
989651
1152831
961416
1171394
923348
1329898
910731
1193670
1056928
1190608
1078659
1200650
