983801
596988
1047252
1111743
1404324
717312
1142290
602108
1344122
553498
1284466
635799
1410817
883879
1445320
625589
1439041
1191101
1006803
1082051
1423851
1064126
1015662
980974
945825
647951
890248
810736
768802
658267
597860
604155
525112
489882
746331
583008
816729
521756
972950
746146
1227019
695383
1386727
1306016
1382956
948777
1298836
1316798
1175065
900853
1183127
1277926
1336210
1209198
1343009
1261047
1438746
675892
767639
1283971
1309612
729814
1355497
1106816
1377010
745877
1229081
867516
1290850
922028
1435186
970267
1222035
850771
1348299
778946
1253159
866143
1240506
730245
1218689
1001889
1139295
796896
1440197
780056
1195068
869620
1344139
666461
1153100
871485
1113675
1004170
1466217
863427
1084365
927182
1357854
1020641
1198476
804637
1029863
716609
3516689
1951438
1680213
699919
1091907
1069088
1434575
963107
1195164
960149
1282675
853707
1311459
742722
1336067
977682
1960672
4082303
2729164
744053
1378522
958400
1419790
992883
1356643
1066761
1497430
855745
1300106
1118873
1508136
1092017
1354735
1099251
1512100
1076913
1320819
893136
1186564
1158138
1418369
1033147
1467996
1048188
1409174
1132304
1488146
1089742
1301595
1098233
1422544
1074327
1525880
906896
1321628
1037337
1463807
1221444
1235616
1053274
1411835
1095310
1374447
947089
1431509
1013167
1346030
1061351
1299806
1204568
1283835
1049830
1127482
929196
1221168
819680
1349945
890497
1128712
1009908
1387377
1017997
1244010
925563
1446115
976843
1522315
977890
1244483
1189870
1441443
975096
1390311
993651
1400599
1022998
1232613
1044711
1408087
1190792
1370269
1064751
1407478
1068693
1460694
1178798
1510323
963026
1414645
1054408
1353969
1110051
1382449
1050619
1405021
763772
1256203
945027
1318215
950352
1365724
939631
1183532
827678
1245576
867845
1377382
946943
1295563
1011907
1291683
1107017
1255364
1298445
1378495
1038393
1333569
1127960
1240159
1159242
1294404
980479
1426330
1094728
1388275
1100695
1329075
1071363
1267487
1023723
1266474
1005271
1372015
1090593
1315042
1138784
1459410
953785
1407999
863597
1449341
1170786
1369183
1031491
1344055
967165
1370972
894776
1425566
1122877
1412639
1256232
1435997
993422
1381862
894476
1409606
1025657
1243088
1154368
1429139
1244201
1150573
906612
1357095
1159638
1186873
975964
1384794
906756
1401244
906871
1317695
984731
1331136
1187583
