4549216
3264942
2330393
1772183
1161308
2263750
2022989
2267667
1876284
2386523
1780388
2213168
1852677
2057896
1703988
2191636
2039050
2137791
1690155
2160207
1512285
1949449
1545006
2298409
1704213
2294727
2086480
2214891
1589941
2311477
1854000
2144365
1723037
2191316
1681131
2211166
1604264
2189340
1564394
1573810
1618053
2221003
1505604
2391683
1791861
2357674
1903161
2131851
1753904
2475580
1851014
2323771
1901840
2365778
2020512
2290642
2242783
2431384
2074390
2379012
2289140
2382704
2177911
2383215
2059733
2260708
1556118
2417700
2280298
2464276
2350521
2294855
2116370
1983157
1426622
2441381
2317031
2383293
2338348
2371670
2195100
2302863
2280929
2322029
2125125
2208872
2161633
2240391
2316902
2280182
2140537
2310166
2311343
2163948
1549907
2397516
2243445
2385637
1653279
1912639
1154138
1666909
1364758
2069136
1947341
2220280
2052397
2259395
2123608
2251721
2006114
2384102
2006348
2229066
2012640
2215546
2227307
2329505
2143154
2347490
2183446
2343867
2112308
2132898
1921856
2221173
1924714
2406483
2027363
2311064
2027395
1867715
1767843
2333505
2137624
2389474
1972508
2052310
2042759
2130317
2134788
2098399
1874214
2228750
1953123
2172375
2007350
2226896
2146149
2131543
1840780
2131624
1402347
2056539
1497457
2103014
1700418
2079581
1568905
2244762
1926892
2158064
1905706
2163528
1612198
2329985
1758455
2376896
1925410
2279167
1805511
2218051
1498668
2161650
1581237
2220404
1767472
2254663
1887750
2303223
1731160
2264769
1793770
2200143
1807986
2388032
1909341
2315759
1818296
2399178
1847100
2286499
1960558
2328020
1811281
2291417
1893526
2361587
1855980
2329139
1985936
2357505
1948548
2365310
1808322
2242393
1799074
2329513
1691910
2159073
1838471
2368437
1752397
2338982
1575197
2362724
1882531
2401230
2067103
2329026
1860370
2397539
1790149
2333501
1933198
2301852
2105897
4884154
4734890
2956398
1069141
2422457
2182014
2452480
2122519
2297076
2335332
2337422
2011517
2259126
2155987
2378370
2034836
2349190
2246079
2159424
2055685
2184598
2048857
2218072
1859215
2264323
2123850
2276849
1990339
2297462
2321256
2308681
2044946
2273976
2253469
2365013
1976135
2296593
2226515
2333869
2246575
2317567
2351177
2285277
2080463
2308092
2128969
2324119
2031187
2224376
2137780
2371837
1928969
2385497
2338537
2286386
2239355
2303065
2134429
2419633
2298979
2320189
2264071
2274886
2300712
2337062
2239405
2345092
2283739
2369632
2332967
2185084
2237070
2261575
