2553338
1353801
1803185
1343303
1695511
1326996
1471149
1367060
1352662
1456141
1509782
1258606
1708946
1392206
1586687
1700419
1682468
1616134
1675515
1446652
1588527
1511757
1673823
1554896
1724145
1542484
1606545
1640888
1714140
1545443
1583013
1532251
2237299
4142878
2445353
865292
1669212
1524692
1622552
1579813
1615931
1526348
1498754
1467421
1536666
1566552
1570097
1575005
1558706
1778895
3731352
2941120
1691097
1688747
1729741
1801591
1824539
1755874
1796450
1717027
1814230
1755961
1805110
1822213
1807431
1767911
1723521
1728821
1770269
1428367
1562427
1584363
1595521
1608549
1707108
1355926
1465792
1363108
1688917
1736547
1757482
1722176
1812317
1712823
1849991
1737331
1803364
1780817
1845561
1797494
1891644
1608101
1595433
1281675
1631785
1392378
1408372
1297593
1552772
1359425
1678592
1307367
1509847
1578306
1843901
1723763
1719870
1709454
1797997
1666009
1798929
1720394
1802661
1640431
1763602
1658463
1800887
1690620
1809751
1696397
1787111
1752901
1799659
1568018
1778445
1628675
1813534
1600450
1829994
1696471
1789750
1722521
1798030
1721673
1885385
1732697
1826704
1673234
1879209
1613810
1714423
1648820
1712957
1400233
1861890
1398727
1783287
1441493
1720281
1576205
1732812
1727951
1833071
1677762
1826164
1551698
1827218
1767202
1830153
1728001
1805006
1710451
1823842
1599690
1825302
1549639
1839365
1753486
1871121
1735261
1850644
1735780
1816485
1750721
1834070
1703608
1830107
1745696
1835336
1584216
1798512
1690961
1683672
1428227
1742020
1380913
1747442
1373310
1673622
1559842
1773605
1429277
1753506
1391992
1769925
1432667
1692592
1671173
1784787
1444857
1755710
1471077
1780800
1609587
1827349
1759118
1752581
1559936
1831690
1489895
1767597
1578072
1828203
1721835
1835594
1605785
1822296
1640034
1787996
1778185
1675895
1823516
1818953
1773901
1825696
1656189
1750560
1813131
1570498
1723426
1803016
1615350
1635021
1352933
1640226
1612436
1660276
1425264
1780522
1563575
1769381
1481758
1580225
1566539
1776068
1552751
1712646
1562876
1853980
1689426
1875684
1769565
1891108
1755376
1862154
1592536
1847587
1696067
1853128
1729401
1630195
1681545
1899816
1783191
1849722
1607984
1834379
1830408
1855120
1603846
1769331
1512756
1780111
1510738
1753591
1742937
1867460
1642515
1661482
1661012
1591820
1856650
3089334
3971530
2128537
1361473
1830355
1932304
1822011
1809227
1902974
1868828
1865127
1885874
1881064
1841493
1914350
1846792
1880965
1855784
