1085669
856649
535349
1083870
912669
1346948
921832
1316423
1064830
1243345
1043392
992145
958464
1301066
990589
1299715
1216843
1334248
1331907
1477349
918641
1161650
946398
1220689
881171
1333985
1109281
1491634
1274008
1411499
1252046
1338819
1446514
1317337
1094953
1285552
1205703
1143118
1017528
1431810
1312428
1271142
1394962
1262499
1197937
1296971
1111196
1383907
1240530
1329199
1076162
1325377
1334957
1522712
1223789
1400334
1347858
1277838
1443200
1407285
1527064
1537601
1120290
1412267
1431482
1356478
992184
1293665
1226113
1384892
1167806
1437269
1487949
1417819
1525949
1429423
1352951
1486511
1279729
1480092
1467069
1343926
1537487
1445063
1412757
1237571
1220879
1143531
1457818
1605508
1343275
1592025
1278099
1612086
1522467
1478780
1511774
1560743
1310395
1516557
1446634
1498600
1532471
1640865
1194645
1608423
1436859
1543478
1472624
1413613
1552887
1484788
1369477
1306422
1263209
1500450
1473811
1586848
1473692
1583066
1560094
1520162
1564670
1622751
1600673
1460856
1498581
1610485
1584436
1638292
1573144
1660529
1645063
1703445
1648091
1557916
1728073
1518756
1664743
1586936
1517918
1541311
1523974
1542034
1492883
1359334
1496752
1539934
1342318
1512178
1426262
1543473
5040997
3370004
1504248
1763088
1766077
1751651
1687371
1686852
1719288
1589367
1730456
1593542
1738148
1714615
1694779
1762971
1711580
1682137
1733138
1695596
1511184
1780581
1793609
1799753
1798489
1622169
1660458
1663891
1598015
1772928
1708807
1741667
1762233
1661252
1568275
1622300
1816814
1726043
1726005
1741008
1821088
1714797
1503300
1637345
1740087
1653859
1705086
1832398
1762495
1669947
1828407
1771488
1816532
1692977
1837048
1816902
1848209
1816921
1765802
1770596
1843761
1696694
1880006
1711046
1819125
1803092
1960300
1821678
1819198
1748253
1853367
1782286
1817948
1767692
1828421
1785298
1786937
1708746
1751457
1832562
1808892
1841779
1775928
1732423
1783765
1734737
1810467
1776982
1626227
1603980
1594764
1542183
1766348
1626601
1640431
1587136
1460060
1565229
1588371
1768853
1848982
1684150
1599624
1801648
1843102
1816023
1561100
1728767
1749517
1701448
1558381
1650760
1512868
1722150
1588294
1699652
1874136
1753047
1614925
1813407
1669794
1730685
1732448
1686183
1686498
1631671
1594285
1828685
1658319
1742013
1668201
1764948
1684262
1637585
1541688
1776638
1698640
1667231
1902926
1690750
1530804
1644987
1517599
1678682
1683274
1664946
1649505
1817888
