1589235
1294857
960873
1005996
785192
1191412
1021794
1186280
1294342
1206683
1321071
1308242
1266363
1444020
1475255
1396108
1442280
1427652
1489883
1435074
1566547
1472074
1584691
1402165
1573817
1494635
1523509
1487709
1597852
1523909
1627741
1418591
1406433
1358697
1428825
1212984
1426915
1479344
1370857
1387499
1292988
1489129
1586362
1492324
1503535
1382379
1401858
1758833
4730525
2775803
1312607
1641047
1634396
1424656
1633650
1457995
1629723
1527786
1548861
1538945
1615859
1530280
1616753
1527354
1611597
1477751
1562151
1527310
1598460
1488836
1591252
1539080
1614899
1471323
1557353
1508374
1573894
1511453
1586020
1527976
1626825
1522180
1469366
1457833
1578238
1475441
1630744
1523834
1652661
1518569
1317193
1526133
1524571
1518509
1559751
1412739
1583442
1478619
1544828
1450113
1544960
1523399
1554216
1371093
1494151
1401128
1450155
1458435
1521316
1451218
1440289
1435972
1530607
1445069
1554083
1479289
1622051
1595165
1611722
1503275
1547026
1605517
1547617
1691109
1650345
1596471
1550574
1562207
1579651
1528509
1530024
1613667
1527492
1524289
1510482
1554896
1649334
1518855
1578249
1436238
1243112
1766406
1710273
1671228
1682464
1754328
1775015
1786726
1740463
1788020
1782024
1676378
1709020
1537894
1707103
1637592
1737259
1573237
1721869
1687503
1694829
1793035
1728939
1788295
1789086
1611175
1805420
1780038
1773149
1645391
1728128
1773817
1788050
1554997
1720288
1556986
1697913
1698172
1670619
1783020
1756423
1677358
1777669
1619411
1491770
1644163
1672348
1694723
1574102
1756073
1734685
1780811
1795753
1695164
1770364
1719562
1815690
1647738
1729563
1769006
1745569
1579449
1796410
1784624
1742086
1706973
1768354
1546660
1787236
1796814
1735296
1779367
1656897
1827201
1564456
1721178
1658523
1861787
1728876
1830096
1746326
1837951
1773640
1760199
1687803
1683094
1740385
1753000
1693994
1774130
1771587
1840445
1740286
1792575
1768777
1865916
1845257
1841605
1669619
1844645
1737814
1838796
1772737
1810826
1781185
1805857
1806466
1838230
1740452
1843381
1719059
1848085
1842826
1840285
1789871
1836291
1696304
1840176
1736569
1833310
1846847
1703747
1575406
1584781
1650527
1786274
1742895
1845664
1743414
1844430
1785650
1839882
1760315
1736637
1731485
1750403
1738734
1834860
1740669
1827337
1685514
1846428
1819006
1765269
1683064
1680708
1576621
1621367
1511716
1849627
1727719
1839582
1623051
1577350
1529772
1790934
1707934
3675286
4263435
2658426
