4870901
2989047
1642537
2051738
1609634
2288457
1949564
1917372
1991543
1893594
1673732
2374083
2029459
2362583
2136111
2487654
2290553
2284348
2295683
2203031
2073208
2423543
2414148
2390368
2405202
2391493
2118206
2307081
2490229
2334828
2247450
2302697
2129922
2433603
1908176
2045326
2215988
2257394
2254640
2414843
2397938
2325848
2090335
2343665
2271283
2435304
2424180
2259707
2246138
2290881
2423074
2461880
2232133
2371528
2397269
2362573
2564056
2289997
2411741
2316207
2338679
2422975
1835151
2484766
2225033
2384363
2304231
2335624
2247047
2448175
2349259
2377564
2191555
2370289
2197661
2499642
2175571
2208966
2121300
2316177
2273467
2340983
2206007
2284333
2055830
2260162
2183190
1972243
2177711
2168190
2312147
2208092
2155026
2218712
1960905
2220004
2239996
2250472
2181921
2341477
2274612
2354929
2196476
2195169
2218506
2226476
2123414
2272852
2348296
2325612
2215426
2261656
2266230
2209812
2211441
2277281
2194749
2222230
2113785
2317121
2368271
2378816
2195102
2239206
2178869
2433260
2316223
2328614
2314451
2230305
2241226
2325144
2203622
2329067
2103149
2399128
2264503
2351202
2308893
2363174
2325767
2310371
2223092
2235361
2380243
2361332
2147735
2353708
2136109
2359371
2238531
2318284
2323949
2377694
2303117
2363121
2244742
2390187
2268941
2374805
2326824
2394787
2197393
2301373
2131264
2294287
2106728
2271361
2175880
2225746
2169493
2225520
2372777
2423777
2283667
2395652
2472888
2410834
2450533
2435336
2410937
2473272
2247833
2419535
2333301
2344963
2210579
2364578
2335237
2351372
2181785
2435523
2307842
2277198
2398813
2342002
2208852
2357647
2166925
2391552
2340357
2394790
2397619
2194146
2127014
2455449
2025124
2351378
2180871
2332512
2243941
2339520
2141172
2338067
2060591
2248252
2237062
2318358
2776014
5420453
3755495
2271883
2371859
2440771
2248976
2370048
2408645
2368550
2189846
2382464
2134825
2223231
2297924
2434773
2309643
2360882
2061006
2358734
2290923
2321517
2261951
2403745
2293880
2244851
2069964
2356358
2436125
2511903
2268736
2402215
2460134
2524211
2235857
2236778
2258423
2436813
2363468
2297281
2150406
2408572
2308398
2434662
2295459
2435776
2266227
2212285
2244153
2417455
2238245
2388003
2231910
2413515
2183542
2385455
2237908
2412254
2290869
2335416
2310523
2330032
2448278
2512271
2354629
2484669
2193913
2385979
2339633
2481480
2301911
2424192
2218965
2501620
2306047
2465760
2206412
2465798
2313056
2460659
2326514
2458604
