68819034
66563851
983106
1299433
953693
611878
1208213
621038
1026291
1201177
1430811
1263515
1196505
1020140
1336569
1202760
1533254
1004014
1467548
1261327
1494160
1425503
1298543
1220310
1336243
1391564
1285083
1133088
1486808
1180379
1282253
1128808
1313849
1254840
1486779
1453193
1315906
1197516
1431190
1401507
1301554
1292516
1304766
1177014
1538060
1067610
1573262
1353915
1361929
1436444
1586195
1467458
1403128
1320809
1561297
1536774
1536413
1240073
1306823
1603894
1616621
1250479
1550526
1439462
1323720
1560355
1529665
1264713
1439371
943302
1627590
1469585
1635073
1327597
1600369
1276581
1427526
970053
1480367
896546
1350571
712269
1319526
1004844
1403464
1104475
1575317
1115107
1405544
1130683
1571594
1337014
1456861
726447
1534066
1042931
1590508
849405
1437990
1114621
1157141
1220825
1473655
999683
1341170
1239871
1451710
965689
1438773
1103667
1241161
1325949
1437899
1148381
1581135
1178459
1307133
1102459
1306065
945380
1370643
1048256
1429594
828469
1435454
773704
949849
641881
1042378
888339
1280142
791944
1137288
1030998
1135179
1228566
1306993
1021435
1359893
1215509
1311996
1281159
1453276
1087501
1420191
1276982
1224946
1167072
1391587
1463028
1343926
1219946
1427567
1232532
1315123
1338455
1318733
1247146
1435907
1221988
1519696
1336251
1338706
1364929
1105879
989456
1319801
1279748
1215992
1468952
1078259
1215738
1326703
980269
1520454
619530
1543184
671249
1461640
1269528
1387704
947308
1347482
1014140
1291406
1065410
1420077
951732
1447853
989669
1297273
771092
1376123
956042
1370131
882524
1369945
935920
1200678
842203
1239881
838569
1460364
1073858
1040181
749859
1273584
1042030
1306559
649781
1204233
781680
1434998
915258
1440610
817148
1417688
823378
1417560
1341746
2148067
1161664
1107377
645936
1376286
1047847
1253590
749796
1490744
1154185
1261498
760211
1388606
707212
1315918
862345
1330088
1125664
1396287
898453
1455813
1149422
1146553
1030623
1415843
855062
1190035
602019
1455582
1161301
1430463
641699
1105762
1049375
1269393
567580
1481539
605091
1281677
615396
1043730
959250
1311963
662096
1356696
1061585
1216336
1133688
1416350
910754
1387253
920980
1072632
1244480
1348454
560171
1154342
778098
1338406
1072495
1140357
912598
1303942
918665
1316116
963561
1384222
1023925
1145330
901715
1179515
1046320
1262442
820725
1264964
538693
1249935
817998
1387109
602379
