3362672
2181654
2054951
2255865
2134739
2467905
2106817
2300036
2123776
2482029
2118895
2389706
2103758
2474525
2112647
2468226
2107199
2470529
2119206
2487461
2072907
2093317
2053055
2202529
2060154
2389770
2161872
2467767
2165075
2393158
2101560
2194467
2185235
2403415
2153229
2466837
2222216
2390610
2273385
2329130
2366775
2319404
2295793
3376233
5299365
3484458
3373484
2519278
2274265
2369665
2365010
2242694
2279200
2427860
2378230
2487927
2217455
2456047
2407656
2494432
2388826
2474096
2228921
2285811
2395370
2507707
2289389
2488460
2240636
2485285
2341002
2347755
2340920
2426288
2361391
2372135
2239628
2433175
2233069
2392295
2281054
2483457
2340037
2333569
2245053
2477711
2283229
2486840
2383876
2486948
2347387
2406916
2253255
2437392
2292610
2482191
2228834
2474756
2385026
2478618
2284194
2376434
2225563
2473606
2360221
2487941
2308945
2482661
2285044
2467445
2326814
2463025
2402751
2489282
2391763
2477740
2284554
2439651
2278290
2482075
2463631
2468221
2400034
2401630
2281436
2339818
2203853
2381170
2393061
2299524
2290281
2366901
2278593
2398969
2240464
2412910
2311015
2406494
2339356
2388892
2274841
2368568
2241569
2392826
2204899
2406745
2397092
2414886
2273591
2396754
2231345
2341646
2222048
2409187
2359886
2421030
2286215
2403207
2121162
2349563
2339429
2377461
2389325
2430481
2339399
2394995
2203843
2397991
2152782
2283175
2334171
2351805
2353464
2305740
2232874
2297317
2248853
2307260
2226269
2312893
2466574
2365875
2224004
2396522
2283654
2272476
2276960
2431352
2333330
2395364
2273420
2408402
2285567
2407872
2198222
2294411
2351105
2386164
2233353
2396288
2210459
2315141
2279258
2373895
2442341
2416773
2208253
2385756
2274133
2412017
2284690
2427125
2369450
2385335
2218394
2365973
2167721
2288979
2512732
2299182
2278219
2347719
2228994
2266620
2218885
2298677
2214686
2379894
2345710
2364320
2349215
2344566
2234174
2354058
2303140
2373880
2353331
2383477
2046543
2309234
2190843
2160210
2380647
2367634
2237228
2351512
2271967
2398636
2154963
2255827
2199179
2372430
2229180
2273070
2273669
2305638
2278530
2360136
2205428
2289407
2226161
2303922
2215045
2343678
2216465
2207265
2186324
2228433
4257441
2290723
1184800
1989272
1750784
1974162
1922185
2002688
2088007
2175760
2044065
2056693
2037858
1811135
1679424
2099664
1948632
2048921
1512153
2400721
2082799
2268290
2158273
2034947
2218835
3223504
5479206
3811580
1812832
2161865
2374636
2159145
