1017215
948192
1409323
808037
1330241
940638
1398572
1041837
49862374
799739
387006
1210875
834004
972793
1245779
1276182
809625
1198045
1383684
1362649
1131975
1384283
1163896
1282581
1327067
1399498
1226636
1457061
1394097
1397908
1117006
1424424
1417594
1360378
1230206
1199763
1158499
1417158
1335787
1389716
1234879
1434237
1272664
1486044
1174019
1418250
1329151
1456547
1218652
1455141
1288896
1475496
1352490
1343852
1509675
1516346
1291083
1474420
1385604
1463613
1455390
1496622
1176895
1454831
1132096
1493480
1261351
1568352
1195140
1324637
1379781
1569589
1125031
1540250
1203562
1231793
908752
962438
909111
1221127
910490
1222697
998150
1269821
1013428
1409294
1082294
1042619
984285
1054974
994790
1142986
1029658
1093759
904022
1150441
934149
1149499
973777
1152714
1025304
1073584
982770
1155034
1065863
1177181
906105
1155392
995520
1140568
1021400
1060128
1020449
1140959
921532
1147160
974779
1140692
1013454
897938
977245
1060747
984216
1150192
1023114
1179270
953817
1179395
822260
1118505
994990
1098972
1030938
1170244
1031813
1171575
936911
1171176
1005670
1161742
1051461
1105921
1048254
1188366
1005729
1065475
952973
1193606
1050380
1197972
1065496
1249641
881688
1302669
1146452
1370078
1005894
1369594
1082830
1384431
1063141
1283674
1158479
1391785
1086401
1228321
946489
1368042
1041334
1369405
988511
1284796
1041793
1309732
1045266
1302478
983952
1373201
2569564
2926033
1238714
1282359
1084886
1378502
1057682
1291627
1095944
1385538
1049366
1375716
1116849
1382122
1144325
1384551
1105466
1289725
1061541
1426909
1045289
1299612
1060559
1529580
1159772
1513565
1109315
1392323
1150083
1526929
1077815
1517069
1038079
1521717
1112261
1528510
1118121
1382913
1143974
1523280
1080530
1600740
1094137
1642208
1189901
1651281
1138125
1391619
1082471
1653548
1201515
1565164
1102712
1642442
1191249
1651192
1147014
1385588
1085996
1654267
1194807
1524136
1078375
1655734
1133111
1591460
1073260
1381365
1194096
1652799
1110386
1598496
1093419
1648932
1149230
1639602
1107488
1425553
1171610
1652558
1190909
1604203
1058704
1649450
1182997
1654279
1079485
1388419
1031848
1418096
1116490
1480424
966082
1635428
1033243
1648061
1136372
1388242
1195556
1642125
1142862
1530292
974349
1481535
1115325
1653472
1113229
1428898
1144565
1593194
1169100
1584932
1089850
1511486
1208347
1411094
1254721
1368392
1281377
1558791
1174147
1490700
