1519224
875346
1365892
577250
1460001
1053403
1629088
1172684
1472689
900013
1644182
895559
1484222
912712
1438616
1707642
1413272
1482185
1500603
1272193
1490790
1409729
1435906
1420448
1457322
1414709
1482923
1304247
1533095
1326967
1522947
1197537
1464868
1545741
1639496
1387103
1521289
1134092
1490094
1256162
1463216
1191089
1535370
1110488
1406829
1198468
1435660
1288897
1590161
1088480
1459651
1123546
1365996
1216737
1254865
1265872
1438718
1187310
1281732
1321677
1610609
1245059
1474362
1441766
1549128
1220122
1707513
1357700
1618852
1229669
1642386
1462999
1487226
1229156
1579993
1375143
1626639
1350410
1568759
1352920
1604593
1171606
1500824
1242527
1641512
1253831
1519837
1170749
1522318
1221632
1670357
1093174
1498570
1245610
1466728
1055365
1557951
1173452
1558087
1177666
1565685
1262319
1626132
5210091
3521330
1641849
1624106
1385406
1636258
1552748
1644598
1298564
1590337
1252162
1649679
1424079
1711483
1519328
1384189
1460602
1702823
1215105
1584758
1355769
1633286
1459525
1678519
1194670
1727144
1270089
1706119
1485016
1618607
1670157
1685380
1379041
1745970
1453832
1738720
1087217
1643382
1446702
1707557
1482014
1602532
1289230
1605411
1469308
1639253
1249118
1560689
1480602
1708822
1616453
1500027
1680623
1577823
1531726
1687941
1537417
1736359
1541401
1650902
1510558
1610072
1408933
1696679
1571348
1700023
1546292
1709706
1408874
1704297
1545767
1669339
1608356
1663472
1557856
1588326
1465548
1664189
1423719
1624101
1666185
1688974
1620977
1502758
1191346
1585087
1566211
1654857
1670660
1646632
1645450
1661903
1541305
1551356
1419833
1693147
1641742
1725839
1483091
1620464
1228791
1625174
1627064
1557635
1619992
1698659
1654284
1559407
1470500
1539188
1505347
1538911
1571488
1542623
1676705
1712874
1589990
1583556
1541748
1661998
1611335
1663445
1637399
1582129
1628878
1613907
1428181
1687107
1394678
1676552
1392367
1660633
1518702
1422577
1595409
1590080
1429169
1526561
1414798
1679208
1643481
1656633
1552273
1537850
1468534
1724473
1384016
1430225
1336005
1561996
1339928
1602861
1540479
1562535
1511583
1537551
1495035
1456291
1375835
1462049
1473889
1406150
1973138
773374
1293662
1100730
922209
1234766
1105061
1080582
719313
778063
1338873
1237382
1163286
1417578
1282028
1319698
1157034
1244452
1184326
1246458
1054747
1293293
1017987
1383801
1053898
1463212
986078
1446324
1212480
1247992
1105122
1241383
1108237
1453692
1203082
