1984574
580012
1110209
728311
1369067
766778
1392927
855643
1544237
824918
1423725
1422019
1562234
1620023
1631074
1333992
1615746
1202759
1646441
1647388
1694240
1629733
1737715
1295694
1734789
1335913
1651538
1299698
1720852
1430207
1448510
1397971
1527471
1737548
1667004
1310965
1637699
1197612
1694866
989589
1668863
1451910
1638515
1091597
1478502
1201187
1431003
1096155
1538000
1194365
1636923
1405928
1708630
1652047
1693371
1424025
1684613
1683327
1670247
1426028
1697714
1205469
1683924
1340402
1650734
1493044
1624320
1151145
1694098
1347917
1713999
1428212
1669087
1149356
1688150
1183103
1651913
1214914
1650787
1299353
1528527
1535487
1612941
1222982
1523888
1503929
1693354
1282555
1492866
1230757
1604942
1427470
1731779
1273680
1660969
1226264
1677183
1258197
1639791
1419382
1728470
1345587
1645506
1357878
1775318
1630106
1646577
1194563
1628577
1400377
1758268
1503349
1738473
1646103
1767518
1256582
1658697
1298687
1713099
1371028
1495270
1397383
1621812
1312125
1604334
1333959
1574866
1188362
1561310
1257154
1477118
1499181
1699184
1319447
1703141
1165376
1296914
1346586
1461482
1067751
1612971
1067868
1679187
1189059
1582146
1101954
1239804
1098014
3750056
2135780
1486406
1249964
1718981
1494182
1620062
1435249
1623302
1304117
1510131
1549573
1552162
1528836
1587044
2208815
4466966
2278171
824378
1459707
1534079
1109539
1445308
1594869
1672164
1474809
1587997
1527418
1677054
1559956
1641878
1457590
1465006
1467058
1650218
1250475
1591981
1262964
1476564
1182982
1531673
900824
893953
753634
1076980
1264658
1362704
1220812
1443532
1183915
1691016
1160972
1667001
1552448
1642697
1158271
1627936
1479290
1715294
1550395
1668224
1590764
1710323
1526840
1340033
1348628
1415206
1105506
1079804
716929
1466281
750622
1508860
1125548
1394532
1206922
1580801
1296301
1622091
1329803
1596690
1283022
1537148
1167884
1691118
869074
1694086
1413820
1568467
1532136
1551273
1446346
1347995
1131588
1710347
1250710
1641805
1302832
1502491
934075
1493410
1058648
1219063
906587
1277787
1058573
1228302
1002410
1133135
1025324
1316827
1326502
1409032
1528031
1556872
1427718
1523721
1500711
1634872
1422356
1372999
1369463
1588022
1584447
1497511
1184144
1604081
1576042
1661028
1534353
1425498
1303509
1363752
1214581
1663271
1289207
1551610
1388158
1498640
1234683
1435617
1283138
1334364
1069323
1576498
1247724
1670630
1184225
1632417
1247914
1306285
1232173
