1342758
1361869
1330531
1271505
1066687
1294490
3646062
1821235
976689
1280519
1272824
1489915
1553810
1433018
1254334
1585189
1565662
1484049
1425356
1514545
1593659
1592921
1373628
1458041
1306852
1607927
1533309
1651394
1420275
1587407
1662668
1726204
1223582
1467746
1348700
1475163
1550289
1524985
1523267
1538283
1462832
1597174
1406728
1404771
1420022
1405943
1365367
1362167
1504557
1299134
1581422
1512120
1453592
1450022
1432816
1588049
901568
1712376
1576918
1714814
1579551
1551501
1497709
1500656
1100839
1757496
1287592
1287153
1254085
1320901
1324905
1397645
1210528
998050
1234039
1386718
1260287
1271266
1117199
1456197
1096153
1587156
1004429
1374515
864332
1407679
1271266
1629820
1294987
1476752
852116
1402319
1346161
1461654
1501921
1424478
963377
1093067
1248311
1298740
1494060
1169581
1021026
1510307
1305632
1355751
1363757
1330823
751628
1481262
1097254
1504407
1222824
1519020
1052924
1333744
1405232
1402406
1401918
1313957
1349996
1377630
1402859
1265003
1212040
1539305
1225402
1352070
1371551
1260897
1362308
1127995
1293891
1131794
1319011
1345375
1391228
1336438
1601469
1198151
1135669
1559998
1365422
1139730
1594943
1256558
1313224
1373766
1331030
973446
1349924
1102030
1152546
1340962
1361118
1285938
1614297
3637654
2561878
711925
1249682
1148848
1016482
1408719
1172384
895280
884680
1227590
1144950
1271523
1055408
1115718
1204922
1223782
1500306
1486880
1453068
1486356
1454049
1555927
1621890
1521658
1519633
1669520
1490515
1586117
1564986
1602021
1562557
1528183
1734691
1712143
1682495
1784856
1653377
1731795
1639039
1658840
1668240
1670413
1757138
1789615
1835834
1728608
1778415
1762285
1697949
1573614
1749587
1678681
1646949
1602106
1776479
1542719
1708254
1647575
1722080
1461811
1571507
1549245
1700424
1479182
1392070
1404909
1291165
1465398
1302177
1460114
1406550
1608253
1378381
1604386
1361943
1507899
1413031
1543639
1285301
1490688
1305695
1580444
1428916
1254081
1598058
1344039
1619714
1364267
1629915
1565286
1300511
1532626
1159914
1547258
1169758
1527938
1395428
1457974
4068445
3342131
1784974
1214216
1732690
1562864
1447712
1835333
1669074
1626347
1587589
1777419
1481559
1614619
1581460
1627343
1631617
1829496
1461321
1639134
1587463
1765644
1692181
1689195
1635017
1678547
1602923
1669134
1583677
1595460
1601530
1687075
1377244
1582212
1201964
1674746
1666804
1637089
1609486
1691815
1631005
1697324
1298818
1737004
