1254961
1181599
1177916
1463887
1222389
1457999
1050724
1421784
947871
1239555
1099432
1682660
1083261
1448534
1136641
1578051
1294641
1468046
1132745
1521375
1063220
1624387
1495793
1494758
1624737
1467042
1565351
1737829
1537562
1627851
1324541
1743856
1681597
1599377
1570311
1601460
1585301
1662213
1280161
1437439
1441687
1541911
1480200
1408823
1451056
1569232
1425692
1613824
1526782
1631126
1667597
1723186
1560719
1599133
1409168
1572089
1644741
1547020
1428217
1679370
1397301
1642987
1298156
1443633
1497196
1677432
1562666
1657358
1246354
1652439
1482987
1599686
1554192
1640558
1531144
1675553
1365957
1613052
1536467
1615836
1440263
1539536
1311106
1524677
1399769
1607159
1287710
1477515
1159767
1282564
1317819
1267380
1448997
1677327
1405393
1506819
1377895
2861999
4064647
2379290
965680
1611607
1491406
1524707
1480328
1470703
1400063
1640695
1432468
1566791
1447554
1530829
1520921
1662276
1463114
1520035
1430480
1671973
1427532
1586288
1517356
1645369
1504030
1625771
1437110
1560945
1310700
1669423
1484178
1456834
1496024
1432732
1536605
1579429
1281998
1647851
1453603
1474927
1098361
1603051
1535720
1712055
1452523
1532714
1529162
1604401
1547689
1378132
1086222
1379975
1458138
1710372
1508347
1563920
1466352
1648570
1334191
1043579
1225873
1277268
1424414
1428027
1226507
1463051
1330853
1495950
1046656
1511220
1265325
1548319
1260363
1519318
1443795
1290480
1465100
1420471
1535249
1396070
1451609
1574901
1192601
1566879
1476143
1604126
1491219
1654617
1317797
1524499
1426078
981881
1317753
1024588
1006575
1127756
1029417
1123057
1087857
1185735
1078177
1274312
1124721
1233920
1027172
1080168
1010459
1053776
1075599
1125808
1096998
1244080
1117895
1227543
1159060
1338896
1139238
1382290
1337551
1422547
1152412
1450835
1216926
1253338
1086129
1497808
1244238
1514221
1184776
1459166
1284249
1432465
1314591
1280911
1345253
1391107
1314133
1361873
1266669
1354959
1221961
1436632
1165053
1300679
1317280
1256828
1400354
1303422
1207968
1181385
1087971
1421378
1377027
1183337
1224223
1506091
1340923
1415129
1348501
1038682
1262434
1414958
1079646
1165257
1103653
1196591
1180498
1574837
1262072
1666412
1349879
1495729
1305742
1515954
1311970
1329361
1365317
1536450
1230608
1612884
1326554
1379297
1369561
1366373
1207713
1570185
1323372
1499469
1332073
1583745
1178380
1547505
1333293
1266712
1342153
1616868
1412803
1702303
1471408
1411090
1441147
1389668
