1368493
1441434
1194499
1345397
1375123
1653663
1064627
1564872
925056
1629324
1144153
1571222
1146132
1652826
1353518
1416400
1180722
1509101
1315976
1623730
1444263
1458294
1018238
1702860
1018444
1547835
1267660
1405803
1222006
1751317
1154064
1581299
916010
1775808
1408537
1581816
1068052
1501874
1095153
1742538
1414974
1460250
1016278
1593776
1183549
1324901
899627
1544246
1279485
1302127
1218682
1475120
1162563
1538395
1239473
1537554
1388289
1379903
1228393
1600256
1361613
1576495
1169288
1409218
1299499
1578106
1174108
1432694
1347320
1569760
1186302
1552978
1207737
1443518
1215811
1601834
1323023
1392000
1525410
1496861
975593
1542308
912856
1510510
1397204
1581814
1415009
1513227
886306
1408890
1125211
1432757
1120517
1531812
1001464
1376271
1082793
1419111
1904458
4016392
2325563
1112062
1486118
1574027
1227027
1360011
1318209
1343771
992177
1559888
863226
1577740
1020763
1515634
1414129
1451280
1114024
1422529
814343
1407649
1186680
1345886
1403648
1518585
1368499
1525240
1304599
1521734
1225602
1525697
1269109
1505250
1524935
1391565
1277109
1500665
1340228
1388059
1171818
1480157
1257890
1496848
1213398
1473149
1276259
1462459
1350593
1364267
1128182
1425821
1249496
1533569
1244764
1474078
1460169
1538317
1309550
1506024
1089343
1465629
1306157
1527079
1231572
1481700
1206175
1543795
1211986
1431434
1388144
1524386
1353137
1440005
1224605
1467059
1240542
1518881
1533771
1489824
1285103
1521779
1261884
1454298
1131347
1258634
1251669
1522439
1392517
1523691
1085153
1527340
1374353
1346555
1243609
1501274
1201243
1482122
1313997
1371597
1101499
1401238
1412661
1284707
1040100
1484001
1366856
1268518
1146468
1423997
1335154
1454534
1260770
1461779
1362143
1464104
1279213
1428596
1385832
1340940
1503369
1460255
1422378
1430572
986520
1493855
987756
1673413
1186699
1321253
1318297
1290352
1061726
1475094
1059159
1454354
1117907
1294407
1142245
1254055
1019767
1316583
1258513
1587632
863250
1413589
1388327
1458584
1011998
1395998
1241783
1380228
1165855
1470240
987541
1511850
1092361
1434054
948234
1400503
1289325
1381714
1129925
1442348
1137640
1318785
989290
1418234
973528
1324856
1267574
1275593
1152512
1489572
1001895
1645205
902501
1431705
1403954
1251912
1093089
1536833
1111581
1377893
1019665
1517561
1039200
1271578
1071106
1188020
1071196
1538084
1027860
1370430
1006934
1578606
1276815
1502357
1460046
1264682
1209198
1368630
