2070201
989798
1131663
1169072
1324723
1457025
1566141
1646649
1639306
1553278
1488045
1545794
1278743
1583054
1585723
1519842
1581632
1529622
1630500
1448012
1555710
1689843
1460930
1709944
1622088
1664315
1477568
1640648
1416499
1699698
1490186
1679674
1628458
1616719
1484095
1630926
1517527
1722517
1429578
1686117
1476056
1701658
1555652
1520181
1654321
1713073
1470261
1715636
1678063
1667073
1535892
1629234
1595430
1692643
1511498
1642692
1547316
1656464
1529371
1606602
1680103
1640846
1149514
1585507
1633970
1602356
1507272
1621618
1550981
1713203
1615786
1501448
1691593
1452924
1518604
1636012
1503987
1640046
1502328
1645222
1637317
1687410
1609448
1716597
1531497
1626730
1553941
1712491
1615932
1564892
1626956
1594371
1473179
1654052
1559127
1472557
1628294
1504077
1697264
1582461
1504731
1749622
1709747
1696453
1647104
1690883
1566952
1751133
1582272
1748799
1696071
1628650
1414398
1671208
1771588
1694596
1682983
1700023
1575075
1742519
1550888
1748513
1580741
1563659
1682130
1554863
1691078
1662516
1722773
1606812
1780650
1694209
1635932
1741799
1542562
1685746
1634519
1688458
1539361
1637650
1628122
1724153
1621141
1629520
1637948
1664225
1707823
1693728
1699640
1576335
1733462
1660631
1642186
1728603
1582890
1554919
1765395
1629088
1592073
1545852
1691579
1649273
1540881
1525088
1636619
1494926
1552058
1543808
1517867
1630609
1729985
1643476
1587811
1418267
1541501
1551713
1741253
1661315
1739997
1587262
1715689
1706563
1726027
1704555
1621588
1657666
1728673
1690038
1545122
1585686
1717924
1630073
1596045
1683422
1437937
1575615
1465338
1560556
1514077
1631264
1551577
1618062
1632176
1622704
1499649
1673221
1758314
1644186
1696497
1586221
1641587
1501465
1698625
1555726
1690962
2127754
2248314
1778423
1778347
1682661
1747611
1588636
1732241
1570189
1569836
1645394
1638782
1595552
1751298
1601878
1660487
1572558
1630312
1594112
1635352
1564139
1642448
1534781
1557438
1532089
1498522
1488134
1655157
1535430
1641146
1537998
1688412
1524434
1643223
1539192
1643117
1530150
1687068
1530435
1711469
1527175
1480417
1545399
1484598
1572152
1684452
1533296
1597579
1543654
1525856
1482586
1642912
1527654
1701728
1517006
1602115
1516723
1555645
1501681
1648335
1575057
4360380
1100099
1536624
1526413
1508134
1530868
1510571
1648719
1532461
1522997
1506242
1475860
1557647
1497219
1450825
1424230
1472190
1379387
1459655
1393424
1463156
1435397
1511136
1435118
