7186707
5184186
3203700
1238015
1856589
2177023
2100932
2269002
1937656
2256433
1992142
2229959
1924018
2222694
1982405
2262875
2037356
2380526
2184700
2415640
1936370
2018612
2109107
2245439
2068326
2268501
2184343
2450089
1958367
2430208
1890675
2379667
2042887
2454617
1867129
2076879
1951806
2432068
2091059
2455032
1817202
2227014
1789159
2376248
2252611
2297400
2470998
2443297
2207708
2480424
2147964
2281580
3564359
4990018
3483715
1730118
2281743
2333676
2455727
2447141
2213924
2170739
1943421
2220644
2134597
2290394
2186197
2191529
2127876
2148319
2008655
2203234
2064822
2461899
2117699
2229198
2234289
2321425
2185154
2350976
1941830
2177407
1951046
2209770
1955279
2198661
1913667
2281775
1804758
2159137
1919226
1987511
2154853
2246459
2463605
1632037
1475606
2061001
1975247
1960281
1804491
2028527
2059721
2099821
2138446
2161235
1958589
2117833
1888845
2008143
1887432
1764707
1760512
1948322
1909513
2130092
1825703
2034538
1961804
2307895
2000363
2148464
2230287
2319656
2066831
2278641
2048521
2399653
2040537
2310586
2190800
2236594
2103629
2386756
2031604
2423894
2055754
2301690
1971046
2339351
2230369
2378063
2242058
2417178
2127271
2379499
2076411
2284405
2117173
2408627
2200327
2297171
2391297
2429370
2162292
2357182
2091627
2364143
2292555
2335507
2186538
2165278
2320081
2299450
2150866
2311228
2198242
2433532
2368250
2346311
2198418
2341037
2291421
2408715
2184757
2321698
2159963
2442371
2038511
2335751
2113292
2154597
2330636
2324255
2230983
2329231
2184481
2309005
2006831
2363520
2221838
2353614
2230264
2418072
2227843
2347608
2137755
2448152
2192268
2482062
2191233
2511109
2235941
2399902
2139791
2428427
2092707
2441408
2159050
2501639
2263775
2392472
2168254
2377771
2210194
2379426
2095696
2336246
2091753
2386151
2214994
2389721
2266966
2320858
2102404
2292827
1709283
2374861
2153844
2420057
2307425
2276037
2039962
2421381
2365087
2324785
2312056
2366746
2137533
2412534
1814237
2395307
2330441
2333349
1855153
2445111
2084927
2394041
1955026
2354141
1755818
2438415
2387757
2363746
2316903
2355466
2298729
2349359
1818988
2421827
2170013
2436785
2377711
2357733
2330903
2336419
2097796
2276405
1726067
2185444
2246608
1895110
2133665
2319556
2249883
2299285
2129957
2270069
1823078
2324269
2043101
2284906
2066085
2323156
2271934
2271274
2058001
2276622
2318545
2383097
2221344
2165633
2239412
2443668
2307285
2417512
2086050
2375746
2363998
2364408
