877481
846830
641524
1221905
600219
1124985
782882
1464549
944552
1379440
824890
1402760
947535
1487734
969840
1470375
988005
1431547
947859
1351266
900219
1315701
1264895
1522402
1159717
1464443
1164291
1572574
1168647
1548085
1018196
1552392
1561646
1298999
1213948
1420678
1205837
1489054
1072302
1666122
1200010
1627879
1137153
1673521
1208175
1294434
1100646
1638993
1134351
1545584
2666037
3849419
2031858
927747
909026
1504923
1473740
1527618
1292866
1560156
1309117
1628381
1276642
1698409
1475476
1733036
1423834
1669230
1293486
1489618
1164744
1870250
1462891
1647943
1437980
1653441
1156709
1688533
1289059
1641592
1477593
1723493
1286556
1577883
1123561
1594442
1072522
1588140
1157185
1693165
1544304
1743071
1193177
1539171
1254230
1216827
1213540
1668881
1278388
1852283
1471802
1775392
1250051
1618205
1625613
1638682
1151547
1671372
1575028
1754657
1311036
1659903
1559679
1786947
1684162
1805386
1518515
1693878
1244070
1225014
1331597
1757492
1690216
1900348
1698914
1836950
1375599
1712574
1831008
1692540
1383064
1913745
1581305
1811214
1396648
1713967
1693018
1875887
1810408
1823206
1273140
1796406
1396691
1680462
1666740
1827867
1382203
1792260
1338602
1825625
1406073
1745253
1671238
1818812
1399323
1850333
1421545
1761112
1416465
1855252
1760084
1887539
1376682
1756837
1402034
1805266
1491315
1839066
1806627
1890875
1189610
1808579
1756516
1843236
1689697
1931349
1746498
1688648
1175820
1771827
1551799
1958086
1317912
1801607
1716376
1450734
1318920
1616941
1816079
1836242
1414269
1702323
1336033
1644030
1361951
1733799
1802620
1822072
1512130
1883682
1754524
1820887
1633251
1814861
1620764
1869690
1609073
1889237
1700789
1750130
1540945
1891536
1806026
1897736
1624407
1828703
1775723
1820637
1673861
1817517
1767807
1928025
1464436
1815593
1433793
1682371
1735843
1843512
1724707
1786426
1449903
1815933
1821320
1818642
1470566
1863780
1668946
1885005
1735366
1834837
1862024
1768343
1078171
1786777
1651888
1753092
1274522
1692912
1615449
1630044
1214051
1685968
1252355
1654934
1293255
1622215
1301606
1580133
1723477
1715483
1349654
1735398
1269077
1776756
1276350
1751611
1646322
1710967
1253483
1720669
1146053
1589128
1237471
1678997
1405594
1716938
1289795
1620478
1305086
1609384
1071016
1344660
1267520
1697243
1275786
1688461
1008389
1704610
1182283
1664835
1075481
1439674
1333130
1478604
1077160
1414394
1237040
1718233
1258586
1352304
