4931063
2899273
2131525
2188157
2250630
2083646
2265505
1882659
2280372
1841260
2295974
1850371
2441136
2512633
2498797
2306959
2515461
2435626
2406815
2468563
2413006
2468284
2489666
2471458
2408342
2024131
2404961
2086735
2388664
1739276
2432331
2511743
2555104
2397203
2477833
2377071
2458068
2238650
2422366
1957858
2406734
2113032
2414047
2103486
2415429
2275635
2514020
2449947
2374655
2497016
2420262
2445982
2418998
2383140
2465176
2204187
2362185
2017539
2411244
2457289
2350800
2474098
2442206
2453566
2474087
2401170
2288896
2158555
2469782
2380061
2459846
2470083
2563914
2408459
2313484
2534988
2476746
2438396
2446591
2489685
2549608
2422070
2419326
2389830
2427690
2302004
2365143
2361856
2350719
1897409
2401372
2423606
2409735
2311684
2428022
2372562
2309551
1765583
2333290
2125998
2365068
2405566
2468801
2353375
2526126
2505107
2419876
2147597
2515391
2360751
2512488
2316808
2403551
2536158
2462101
2312285
2415893
2352180
2389675
2396598
2564608
2615443
2502868
2446196
2351665
1941934
2255588
2318480
5919262
5022788
4396961
2404292
2472203
2378411
2339724
2417988
2441142
2106247
2311875
2123045
2382409
2312733
2480848
2186978
2425283
2144872
2464333
2136838
2467498
2111181
2524973
2225723
2294487
2215570
2348415
2310170
2319936
2228341
2279325
2260004
2448192
2191872
2511376
2047326
2564472
2243488
2344519
2283813
2349035
1874597
2349377
1926349
2408189
1999497
2298534
2056165
2369461
2069321
2480236
2288441
2504232
2238349
2459355
2299179
2551574
2323647
2277791
1888337
2099527
1632171
1626578
2077447
2227717
2152874
2191694
1860563
2278324
1890281
2104502
2214476
2093551
2269779
2296421
1660061
2278626
1637440
2284087
2034571
2339238
2016773
2306120
1947315
2323111
1970555
2019366
1443021
1757405
1436485
2230957
1704841
2075784
1886642
2193646
1899810
1979692
1927543
2194487
1400259
2212856
2029376
2126256
1646239
2185392
1521856
1820507
1320802
2000284
2149306
2083035
1984291
1894832
1542762
2177856
1958249
2214847
1569540
2128347
2067380
2159471
1944264
2173508
1211988
2241859
1916061
2179392
2210272
2273520
2218670
2259954
2135255
2212922
2191189
2322696
2083790
2370255
1953487
2293151
2282588
2303854
2041763
2123625
1801810
2315605
2289953
2409509
2308412
2223497
2276724
2319965
1753709
2320371
1724011
2259944
2335481
2197709
2148695
2124118
1997442
2098095
1844404
2220272
1939081
2275126
1695749
2406889
2081851
2316958
2244272
2431462
2243323
