2132352
1317108
1635265
1705537
1583160
1527493
1615294
1503146
1280981
1075524
1702119
1768069
1668668
1738702
1738463
1653051
1717089
1796224
1617506
1761954
1763282
1825460
1716814
1785930
1723629
1733762
1602742
1805790
1728230
1715128
1634359
1766544
1789890
1783891
1603763
1782084
1775030
1645805
1664802
1628022
1646744
1711170
1862575
1736311
1670556
1807098
1761157
1830434
1705819
1723183
1687875
1791341
1698145
1758506
1688938
1748128
1725983
1724424
1617013
1439371
1745734
1767550
1745351
1869836
1802360
1845980
1734939
1810494
1708336
1895938
1890023
1785506
1592683
1852012
1689950
1834370
1733925
1818850
1697363
1815760
1727610
1818779
1676109
1821363
1646080
1767571
1514169
1688800
1582821
1717808
1637948
1729865
1563493
1624076
1635861
1817256
1736160
1897794
1708904
1813333
1821097
1800515
1739319
1833590
1693676
1690545
1701482
1742762
1211029
1547931
1650663
1690275
1707633
1542827
1684761
4534784
4452401
2777775
1281364
1645278
1655669
1700435
1660969
1471232
1723136
1728668
1578958
1682544
1549451
1652979
1604532
1649434
1609489
1340733
1637678
1679073
1689533
1762747
1621168
1754905
1563837
1681067
1570322
1646986
1674302
1645897
1698349
1770508
1598436
1702793
1660430
1544552
1765944
1596704
1615072
1699440
1600351
1712035
1258518
1643757
1710144
1717763
1751180
1756009
1734030
1733350
1455701
1754490
1679659
1764839
1680527
1761618
1691488
1714639
1711557
1750335
1689918
1757703
1626659
1722536
1684140
1769760
1534246
1333534
1712004
1373650
1716779
1472862
1698767
1728054
1668752
1721452
1555856
1739285
1524192
1327209
1674726
1632022
1551818
1409070
1666070
1728044
1552886
1659718
1591727
1548628
1683821
1768166
1521911
1653396
1592228
1724974
1604324
1764104
1484882
1417000
1659569
1726904
1574039
1732466
1632272
1740064
1535883
1769234
1492755
1714645
1570879
1720111
1571346
1413515
1683536
1742764
1572741
1773936
1562750
1588161
1727663
1771470
1602821
1728313
1671360
1719566
1558682
1723863
1564977
1404155
1705633
1776674
1524731
1768417
1538436
1764087
1612527
1733024
1456467
1385510
1674681
1725749
1560016
1771610
1605805
1691403
1582737
1334041
1594809
1445617
1639261
1554394
1694880
1495868
1718371
1384153
1605895
1415540
1666169
1696063
1611818
1328602
1622871
1234599
1671575
1365209
1647330
1710444
1538011
1299191
1671862
1325275
1675144
1378887
1673025
1389303
1666788
1189315
1578658
1348559
1671078
1377414
1509021
1284770
