3574938
2926155
2660892
2783489
2870704
2767806
2727003
2731006
2888763
2608877
2674393
2913417
2887861
2299370
2587892
2316164
2429354
2463904
2577767
2748189
2698373
2497696
2656647
2752220
2721478
2541390
2751986
2732604
2631531
2640942
2727163
2783239
2786976
2745662
2774054
2797918
2750487
2733883
2853669
2645273
2595566
2789019
2849120
2881127
2738856
2803070
2730209
2776030
2806254
2841344
2839910
2817494
2833680
2797744
2816070
2773526
2790065
2889780
2675212
2772369
2555160
2738004
2589417
2758416
2811873
2858034
2840139
2665282
2877460
2711518
2831400
2667422
2689123
3048963
2695022
2669162
2807920
2667512
2789250
2746842
2817870
2745529
2555169
2768436
2751987
2735147
2706548
2715597
2745299
2540626
2653612
2672032
2852648
2703430
2769942
2736332
2729157
2738809
2766385
2686576
2529501
2615712
2119243
2618063
2742522
2587165
2624177
2632932
2122141
2590226
2528804
2689885
2706763
2696376
2726657
2662861
2653682
2708895
2771745
2719977
2686768
2678364
2628536
2667818
2655426
2577231
2732369
2662863
2620820
2733162
2732078
2620535
2681283
2736227
2704026
2743689
2777743
2682865
2933687
2722919
2581862
2682083
2704181
2618377
2767299
2724592
2706296
2733295
2567124
2643376
2702142
2763073
2653154
2758323
2778219
2633811
2347009
2614832
3066207
2767199
2681418
2703062
2839740
2744209
2741669
2647865
2714934
2603947
2738342
2740233
2741043
2740026
2714668
2716907
2754579
2571117
2739487
2771618
2715415
2641390
2709623
2563324
2604078
2742529
2717990
2636507
2651928
2700256
2657955
2711806
2697578
2640039
2715723
2691273
2638158
2732043
2717968
2630960
2747109
2599537
2789757
2708188
2682091
2700069
2673288
2645212
2777713
2600770
2377369
2862790
2948291
2525156
2865195
2443899
2187426
2499745
2472854
2314272
2775668
2526782
2468462
2642302
2493003
2562975
2461809
2616881
2656225
2390779
2500802
2622056
2657407
2449880
2532853
2582654
2466409
2556463
2550163
2453803
2694485
2485396
2399549
2470226
2457229
2488656
2578761
2379675
2517186
2558254
2697664
2505540
2694072
2938728
2649651
2527773
2516456
2550163
2661071
2533476
2581237
2516456
2588408
2543949
2617341
2500566
2567280
2590891
2648155
2617075
2569181
2610778
2523230
2632070
2369972
2676668
2648957
2672699
2657776
2657477
2661302
2720655
2571632
2625911
2625872
2648901
2687172
2632815
2680516
2638303
2670248
2652848
2726998
5393481
2554095
2642624
2689355
2583362
2708548
2597771
2645141
2592947
