4406734
2608946
2631353
2788150
4377102
2409678
2778914
2926433
2616560
2809545
2872175
2557512
2772764
2625004
2752519
2762151
2737093
2693048
2450491
4496976
2715761
2607521
2566965
2383051
2493681
2678366
2644096
2440784
2600966
2414005
2503200
2778066
1978078
2455999
4802821
3322700
2630748
2713726
2848301
2845421
2699096
2804431
2721148
2587830
2790299
2657278
2790318
2731081
2750889
4719162
2824243
2803481
2717193
2704390
2736754
2824590
2682747
2770517
2828382
2829101
2558480
2683498
2758928
2534368
5138691
2866242
2760429
2768715
2824558
2848008
2758852
2723295
2792971
2798262
2823885
2807204
2857178
2808517
2798841
4713400
2846480
2885512
2773705
2354716
2437297
2667593
2765248
2542206
2453902
2567491
2604745
2472649
2692091
2641864
4701584
2809614
2736173
2685845
2650128
2801110
2847725
2784443
2727864
2804164
2802739
2768449
2687536
2690486
2723247
4395061
3042189
2811521
2843121
2763631
2791791
2832347
2782111
2805006
2840785
2741598
2809341
2927016
2665895
2583175
4775117
2646135
2778779
2808576
2825122
2852610
2856441
2736841
2790724
2810454
2837718
2778396
2778503
2718548
2678307
4958440
2667572
2826394
2772445
2719291
2775845
2889822
2784200
2757858
2827376
2717679
2768826
2838535
2782453
2812840
4692415
2745542
2850787
2781753
2750923
2735552
2817369
2795848
2764918
2697798
2704018
2642096
2866155
2756580
2824752
4619224
2829755
2724818
2781387
2771358
2810259
2764233
2837219
2703766
2741636
2789930
2609655
2739017
2702003
2591982
4604113
2813035
2708059
2980103
2730672
2573342
2456885
2867463
2738008
2537374
2790918
2679111
2496098
2711696
2866449
4615458
2837620
2769364
2816619
2739459
2616000
2747328
2807785
2642816
2724449
2608432
2831230
2746600
2770959
2543204
4360764
2769519
2797943
2864366
2838140
2833454
2668661
2843902
2719995
2759898
3046209
2655110
2547295
2761909
2738278
4669710
2861582
2814259
2517923
2734449
2609534
2702201
2865861
2602037
2716862
2712633
2682397
2685422
2715347
2578198
4268617
2769783
2780300
2387091
2777951
2823738
2812470
2795593
2846836
2740988
2730005
2857084
2774239
2729255
2761150
4271435
2519763
2742093
2808051
2716822
2758545
2767623
2900526
2759135
2761462
2817350
2743464
2843670
2637630
2656047
4832019
2602799
2729931
2760923
2680459
2611299
2911936
2702538
2639523
2815437
2687339
2684314
2512123
2737633
2794194
4338886
2574411
2779156
2760705
2709133
2740298
2750211
2733903
2784514
2782353
2750888
