2382311
1666490
1749255
1853448
1868865
1896306
1850997
1871395
1910229
1858024
1930080
1856242
1909949
1822997
1819088
1805918
1802275
1831524
1883315
1707636
1728609
1865962
1843711
1869376
1811132
1906069
1879106
1858228
1852129
1875132
1866807
1899509
1869663
1882187
1863539
1868869
1838936
1841178
1883833
1855193
1859365
1872938
1870612
1771641
1906454
1866502
1885725
1859322
1870076
1842867
1881752
1786566
1989640
1754234
1906972
1986853
2200986
1821301
1975606
1817271
1886232
2068964
1926605
1805523
1647649
1654750
2009081
1964057
1931936
1916160
1855790
1955079
1917685
1902257
1897353
1995020
1891225
1919526
1930245
1908220
1917676
1912659
1997411
1910223
1914226
1957350
1887657
1927962
1971166
1914639
1906293
1884395
1872876
1961875
1935786
1992070
1861065
1921249
1895537
1875289
1925155
1911547
1913069
1929509
1874866
1816064
1831061
2181770
1911413
1904764
1872663
1896102
1893423
1868397
2206537
1888717
1882406
1901577
1978059
1876113
1862418
1795055
1885167
1871273
1878113
1897233
1881172
1893283
1865266
1890139
1853323
1877147
1884909
1848643
1899616
1866819
1816332
1877223
1889067
1896597
1866802
1803946
1836648
2087621
1794081
1789360
1930743
1993754
2105699
2128806
1827157
1763168
1952327
1788202
1857481
1929887
1921538
1917752
1921203
1906397
1883043
1917229
1910953
1900140
1922149
1911023
1921603
1909163
1900524
1931593
1871793
1840878
1931064
1936509
1904673
1892293
1926359
1900127
1945148
1936835
1906703
1900250
1936273
1915706
1895077
1922796
1807282
1954773
1832907
1809896
1935225
1909988
1916197
1904790
1912247
1852045
1925098
1915985
1924609
1943827
1903857
1866257
2040286
1936142
1920260
1855553
1949414
1964243
1909240
1956341
1932637
1957431
1952678
1934098
1942619
1923994
1897093
1941348
1922909
1914494
2160776
1931043
1913629
1963744
1911893
1918784
1983784
1903492
1906847
1853113
1913923
1905853
1951080
1927852
1901491
1966511
1984448
1968791
2024205
1950719
1975497
1998261
1973075
1925108
1951904
1980794
1955001
1970604
1983311
1963650
1947870
2112628
1941943
2075816
1905342
1798787
1926329
1875832
1907044
1917514
1893713
1916984
1969124
1989108
2025795
1927554
1999244
1984211
1964215
2037868
1999258
1995744
1999440
1990354
2079331
2002264
1974217
1919489
2061191
1990447
1949967
1918126
1974445
1911243
1951714
1932929
1976681
1958451
1940443
1938244
1946258
1932382
1899335
1911291
1906195
1959929
1954747
1892809
1781525
1735104
