4596999
2732862
2672777
2787021
2756342
2813031
2753310
2573946
2649933
2589353
2652565
2577562
2585508
2610812
2551746
2648383
2577056
2682281
2539797
2648970
2626418
2640182
2640238
2626066
2524282
2466756
2679413
2793783
2715342
2457071
2679913
2601398
2716133
2572667
2606964
2619068
2645319
2585022
2644527
2734982
2643633
2662363
2722822
2537538
2685558
2494698
2445395
2664582
2685972
2557641
2699134
2653613
2702038
2642076
2730524
2505036
2762523
2647717
2739833
2606192
2641166
2633629
2764704
2691283
2638732
2697013
2738474
2688694
2717371
2568402
2648908
2692947
2568716
2640027
2662231
2641731
2406024
2558682
2446059
2497692
2640342
2220625
2294676
2560263
2538529
2565710
2738992
2553251
2693316
2668361
2650501
2664559
2676270
2634741
2697385
2699443
2653078
2687882
2697961
2557624
2443109
2723593
2678631
2618811
2762253
2664203
2655903
2720063
2757732
2677787
2764208
2636882
2815901
2790648
2815883
2608810
2772201
2672122
2753664
2744924
2654173
2737663
2794354
2598182
2746353
2677297
2696633
2734813
2845324
2630121
2761687
2701613
2719877
2734811
2819569
2644316
2750502
2715605
2548215
2675107
2727234
2631041
2749860
2708382
2739111
2731451
2793853
2706707
2676207
2682873
2750003
2825905
2718928
2559414
2554722
2587646
2545177
2623513
2705382
2536050
2519425
2616352
2691826
2603457
2654813
2476677
2660517
2653914
2852770
2697052
2756727
2665029
2668429
2622662
2475332
2429005
2448395
2541693
2380534
2398972
2111373
2572436
2295686
2354471
2739190
2504753
2712739
2592167
2557197
2785607
2664639
2408000
2594495
2656652
2655433
2567638
2592441
2647331
2632329
2633723
2653620
2582267
2652312
2563497
2623173
2428397
2611554
2670807
2671607
2533982
2621360
2597611
2780942
2687436
2593787
2644156
2692025
2621277
2540662
2679488
2744498
2322790
2802164
2688707
2754014
2687569
2704309
2771170
2597305
2428862
2681813
2723170
2634788
2643656
2752943
2260059
2600068
2702623
2786465
2939166
2707769
2686740
2877278
2307590
2653999
2668986
2703748
2656406
2729159
2701653
2758044
2574862
3289789
2714748
2739453
2706068
2814800
2728090
2712458
2660957
2843665
2618288
2722888
2799380
2859750
2703738
2794386
2707287
2871013
2661275
2515612
2528992
2618086
2627876
2747263
2789644
2701477
2740840
2702425
2780747
2788543
2648873
2747387
2692122
2832620
2733673
2791698
2698593
2475864
2684877
2804102
2647878
2780300
2787167
2736898
2580575
2858567
2533725
2798688
2613718
