3366337
1828744
1877985
2040836
2050412
1861516
2104579
1957906
1878887
2294620
2014016
1720647
2127831
1855498
2113345
1930950
2025899
1977730
1969105
2064915
2025714
2020574
2076767
2122680
2017232
2051541
2068510
2031894
1992072
1987471
1938381
1952021
1918595
2087996
2072545
2096494
2032123
2107624
2081709
2126539
2112304
1973392
1999868
2065554
2101983
2075239
2092568
2045867
2081264
2070960
2002017
2063087
2056886
2070454
2080784
2080993
2088984
2066455
2012453
2090684
2101758
1961514
2228802
2154306
2110278
2087123
2072782
2031939
2029182
2052299
2078214
2099190
2080645
2034013
2096514
2103258
1935677
2109758
2041624
1970558
1939999
1908650
1953266
1857069
1994281
2019579
1992186
1873983
2008878
1841669
1830162
1889466
2049034
2009360
1996426
1876519
1878747
1872269
1828159
1757192
2020566
1862500
2016003
1892635
1911784
1802087
1964062
1835213
2006630
1870622
1873066
1958937
1800646
1825515
1908740
1906395
1737699
1862071
1836081
2038150
1853447
1816716
1986152
1952051
1911917
1922101
1972686
1910730
1831487
1832829
1925350
1869650
1877306
1853905
1888904
1877250
1916854
1973289
1945726
1929260
1969676
1953041
1940904
1929886
1921882
2003441
1967852
1940638
1963304
1994437
1716696
1933411
2019842
1942365
1918087
1940879
2003532
2009168
1942329
1952609
2057664
1999447
1889401
1800621
1948520
1949574
1958807
1989001
1952476
1986387
2025027
1996170
2025475
1860839
1907620
1998537
1994730
1997320
2014032
1992371
1951323
1866518
1665545
2033953
1990582
1883934
1986134
1980291
1872034
1961269
2283161
1957166
2005448
1913024
1947502
2010342
1940474
1985414
1861316
1973151
1924607
1862427
2010032
1905354
1864394
2006719
1964662
1653489
1926651
1882120
1785621
1843888
2324709
2162980
1777104
1563828
2056314
1927005
2029221
1885599
2226011
1840820
1923436
1872659
1840345
1795883
1994382
1663669
1883528
1916349
1760327
1868421
1790238
1778302
1881410
1853543
1838497
1854536
1825299
1806611
1736955
1769690
1771081
1792327
1922214
1718186
1799870
1959617
1801853
1811233
1847463
1926562
1801619
1896116
1443017
1721691
1572385
2291160
3817799
3807915
1959925
1957142
1939210
1661445
1935591
1619858
1915380
1954617
1819369
1788208
1832044
1893977
1986889
1887869
2065689
1837609
1822898
1784997
1847432
1866527
1872574
2075823
2076963
1878883
1820114
1784564
2219146
1893599
1780893
1923940
1889219
1853027
1865599
1774667
1875750
2026712
1915919
1863780
1862769
1869389
