2912399
1865864
2028460
2219456
2193541
2178457
2134936
2154451
4808819
2179786
2220366
2286336
2086996
2219582
2215031
2242457
2294296
2145712
2256905
2221581
2236876
2312822
2263381
4187083
2209588
2263307
2205034
2279938
2062934
2275138
2216922
2221236
2257291
2241435
2252036
2177345
2246005
2307176
2891479
2250982
2231071
2233246
2272457
2221815
2168477
2237781
2180541
2293028
2235748
2218736
2179246
2500377
2264139
2723758
2321795
2322377
2233645
2137024
2223559
2206606
2168512
1719318
1763259
2120396
1907714
1990600
2089169
1932164
1839960
1973591
1845615
1933943
1926330
1893604
1951399
1995144
1851506
1929089
1995751
1785883
1894599
2166465
1917680
1947929
1917429
1893326
1818257
1951634
1880875
1939128
2002815
1962870
1954484
1967691
1914965
1887410
1973686
1828798
1985084
1940940
1931618
2027415
1927339
1915130
1946730
1967415
1800454
1932919
1863149
1804414
1791970
1889520
1901956
1838584
1950884
2248457
1844960
2142972
1891337
2003132
2125610
1912986
2011404
1969041
1908309
1950153
2032591
1855669
2216327
2010484
2032447
2015676
1997735
1848802
1964655
2023986
1919821
1952325
2016200
1936175
1930434
2038826
1914120
2483554
2022101
1960415
1848611
2006065
1884404
2042770
1929078
1936921
1878975
1998070
1916410
1924551
1909293
1899884
3063901
1999035
2012002
1903819
1997815
1879865
1937390
1972722
1906756
1982346
1985781
1914841
1919709
1991714
1993665
3055410
1940287
1999745
1901543
1971597
1843196
1869980
1979031
1898800
1917283
1976212
1882144
1903175
1962974
1888787
1972689
1974280
1977244
1912120
1951011
1912967
1905904
1977650
1861784
1943556
1969984
1868994
1976334
1795304
2016005
2071118
2017209
1888224
1900689
1973012
1895494
1987754
1960230
1857746
1899961
1963590
1888879
1958676
1970265
1886927
1751029
1938138
1858299
1955771
1903627
1882160
1914715
1980674
1889004
1928940
1965431
1871789
1888430
1926685
1874205
2566600
1992985
1881219
1850740
1968761
1858449
1916697
1935057
1847650
1909574
1970981
1817106
1934254
1963004
1919210
1874575
1913875
1930026
1948905
2053657
2046628
1755136
2071061
1758279
1855385
2095277
1896951
1717325
2002717
1699530
1809143
1891073
1867957
1812596
1848572
1866111
1911560
1858817
1858338
1792285
1888411
1891164
1892486
1895070
1922447
1823923
1871356
1917974
1863036
1888546
1926600
1815796
2132952
1923637
1805156
1903417
1893089
1725673
1913416
1948194
1833754
1895087
1873793
1782349
1848781
1850384
1854646
