2073810
1596753
1869215
1975926
1766048
1878740
2028041
1932650
1639657
1786932
1988000
1892208
2066398
1773904
1891445
1840828
1723381
1757865
1835007
1974080
1905459
2017722
1792274
1931547
1872122
1792918
1847049
1772798
1901509
1972880
2066447
1833923
2019771
1867978
1889234
1908636
1992141
1845803
1855345
1873623
1896318
1616780
1785873
1836345
1905035
1908816
1903959
2023761
1914990
1925860
1742992
1891378
1872293
1891733
1941746
1887654
1889985
1890340
1897663
1899626
1955760
1840142
1844179
1994100
1885716
1992677
1926855
1903135
2016085
1828572
1864229
1788798
1849980
1781298
1906613
1898570
1849912
1843714
1894307
1847284
1820882
1922389
1838753
1838464
1944569
1843143
1855899
1787908
1802739
1855798
1861739
1928115
1903893
1846004
1860139
1991097
1920089
1911373
1902879
1851329
1827654
1980418
1838995
1885039
1978107
1800534
1851648
1965824
1983467
1860275
1922089
1998805
1871905
1977270
1987156
1884273
1945912
1862446
1889395
1953314
1991060
1909705
1892220
1848753
1912710
1910637
1945595
1895749
1971649
1827208
1910626
1969011
1951989
1920842
1979878
1867855
1864950
1889219
1921736
1851419
1921058
1916836
1856334
1918270
1950954
1854069
1858056
1726723
1906010
1949438
1995741
1839577
1942500
1650764
1881885
1936280
2223707
2015251
1968651
1797328
1894358
1919266
1852049
1973929
1903690
1842862
1819093
1978771
1934588
1904706
1895695
1938687
1889973
1897949
1739928
1894549
1952390
1894803
1953288
1884746
1929074
1861855
1785099
1775985
1736893
1977924
1890569
1963900
1961094
1943119
2025710
2024669
1945994
2065151
2017787
2037482
1880009
2049315
1986497
1980446
2046545
1978835
1800068
1948991
1710599
1997107
1970380
1808015
1779644
1887912
1833198
1868205
1953210
1748124
1817958
1962977
1988927
1912495
1908114
1866067
1870769
1891940
1912090
1839812
1841399
1915995
1812658
1879048
1916199
1866818
1870877
1868446
1884294
1888573
1971694
1791193
1977344
1797682
1980736
1916599
1921010
1830132
1969324
1862698
1770113
1863496
1961429
1916089
1977495
1802548
1967919
1984920
2172153
1874319
1924980
2061625
1858983
1965719
1992794
1959004
1965686
1832958
1884639
2030998
1926894
1956251
2008487
1942266
1939207
1930809
2065419
1922034
1952820
2029975
1946220
2032984
2068076
1937880
1953567
1827592
2011428
1898257
1943589
1949501
1947183
2001734
1963117
2036648
2064168
1904301
2020589
1913065
2022495
2044550
1971511
1983409
2024370
1871173
2024965
2011824
