3039643
1816774
1750764
1979380
2060091
2038764
1958670
1841256
2065519
1984520
1987619
2048689
1975322
1942670
2052625
2059853
2005506
2000183
2018973
1854574
2037543
1979962
1966153
2045176
1979444
1631916
1994429
1939543
1966999
1966662
1977708
1991089
1953851
2037775
1977084
1988056
2027273
1969502
2039849
1960106
1920961
2032108
1750688
1857058
2052174
1903369
2010210
2022131
1886193
1949382
2016815
1977322
1980939
2015700
2056569
1967760
2022128
2000749
1908885
2039786
1930543
2004470
2020633
2031305
2040176
2023195
2017510
1857411
1982953
1986352
1887995
2020497
2032942
1985090
2021560
1997665
2110439
2027072
1972231
1937780
2012099
1953478
1870392
1908448
1961369
1866591
2026502
1885144
1965183
1921676
1978567
1973061
2021553
1966764
1972110
2013804
1965702
1921071
1947727
1900538
1906399
1830579
1691164
1939868
1948865
1848114
2024715
1991764
1940129
1857849
1943752
1959089
1903723
1955181
1895110
1960831
1969096
1921830
1983688
1949824
1841868
1918298
1955272
1942989
1924564
1945374
1890378
1908050
1969104
1885608
1916528
1950520
1882818
1911808
1960058
1896052
1910177
1944893
1936649
1904275
1946809
1884508
1885200
1913159
1828276
1865794
1813478
1941082
1903440
1954950
2170999
1961750
1951423
1894358
1912181
2018779
1828345
1895077
1977113
1849659
1758422
2128451
1770281
1884939
1875841
1869618
1910488
1854008
2002518
1992115
1906131
1698956
1978224
1801630
1813938
1888735
1941069
1858785
1962555
2007573
2020370
1976764
1887972
1969599
1955089
2016959
1933515
1967877
1956148
1864995
1665401
2034895
1985913
1972335
1987479
2006835
1926334
1917195
1995820
2004539
1991056
2037585
1943075
1931214
1986754
1986343
1963257
1985235
2005283
2007925
1994634
2028646
1953903
2031530
2014745
2003499
2038542
2183353
2019049
1988679
1984546
2015404
2032359
1948304
1891618
1903725
1933493
1910292
1961735
1705264
1999443
1976695
1920112
1950304
1987079
1952095
1934737
2001815
1968984
1942741
1830589
1956940
1940915
1952358
1949809
1939504
1844264
1958873
1878476
2013905
1952420
1943004
1950640
1895048
1923405
1894518
1978565
1826577
1749775
1792823
1954429
1529655
1487082
1858378
1888903
1849794
1822073
1790642
2281201
1952261
1817513
1884845
1758653
1783298
1769938
1729958
1850455
1787862
1983988
1834082
1749281
1823464
1826719
1791668
1833265
1802465
1818571
1808674
1789223
1802791
1810754
1787882
1764441
1816282
1849074
1810885
1807510
1871315
1808234
1908507
