3384914
1910492
1918202
1925452
1898990
1884819
1945882
2010933
1917082
1944200
2003217
1953991
1869563
1972972
1989943
2015282
2017428
1927941
1929559
2005265
1998136
2066367
2012402
1729852
1811733
1938977
1850955
1962790
1957049
1726906
1712722
1856629
1913805
1881336
1879325
1891771
1905006
1856714
1798214
1953890
1896311
1846326
1919785
2108802
1875912
1909294
2116564
1782599
1790609
1858213
1786150
1899707
1994168
1910361
1911125
1966569
1861351
1901635
1983392
1882415
1923295
1905451
1896539
1836681
1815475
1886249
1965125
1995752
1791923
1870308
1881126
1825844
1789393
1835814
1884219
1805764
1994966
1891621
1857439
1824229
1915665
1874159
1963412
1943765
1946922
1894483
1852267
1999538
1965190
1937182
1911561
1897729
1902689
1987666
1939040
1951412
1953439
1855174
1952842
1959902
1950665
1939897
1970985
1968387
1980318
1849318
1953056
2204109
1920015
1708871
1955849
1882359
1973530
1947782
1889395
1962346
1955085
1736163
2042085
1940016
1876410
1918099
1945716
1808198
2072771
1949031
1990821
1970031
1947101
1816759
1963770
1864211
1926535
1857044
2154764
1882646
1958605
2012372
2147353
2077340
2135654
1919899
1976010
1944719
1867737
1985862
1941452
1908565
1937442
1945396
1942312
1942225
1934665
1963567
1897715
1892595
1943307
1941780
1971392
1948780
1967356
1938255
1898665
1910246
1940042
1904885
1963065
1949829
1860698
1917551
1983680
1921170
1954357
1954096
1827331
1974630
1871395
1858296
1990731
1773285
1969699
1795218
1939341
1952725
1792959
1938175
1984082
1933651
1756963
1968056
1964815
1935095
1887440
2117394
1989922
1999969
1964847
1944460
1956935
1854283
1942075
1973829
1845407
1956630
1961907
1987763
1941159
1808367
1905114
1953927
1931487
1879945
1943047
1923602
1957476
1933080
1896385
1954799
1936190
1953790
1981346
1949856
1994067
1917599
1947849
1954632
1965686
1943982
1863931
2006928
2005873
1998512
1983996
1994172
2033986
1998937
2005996
1999517
2072772
1999996
1885021
1889721
2214964
1697402
1907641
2004993
1933781
1857586
1989137
2005177
2139144
1956876
1834730
2005676
2006492
2020093
2005602
1988136
2006000
1908269
2005756
2004913
2000388
1993636
2015652
2015336
1999756
2005147
2094631
2004122
2015086
2013013
1994191
2056447
1993247
1994072
2043687
2014176
1948400
1975311
1918955
1935885
2004257
2011166
1990556
1997852
2003547
1966801
2003153
1964116
1994206
1953900
2044986
1963332
2026317
2007967
1967082
1948942
2059819
1994347
