1418589
1562225
1902768
1896466
2085971
2168606
2240503
2153905
2146361
2151843
2159489
2307544
2633484
6380958
2117951
2227261
2158168
2240183
2212925
2159499
2155529
2182194
2254940
2310020
2250969
2172405
2298841
3208935
2260880
2172160
2184739
2277960
2287510
2146062
2271330
2313645
2293100
2230750
2316448
2289090
2141748
2304744
4152619
2253801
2229284
2133517
2223420
2305611
2070860
2171649
2246758
2104922
2230130
2269045
2284461
2139729
2280044
5876278
2225159
2138924
1925721
1564127
1977061
1648569
2038448
1921494
1952579
2090492
1985927
1741954
1988973
1887105
3276291
2015877
1999333
1883342
1952917
1920515
2015224
1939813
2030667
1920904
2030103
2036177
1984727
2027333
1943501
5427723
1977442
2037927
1990787
2016587
2027412
1916797
1835906
2051062
1887281
1984641
2075542
1899446
2009191
2070050
3635791
2033586
1924659
1992698
2026131
1932269
1943957
2024793
1949857
1978405
2008054
2014082
1899416
2009943
2041366
4784657
2036411
2051668
2000511
1982393
2040927
1854393
1958935
1977662
1943791
1935007
1964061
1889637
1941167
1947623
3731144
1958867
1907247
1715473
1881341
1915509
1878131
1907045
1940928
1875136
1893682
1902436
1847539
1923227
1889354
3580907
1842380
1891704
1972275
1884074
1911830
1884230
1844828
1879488
1914906
1880364
1978268
1913362
1938057
1846926
3951310
4103803
1914904
2129407
1754144
2140509
1602939
2098137
1750114
1857149
2138695
1895916
1945716
1934532
1909251
4275063
1939608
1956492
1973627
1888296
1885907
1708318
1950650
1918800
1992091
1882206
1922749
1913911
1948963
1941665
2668478
1947428
1876935
1905776
1894480
1916693
1923022
2287395
1965940
1930116
1847639
1933700
1863670
1880453
1898296
3010202
1936529
1937555
1906914
1911181
1898526
2090602
1965446
1896250
1942587
1879756
1926887
1857221
1895720
1917296
3999124
1721910
2131658
1959487
2000057
1909916
1982341
1976524
1918244
1986514
2180446
2030706
1895603
1974507
1939576
3292518
1995581
1946623
2016578
1951491
1915410
1994863
1855949
1973461
2020021
1941623
2037987
1943466
1907450
1980127
4070515
1801335
2090606
2006634
1847560
1945347
2013555
2029031
1947857
2014233
1745831
1917840
2009747
1988070
1903516
4058659
2111742
1923980
1930932
1968637
1955286
1978175
2057798
1939597
2000324
2192156
1936520
1646363
1772320
1950612
3489682
1865975
2048842
1977220
1944830
1912461
1891546
1962612
1910515
1911891
2036972
1923470
1934042
1949726
1652337
3688622
1912303
1919321
