4203593
3134012
2597716
2738232
2688120
2611527
2677437
2456768
2608696
2675794
2588586
2728959
2740374
2757445
2668234
2643619
2773062
2664151
2597822
2669484
2687285
2776496
2801232
2466730
2733371
2699787
2709335
2595036
2723538
2769747
2606133
2781518
2740978
2797892
2694283
2697361
2577156
2651031
2669820
2212768
2661203
2382291
2492215
2337910
2477643
2616951
2439651
2724595
2630827
2680067
2708876
2703605
2656837
2641696
2661714
2685200
2664650
2319951
2642120
2698438
2366566
2455060
2700047
2786393
2849129
2754262
2730463
2736331
2756924
2764292
2767991
2739984
2773082
2681627
2802238
2773705
2780484
2669646
2902638
2686561
2688845
2698037
2658601
2548032
2713635
2749858
2799968
2377247
2803942
2636986
2634492
2451081
2569276
2677224
2692853
2611576
2599127
2683593
2714025
2763138
2775708
2593446
2672569
2538583
2680981
2741818
2678794
2752855
2754621
2439684
2620584
2724939
2686307
2645267
2749592
2689107
2574702
2588096
2705428
2640130
2584194
2621454
2704312
2762915
2714678
2664341
2718624
2675694
2659346
2700581
2696293
2657545
2688641
2680585
2750798
2648741
2748431
2678917
2545145
2465586
3518577
2747729
2606029
2482075
1967606
2082529
2345897
2525419
2628697
2598569
2335942
2670827
2529165
2672543
2703122
2694850
2703662
2615637
2685221
2624529
2639878
2611206
2692822
2672890
2597130
2425113
2601626
2642545
2434784
2441202
2648560
2664474
2747161
2765006
2678900
2452332
2634294
2628480
2654416
2577694
2597320
2504635
2674160
2592610
2630928
2638067
2691545
2664003
2722237
2606639
2695580
2597204
2699327
2660907
2669186
2596059
2639467
2639016
2349277
2412082
2665624
2710336
2468365
2626860
2376580
2427962
2576940
2671377
2718521
2520188
2513582
2594147
2587519
2663255
2649599
2506403
2666051
2496335
2643776
2569579
2718598
2454745
2684425
2508443
2532749
2611281
2749072
2652004
2763493
2646184
2583705
2588564
2690806
2553601
2664095
2673621
2583783
2548762
2671548
2636426
2578325
2325036
2693730
2276472
2638664
2687408
2792296
2610082
2700897
2644047
2663918
2658413
2622259
2580072
2597634
2611900
2673047
2655904
2666787
2525196
2225410
2270396
2669060
2698032
2651767
2682249
2538715
2732339
2643877
2587330
2614814
2677627
2750061
2732538
2724897
2771065
2653680
2725248
2720830
2674407
2673834
2637013
2713132
2616830
2687367
2704996
2757978
2599620
2706190
2831546
2644938
2730787
2814361
2731331
2760034
2827090
2594079
2529343
2823918
2773682
