2447044
1957325
2016603
2064075
1971214
2050059
1924588
1885194
2005326
2035298
1853253
1993215
2021169
1995605
2002913
1990353
1961520
1951976
1988982
1995978
1949824
1970474
1923482
2021265
1986181
1867037
2004405
2037803
1939564
1999311
1937354
1833753
2014295
2026495
1953267
2007405
1974074
1929362
1994335
2029230
1904219
1989954
1919374
1399845
1295867
1658607
1553933
1584108
1866094
1825952
1850983
1989881
1881721
1958758
2007285
2039827
1916969
1993931
1823346
2012389
1960216
1929087
1991220
1958326
1912004
1961670
1997396
1856230
1968324
2003916
2004316
1908453
1815649
1849379
1947573
1835802
1884320
1928020
1960545
1862263
1931318
1968051
1875019
1891629
1966472
1873984
1928683
1964040
1925003
1936914
1958965
1832353
1946294
1970663
1925468
1933634
1964034
1958643
1877993
1993379
1868269
1917037
1879929
1930884
1919838
1917664
1880749
1927924
1968508
1822874
1925415
1951622
1903269
1933769
1962581
1945292
1939677
1978498
1876015
1919138
1836817
1932204
1923864
1964141
1838741
1945554
1949459
1948128
1916699
2006060
1929160
1926509
1990803
1955808
1952325
1897953
1724037
2009555
1904025
1876037
1850518
1900079
1828157
1954795
2040690
1944271
1786517
1788367
1769002
1682907
1814664
1904488
1942985
1738068
1656772
1766207
1902990
1812630
1877314
1905564
1824587
1888914
1874199
1803181
1836627
1768316
1847728
1831903
1810506
1792055
1844662
1873588
1718441
1888052
1844523
1703441
1889314
1876037
1842083
1893503
1866237
1897977
1898274
1873854
1911672
1835032
1904507
1596839
1883538
1932312
1841608
1875147
1846207
1852493
1885029
1880763
1962880
1884231
1831448
1903426
1888815
1881769
1897434
1921498
1890303
1883043
1884483
2126491
1940844
1920964
1811778
1906453
1932823
1923544
1847451
1953318
1836732
1905769
1979795
1927495
1895849
1936919
2053781
1920043
1888763
1920737
1889571
1938569
1885737
1876718
1928666
1772342
1873084
1820741
1922964
1971467
1808889
1766201
2016305
1969649
1933646
1780430
2061042
1645664
1681128
1818388
1807766
1756015
1825455
2055323
1793330
1810088
1800152
1812846
1799017
1737740
1761780
1803094
1792313
1793152
1800974
1791069
1771127
1903704
1936632
1770848
1804308
1790109
1592455
1895489
1752226
1813175
1810488
1781922
1749677
1812196
1800358
1784548
1829542
1840706
1797762
1802193
1753243
1778576
1696517
1817502
1695471
1805618
1748295
1860240
1901704
1885827
1764451
1843279
2075871
1932445
1909153
1847706
1839307
1896336
