1724433
1239746
1607113
1613422
1586592
1380328
1500691
1737024
1585581
1810659
1652462
1668821
1752196
1746152
1715583
1696264
1616446
1500416
1622156
1764560
1627524
1776277
1649664
1768708
1798164
1736318
1742196
1776272
1406594
1643563
1908551
1799896
1813110
1727717
1734678
1735852
1745205
1670770
1500965
1822231
1566382
1594076
1610674
1672611
1552749
1605672
1658439
1730845
1751922
1730326
1555183
1747422
1764024
1602414
1746091
1743441
1575140
1639491
1727651
1575434
1703476
1698151
1639425
1707698
1701536
1578664
1683100
1701777
1686536
1688506
1692114
1627750
1691277
1711525
1612754
1659923
1649930
1395020
1621111
1712785
1646077
1577762
1579600
1555563
1645136
1586048
1512583
1575100
1663715
1575375
1703473
1665805
1670847
1564119
1668728
1655374
1573794
1585923
1660571
1682309
1612760
1655368
1742798
1587315
1501335
1668935
1649195
1734441
1728235
1654063
1678901
1638890
1657234
1524545
1625516
1695333
1574023
1722713
1493478
1777373
1695271
1648884
1664941
1675880
1666985
1736246
1595389
1661198
1615435
1544945
1662366
1680974
1588023
1570822
1673133
1658226
1624459
1679280
1695596
1648490
1667674
1595738
1619290
1694095
1696165
1644946
1695301
1699810
1624970
1697536
1702884
1680076
1674639
1692211
1762952
1676265
1742477
1650310
1617143
1687897
1738198
1673690
1695194
1646160
1645110
1696911
1729445
1684140
1697221
1629958
1735071
1756621
1625290
1675148
1687437
1801928
1668203
1737561
1625577
1498536
1767169
1703671
1531017
1648487
1733859
1702909
1653420
1657003
1627576
1653763
1634828
1624561
1736918
1685410
1530894
1778314
1673919
1631490
1721272
1770038
1666710
1679491
1668380
1688676
1748129
1697737
1672315
1753931
1672089
1504565
1778718
1676721
1578629
1877457
1657158
1655551
1677137
1683207
1615610
1761657
1698374
1716657
1762208
1780887
1698690
1684858
1672495
1600746
1678969
1774702
1710447
1809046
1676451
1667630
1828857
1725969
1724835
1778931
1747458
1697596
1765633
1884570
1618210
1573677
1445420
1621454
1509678
1478508
1531572
1485694
1474638
1482484
1477354
1534383
1550434
1614313
1522197
1557948
1496154
1488538
1448698
1458316
1445307
1627827
1415354
1416037
1393067
1488747
1475997
1457696
1447332
1660623
1292218
1311896
1402336
1293457
1554026
1473124
1213282
1350620
1356336
1305059
1304386
1253858
1312463
1390252
1344817
1229835
1318739
1305742
1271619
1277441
1388071
1451234
1465309
1341376
1407538
1390223
1381896
1439183
