1919306
1328238
1506410
1459988
1684004
1616179
1599532
1615435
1694907
1761322
1515978
1767061
1671810
1836008
1722862
1786038
1760315
1714728
1656440
1763668
1759945
1754914
1709832
1733036
1765268
1766703
1748038
1731678
1850332
1741852
1491300
1829070
1367725
1514879
1814566
1724118
1661487
1766543
1716623
1392943
1490271
1584352
1777327
1599015
1625741
1759068
1764985
1710515
1568096
1612366
1711801
1603522
1681685
1712811
1785601
1764762
1690377
1800201
1893953
1688916
1483883
1819453
1723398
1646770
1810036
1708941
1849610
1782241
1728999
1782185
1819136
1728281
1766062
1638034
1718181
1748668
1791095
1728235
1783929
1739841
1735216
1446626
1809906
1700378
1737790
1839612
1696387
1761252
1919362
1701477
1612343
1807709
1717925
1603347
1741858
1709425
1775576
1803917
1726127
1743682
1733758
1754562
1754009
1751842
1668438
1758150
1834512
1727758
1473649
1747396
1770279
1511150
1878628
1716107
1745911
1506345
1769401
1768895
1821345
1775465
1695165
1763791
1770472
1650029
1817021
1767986
1743012
1737352
1713191
1784855
1778140
1749601
1824478
1780311
1526378
1406323
1919645
1625818
1639510
1617269
1687170
1571897
1789782
1665435
1734761
1760601
1741756
1836912
1810706
1783917
1686724
1778562
1730761
1649500
1752835
1741151
1740818
1788400
1780257
1724900
1812497
1743162
1754435
1639142
1806621
1619439
1765590
1745396
1499178
1755265
1692032
1614856
1701622
1698476
1737377
1665869
1726251
1744676
2021459
1680533
1605247
1760105
1736520
1543740
1834411
1780711
1761190
1822861
1775612
1784198
1803751
1791949
1814959
1582845
1613431
1519189
1657253
1519831
1459020
1516321
1472475
1492919
1469960
1470519
1472228
1492491
1486170
1471965
1427944
1504759
1444002
1561893
1558186
1423481
1545701
1558607
1504665
1491659
1563850
1504653
1484040
1539858
1447107
1638689
1352474
1406389
1610984
1610647
1613334
1594841
1384468
1238285
1428728
1561718
1469959
1517219
1550544
1578519
1736645
1517580
1612509
1800461
1662101
1505337
1627159
1718116
1650982
1635782
1584289
1583544
1602392
1649550
1592751
1628085
1617740
1605395
1671417
1612173
1526746
1661511
1624529
1532122
1503294
1649335
1542551
1444749
1643598
1617870
1704902
1651381
1689630
1509155
1612430
1436059
1539317
1591752
1663666
1556135
1628620
1654424
1629357
1609809
1538580
1601196
1578462
1473069
1809081
1639321
1475446
1669326
1598020
1637060
1553410
1663871
1606028
1556881
1608514
1719625
1669337
1632367
