5679760
2127446
2285621
2296282
2225300
2161963
2316686
2260113
2161266
2279607
2257226
2224001
2309207
2108462
2214896
2236027
2337138
2215703
2193356
2321793
2177250
2028872
2312953
2206750
2347607
2242139
2289225
2216886
2239865
2324398
2253346
2286257
2185536
2266355
2271251
2284166
2398244
2032012
1997325
2175587
2308474
2263174
2214697
2267783
2197993
2221286
2205852
2233730
2370833
2192934
2286653
2104060
2218711
2296843
2316028
2310297
2234116
2090303
2359363
1951953
1946994
2019671
1995265
2022497
2092844
1981915
2061230
2049631
1989445
1977955
1856723
1922039
2016325
2029637
1842056
2065216
2020565
1948695
1942710
2068395
1967259
1961972
1956520
2026241
2035765
2060885
2072039
1887364
1936664
1901134
1876373
1945125
1902098
1995289
1891723
2030457
1872600
1934344
2031320
1974717
2043305
2068756
1899966
2053376
2037671
1797480
2045861
2043810
1908409
1932504
2033887
1790467
1916288
1895765
1950625
2037025
2017564
1747439
2010001
1894939
1972059
1995911
1953973
1785562
1852130
1826274
1875054
1863618
1952728
1767889
1973574
1977820
1846071
1850385
1780256
1800613
1980584
1893980
2073635
1604098
2004105
1852132
1617508
1942031
1783444
1729448
1660811
1779612
1980518
1897406
1939691
1869418
1966458
1796540
1974675
1916321
1934981
1851804
2170009
2037387
1975381
1965464
1901179
1836727
1877110
1787699
1899949
1974723
1863542
1926045
1872425
1797815
1763334
1882184
1779963
1809057
1893786
1742755
1853324
1966252
1793127
1885929
1896294
1888950
1898889
1885362
1942713
1920980
1908304
1914903
1920676
1925754
2028586
1904333
1833084
1825678
1914813
1904509
1833208
1855950
1886104
1869458
1845921
1856248
1873719
1902488
1853556
1898578
2253101
1862459
1936689
1912724
1845638
1851304
1956083
1858103
1919943
1927834
1853438
1862593
1935642
1887216
1916116
1937572
1855328
1917754
1910272
1871728
1920981
1950703
1942657
1913276
1989565
2114278
2006091
1987415
1932044
1893666
2041923
1968222
2002217
1993924
1976262
1911264
1986643
1969932
2003515
2007267
1965476
1928632
2006139
2021049
2026492
1985955
1975115
1930256
1980739
1945850
1957192
1984231
1968322
1943213
2006881
1957891
2120138
1920373
1637272
1848194
1877999
1942057
1907497
1933691
1942630
1857390
1991901
1937926
1978254
1992767
1928586
1943379
1969161
1971560
1979230
1681718
1995045
1908736
1926090
1767780
1890684
1834382
1960456
1877711
1842358
1841962
1900543
1923925
1835144
1868515
1912054
1846030
