3862339
2791903
2425185
2838115
2833129
5467308
2788570
2539034
2721810
2753668
2725554
2794128
2644223
2811251
2771883
2816652
2653461
2803186
2642140
2622356
6077202
2704595
2636334
2674595
2676026
2670595
2764636
2701984
2748526
2704837
2869694
2747512
2850548
2728068
2943063
6075610
2863848
2720781
2739617
2751195
2751145
2765504
2761050
2829499
2837419
2850499
2548759
2494290
2777102
2705861
5893327
2821838
2867037
2854213
2763273
2865582
2901033
2967311
2833196
2831042
2750242
2628160
2741401
2861790
2711438
5367031
2712254
2775642
2703781
2714315
2694584
2727088
2724840
2710907
2729531
2721847
2711097
2702214
2741886
2736746
5436489
2636104
2727468
2642238
2827898
2813869
2834628
2805908
2814192
2729538
2781936
2804775
2787856
2389423
2245295
5449463
4777301
2757536
2332647
2623757
2114157
2816736
2719852
2686744
2928385
2849182
2576239
2643854
2587122
2718833
6894499
2639614
2681015
2705754
2784023
2825583
2786841
2660058
2766454
2540799
2671427
2664640
2596713
2578909
2696411
6473955
2682875
2536549
2557596
2855357
2564179
2619536
2662364
2705530
2713005
2680190
2739467
2622573
2748415
2739985
5007942
2595664
2682231
2611836
2646520
2593082
2756898
2578171
2533565
2731096
2688624
2686311
2480273
2685905
2735001
4034368
2648110
2576703
3028783
2699709
2685617
2849073
2528965
2703625
2856577
2760711
2612750
2351420
2775772
2813691
6242396
2657755
2690986
2703405
2686871
2915006
2781677
2678506
2878457
2574466
2660234
2798807
2842699
2887003
2803356
5711509
2699045
2756107
2684134
2742027
2878261
2869777
2809559
2894724
2822478
2697446
2865209
2800744
2766146
2916218
3787589
2732872
2748878
2869534
2896984
2702318
2861857
2843087
2894673
2833212
2883590
2760687
2888193
2809156
2732056
6183314
2854240
2490467
2876187
2317344
2201996
2699620
2769244
2611890
2606058
2581435
2619420
2655991
2581015
2615284
6204761
2599338
2539888
2593561
2837481
2618478
2706071
2885850
2654705
2809426
2670987
2732482
2912315
2771632
2671130
3512064
6439834
2710217
2696306
2749392
2800155
2726897
2778536
2742765
2698711
2666077
2674240
2553140
2324068
2708007
5674714
2628030
2677899
2645051
2796833
2571893
2668541
2781956
2675385
2523155
2554930
2510185
2704176
2705217
2612180
6570206
2775353
2570798
2727856
2764675
2699671
2643609
2840717
2557630
2688087
2671305
2630626
2590096
2758844
2451253
6241277
2584517
2758656
2733167
2526830
2286606
2788992
2537365
2798164
2728488
