3926339
2982280
2737539
2640195
2727912
2729210
2731011
2656511
2655339
2549320
2696991
2786266
2746844
2730649
2755676
2719790
2676876
2777623
2812958
2802858
2778080
2799437
2642429
2840858
2757186
2818952
2824739
2733396
2790287
2542650
2728358
2909646
2825968
2810634
2921655
2787826
2784648
2781056
2827307
2593380
2875664
2740526
2743856
2591325
2665958
2692320
2788184
2715527
2723006
2827135
2827304
2758337
2812523
2846502
2779451
2676690
2853622
2868553
2879322
2774403
2705916
2796934
2819518
2810223
2790324
2802088
2797563
2839522
2830589
2720442
2780457
2429746
2714796
2662102
2376861
2490158
2543968
2580420
2568449
2188148
2512000
2695501
2666636
2683927
2716772
2593725
2616505
2619332
2706386
2704286
2427056
2695090
2666628
2573124
2657105
2613262
2558054
2775373
2683060
2272906
2396911
2780243
2519017
2503567
2680332
2565420
2539444
2628120
2816601
2562439
2400302
2651763
2629630
2710596
2660808
2698396
2658389
2525836
2529395
2731937
2588855
2698230
2609755
2675410
2758261
2602199
2526216
2513679
2654086
2666815
2638741
2472935
2557250
2436613
2437099
2417376
2692130
2496673
2613534
2553075
2573739
2679792
2440653
2560799
2584244
2319167
2585420
2448335
2604700
2405982
2611904
2620108
2608691
2668768
2607065
2648011
2655482
2589331
2566067
2206222
2425262
2516866
2486087
2401676
2503776
2666679
2446807
2508617
2613865
2372066
2557399
2619149
2564160
2563601
2659221
2605990
2738409
2625931
2570937
2602868
2570607
2064768
2484049
2534278
2417357
2398307
2646324
2270130
2418108
2562113
2475770
2531238
2545574
2490026
2628045
2547224
2554847
2575907
2500450
2579214
2524187
2515703
2628295
2583980
2586158
2497570
2718507
2466708
2469905
2535070
2400126
2681060
2571300
2541790
2552194
2480270
2581769
2519587
2485560
2412572
2453408
2440550
2626021
2564598
2610165
2575875
2292940
2508382
2621785
2553815
2593579
2413648
2758906
2659879
2658344
2489729
2655066
2416974
2564960
2267780
2611416
2251720
2431913
2514909
2612244
2549378
2517037
2640650
2601341
2583635
2335352
2458396
2524039
2651842
2659210
2622981
2464055
2563845
2491084
2552863
2668073
2758353
2630161
2634621
2610384
2674566
2580234
2605661
2703665
2539420
2627574
2451782
2658710
2581959
2688074
2656998
2647026
2648386
2597915
2447310
2534108
2870218
2641055
2461671
2255076
2382419
2592448
2340578
2341534
2495425
2574495
2643665
2544319
2876691
2425642
2249401
2364132
2536666
2693192
2543040
