3574473
1948128
2005409
1899197
2084159
1989370
2037672
2058437
2062198
2014633
2116974
2054747
2045708
2068658
2090163
2017303
2062679
2101425
2023759
2063960
2106079
2056613
2071020
1806779
1715174
1989706
1834457
1698129
1992893
1767705
1845977
2020359
1806080
1818718
1871736
1821018
1803373
1896609
1717255
1703438
2026847
1635915
1937589
1916948
1937142
1896113
1948765
1937943
1946315
1990144
1921009
1899128
1958236
1987697
2018068
1945573
2060414
1826119
1976540
1889482
2070000
1976636
2006744
2042662
1989613
2007583
2074453
1982664
2065058
2000773
2060447
2058700
1573392
1995839
1929727
2005493
1997658
1902296
1894118
1916607
2036259
1990614
1915258
1869772
1878637
1923667
1896143
1836269
1994624
1887809
1833312
1903853
1969697
1838376
1978603
1876803
1847838
1911872
1927423
1903310
1907497
1875561
1839387
2328156
1880062
1975104
1956663
1905969
1838889
1950415
1909427
1906462
1861795
1888502
1839339
1925857
1901436
1806242
1922156
1761701
1782192
1833487
1785272
1852107
1920662
1681956
1796448
1863002
1797802
1940923
1882843
1794519
1810351
1928053
1982863
1950393
1987747
1973913
1997884
2208019
1939684
2083795
1999870
1698392
1750941
1857866
1670647
1868968
1795742
1986176
1828512
1876729
1937903
1887616
1911223
1983180
1921117
1936873
2008356
1949919
1928503
1946004
1795910
2291606
1968802
1991353
1991889
1960190
1945982
1863099
1994088
1953292
1916788
1924761
1939167
1957019
1782677
1850742
1908793
1825896
1813134
1883272
2019520
1776741
1916668
1833483
1861434
1908023
1961373
1891568
1912163
1843925
1844574
1923655
1976085
1872453
1918285
1989377
1892479
1884419
1953462
1809512
1878419
2000646
1671837
1962049
1883074
1657379
1798951
1801517
1762582
1931507
1818585
1810169
1846568
1795971
1717755
1806422
1863603
1887703
1860994
1842488
1813678
1900129
1903591
1998478
1907331
1854437
1888733
1879242
1840283
1807059
1830943
1870208
1984444
1905792
1870742
1849693
1935019
1893156
1806881
1892431
1945681
1990846
1863387
1896092
1995917
1969523
1894732
1868292
1983253
1817288
1845333
1947958
1978201
2003879
1928909
2015330
1964153
1944920
1983476
1840832
1884583
1931733
1939128
1927521
1967428
1856086
1970450
1979143
1892668
2001493
1956981
1895353
2013679
1829652
1932242
1942943
1966759
1965063
1945243
1928489
1853068
1897806
2048829
1924717
1924226
1965683
1918086
1752262
1927287
2110023
1955475
1989576
1900630
1972108
1940781
1815122
1983776
2021484
