2720252
1674126
1975890
2186727
1905012
2230533
2192346
2267800
2188802
2168636
2234851
2239057
2197847
2228603
2223747
2261724
2160947
2279304
2258014
2236603
2256696
2296817
2271242
5030542
2286555
2273096
2253726
2234951
2242885
2215621
2190041
2189414
2215425
2296380
2250256
2215478
2289514
2255842
5188894
2294689
2198393
2210673
2313552
2138202
2131033
2302715
2149483
2199314
2297280
2221963
2259855
2284786
2268776
4969769
2245458
2286911
2259975
2196128
2274020
2114373
1906531
1970445
1949792
2017511
2062928
2096147
2162351
2069686
4591636
2064700
1994977
1987711
1984245
2032195
2001601
2146709
2039505
2044649
2138289
1889922
2002659
2103418
2017345
2363609
2119977
2060454
1922502
2139244
2031404
2000991
1942741
1987322
2025455
2110370
1991032
1981456
1860088
1982100
2131102
1983465
1984785
2071487
2011677
1968752
2070734
2009036
1973541
2063754
2093830
1959006
2110186
2029587
1925643
4020020
1961452
2018287
2080780
2139599
2031552
2022194
2008455
1972979
2023750
1988260
2026505
1902276
1960089
1844121
2275276
1988092
1980523
1986741
2272413
1895213
2035145
1978668
1959523
1955128
2102633
1850016
1787468
2217888
2024102
3166856
2363429
2032080
1992751
2113010
1980226
1924927
2085904
1848917
1945210
1964525
1932535
1961918
1948927
1850624
3727127
1922712
1815131
1868028
1956221
1865238
1877288
1920269
1900673
1856750
1932734
1842695
1945540
1887740
1816136
3485718
1941083
1899917
1826910
1942574
1860118
1882943
1859302
1818878
1751955
1816469
1799019
1702449
1809544
1755789
3116331
1865068
1830148
1863860
1874029
1828565
1765414
1851834
1813724
1855094
2174393
1757855
1918215
1957013
1956659
3615113
1905875
1856001
1734257
1853074
1926777
1862170
1859338
1793040
1749944
1901114
1840285
1915769
1859759
1833749
2493894
1874068
1840540
1867384
1832289
1838810
1924197
1964212
2048435
1948247
1954693
1869156
1750400
1866958
1803006
3529576
1900759
1732050
2196803
1839029
1951831
1981174
2143365
1747076
1911753
2106141
1644881
1721971
1930293
1741208
2730968
1939951
1907017
1942157
1942813
1876198
1912526
1957297
1931751
1938912
1940956
1840939
1996127
1810799
1923768
2794309
1772975
1805564
1684916
1799420
1725939
1774884
1784594
1767580
1762171
1775633
1923733
1671193
1772372
1814466
1836392
1965050
1645228
1898297
1891405
1678836
1880087
1897773
1933326
1826803
1881351
1937378
1755380
1914215
1712592
2490307
1871259
1963256
1866486
1866574
1918144
1778470
