8103675
2796324
2598256
2614844
2667578
2750456
2763469
2619637
2703855
2793118
2806520
2748468
2813839
2879988
2766116
3489061
2508259
2811528
2757463
2384403
2964506
3088900
2940639
2909268
2915179
2742349
2957714
2815963
2868386
2768504
3790299
2633567
2825704
2713375
2799030
2768389
2924858
2803388
2993051
2769963
2783127
2828802
2848690
2715825
2852354
4526371
2883398
2570304
2308731
2549806
2564294
2701920
2744227
2801717
2776390
2656577
2812610
2723988
2717837
2609783
3257262
2524446
2748753
2655519
2613598
2788189
2717919
2637623
2723309
2732447
2785908
2757699
2746689
2659643
2753743
3314666
3778791
2710545
2723833
2961690
2750979
2572296
2728753
2721131
2722333
2710343
2759400
2740863
2762954
2699741
3317165
2676122
2713070
2714078
2679311
2694097
2777568
2697160
2782929
2730669
2644863
3043845
2672003
2755300
2727977
3854679
2454122
2625317
2704811
2572975
2750702
2389218
2778693
2601099
2789786
2737226
2836249
2843260
2969830
2905756
3308926
2741833
2783549
2863664
2739818
2703837
2678250
2786490
2332437
2539412
2625094
2736024
2556624
2867065
2675433
3175885
2624173
2568625
2573658
2656793
2844425
2675368
2570377
2682312
2699432
2636247
2735228
2668842
2723410
2660473
4520790
2664694
2656384
2619657
2697908
2696966
2630969
2632964
2736148
2657332
2568969
2742239
2693373
2612747
2514006
4234086
2480535
2610069
2728219
2643233
2691435
2702029
2713886
2667017
2740086
2707277
2671203
2678037
2610423
2977894
3876597
2434887
2229377
2402532
2478685
2482295
2502848
2719597
2657827
2552756
2499662
2346081
2786614
2663002
2771146
3501777
2808636
2767095
2869430
2631038
2776153
2376043
2757264
2823220
2866323
2745778
2824450
2672065
2860199
2775080
4606409
2755733
2779889
2555853
2669739
2832570
2755104
2743600
2783674
2851705
2624128
2695513
2925548
2277725
2545997
3554907
3541139
2726484
2794644
2142791
2497609
2338225
2511232
2559473
2394361
2397597
2664649
2501397
2378256
2650121
3210626
2419031
2659685
2655847
2535624
2735303
2334197
2461768
2607908
2695859
2404512
2577939
2628207
2359841
2619979
4103283
2483847
2690504
2802567
2514061
2747142
2607992
2505584
2675673
2757484
2589138
2589807
2558102
2776895
2746389
4679043
2483931
2647108
2727380
2541298
2657584
2708124
2597893
2549447
2601582
2812760
2616396
2628832
2512251
2653334
3253818
2466697
2613812
2597535
2648073
2932858
2698479
2583489
2668523
2667957
2628250
2587403
2614098
2659288
2672549
