3964200
3051189
2492907
2325853
2561335
2746043
2500394
2449508
2578858
2335319
2252948
2423886
2559707
2555243
2597497
2516147
2670986
2620387
2533263
2609088
2700279
2544482
2545954
2529795
2517197
2554832
2594853
2427481
2650239
2505882
2481815
2525956
2505986
2423791
2609644
2520113
2521891
2552513
2605447
2434047
2697058
2523051
2479037
2695798
2542855
2472186
2488781
2496176
2494711
2504927
2658609
2384625
2471692
2567758
2484107
2577719
2522175
2467946
2974973
2615121
2326744
2637663
2693438
2552958
2766215
2562015
2514335
2508671
2603182
2494576
2721457
2507547
2469172
2645259
2546571
2404841
2634238
2496073
2462772
2699064
2566591
2425142
2505561
2565319
2147861
2721199
2546850
2501585
2731327
2519810
2497505
2399708
2391346
2522831
2615746
2870005
2549777
2556311
2533970
2463926
2562297
2535225
2402854
2517595
2620894
2486215
2557647
2681577
2304693
2547131
2652648
2079559
2591244
2470353
2659154
2879695
2671760
2531592
2364749
2486846
2486468
2550878
2739664
2760576
2859187
2575173
2543727
2507572
2566837
2438836
2656818
2561512
2600006
2590297
2574038
2483187
2845488
2658063
2677525
2716483
2691606
2537651
2468901
2573928
2455489
2536151
2603902
2484738
2805255
2742660
2462159
2529234
2659246
2543727
2532041
2606973
2743690
2577494
2574948
2500640
2431995
2597212
2553375
2577435
2543091
2558288
2641722
2570104
2583678
2566106
2589715
2561346
2541140
2610672
2633439
2624562
2601582
2503582
2847265
2511732
2459361
2822298
2659138
2870335
2723869
2659932
2696778
2612655
2654912
2765939
2640865
2709574
2526811
2588382
2666279
2605801
2713174
2573342
2830499
2584147
2604557
2537780
2566822
2660100
2683824
2583986
2598548
2540354
2590294
2431866
2625126
2760624
2674447
2347029
2674827
2482560
2310019
2432073
2496264
2585292
2583322
2668029
2590899
2442540
2480686
2322965
2480786
2443429
2408635
2482379
2536388
2595232
2379345
2660982
2595397
2514931
2589945
2431910
2392832
2695773
2558291
2724121
2749984
2605523
2538466
2563016
2492625
2327049
2643366
3316708
2495791
2436217
2505905
2515864
2506504
2486801
2561727
2434656
2564662
2469567
2577262
2465661
2400100
2502616
2550761
2534141
2529087
2461450
2464373
2566692
2255398
2419075
2346098
2798130
2457100
2549587
2542181
2243694
2459752
2442850
2600058
2480656
2483411
2533641
2544296
2305435
2378195
2454347
2480514
2578216
2484106
2532197
2418435
2524072
2485820
2597619
2576611
2404099
2530347
2468369
