2645194
2031079
1696772
1980052
2229121
2295689
2205232
2259269
2230054
2073165
2167167
1961404
2039926
2240637
2223341
2217222
2231401
2260989
2210372
2188427
2099029
2187104
2250462
2071461
2210815
2198516
2217663
2205888
2225806
2196217
2425200
2053720
2297023
2086836
2245833
2243808
2238752
2248870
2227696
2224811
2284257
2252638
2234337
2204458
2216620
2272846
2263477
2311086
2152885
2296067
2288454
2196552
2261355
2194721
2170743
2217510
2311511
2171416
2314612
2314872
1859507
1985839
1891796
1899532
1931528
1969978
1860520
1948696
1966504
1911793
1931134
1954303
1993309
1950757
1902692
1983079
1980369
1831755
1919867
2215862
1837582
1792312
2052625
1797449
1737941
2028426
1935833
1676484
1977481
1931798
1879006
1974514
1944787
1903849
1932960
2029154
1783986
1920113
1912993
1893296
1873053
1993570
1945611
1912409
1965873
1913887
1953333
1880917
1945167
1833626
1884784
1829429
2024782
1899850
1926942
1948743
1917691
1926062
1946463
1931532
2012747
1999170
1996854
1832633
1901539
1922435
1822463
1798417
1923133
1830022
1891225
1925973
1840842
1881557
1818182
1859852
1933811
1845228
1845032
1879452
1845872
1795130
1908940
1895187
1841987
1822896
1829868
1835628
1928060
1933887
1844461
1775556
1844538
1878847
1957215
1831740
1796709
1828699
1826366
1854114
1783130
1867512
1804017
1800237
1822185
1903311
1884326
1836226
1922840
1932603
1802387
1759920
1949844
1860857
1824130
1809044
1865152
1939868
1828200
1941638
1955298
2093715
1894528
1896069
1883391
1970888
1599980
1822566
1768275
1918708
2032656
1899941
1816123
1740925
1821292
1924723
1912753
1777761
1806321
1800108
1807166
1633219
1836313
1842268
1838444
1843349
1920597
1924662
1800006
1856647
1859441
1797116
1809695
1838578
1810826
1915991
2018585
2030681
1784012
1913191
1937888
1928573
1852487
1872066
1829258
1860259
1800114
1783348
1782876
1781649
1709087
1814752
1796956
1737405
1950896
1923543
1825818
1861811
1843560
1855178
1801356
1778872
1972931
1789969
1752535
1817683
1710780
1810679
1722485
1793122
1878653
1847492
1707801
1883047
1773946
1749529
1823445
1768181
1698401
1809322
1798211
1686900
1689583
2018508
1698748
1818602
1806392
1850229
1946299
1803701
1802172
1780561
1805486
1757759
1818942
1775136
1803628
1913217
1752325
1750816
1823466
1908716
1862633
1772288
1903027
1790128
1934533
1849088
1804227
1722721
1803195
1697530
1835274
1578806
1829571
1824182
1762907
1824521
1919436
1924480
