4114434
2622542
2486683
2588578
2793814
2638129
2711358
2654687
2885785
2807254
2724849
2584242
2593707
2483377
2538006
2459875
2556323
2625809
2703266
2897410
2992895
2853771
2797660
2894957
2892395
2779360
2965636
2886256
2933025
2912631
2872231
2367180
2956545
2802295
4767226
2961551
2965668
2821104
2975572
2945569
2977247
2962742
2838543
2858498
2900945
2883858
2859462
2898811
2935136
4641669
2913195
2907239
2986731
2848647
2924655
2938930
2918578
2921942
2977145
2873557
2756692
2763307
2871239
2918054
2896581
2927574
2916535
2874711
2918888
2816640
2926827
2872357
2858201
2843043
2998818
2863654
2864271
2885512
2911605
2764721
2741362
2894835
2900079
2761214
2730593
2724906
2967551
2869334
2993179
2895492
2845647
2904210
2952268
2899086
3657231
2926804
2809750
2657657
2971692
2845479
2892418
2770437
2830217
2817752
2571413
2485540
2949586
2939568
2892354
3890843
2985438
2945761
2931771
2815931
2919009
2804545
2955117
2880865
2970526
2862611
2902569
2925590
2706149
2893130
2736590
2678676
2921692
2795296
2876109
2858855
2885572
2780794
2908612
2896694
2873244
2820428
2872614
2543500
2883415
3825285
2926441
2876737
2889665
2948590
2881852
2754727
2874224
2812088
2890399
3032657
2809911
2828611
2780193
2800674
3990225
2615037
3137887
2897789
2869395
2780238
2737744
2612212
2773904
2904569
2810787
2779074
2711097
2846899
2888801
2884180
2895945
2882461
2870758
2897571
2839846
2295974
2929646
2695340
2670995
2801863
2539020
2589413
2758314
2684103
2949025
2870008
2831670
2861490
2848243
2864001
2727657
2755854
2833804
2825908
2829470
2841661
2815604
2838248
2871558
4088416
2700833
2684838
2989620
2805213
2364837
2626055
2965993
2783934
2882648
2894921
2779049
2837462
2855037
2772593
3900598
2839929
2829054
2851344
2862721
2845327
2885524
2827316
2749971
2813686
2832121
2836571
2642028
2952129
2888175
2735580
2854256
2825244
2875214
2904785
2884911
2957021
2916127
2841911
2885826
2908562
2924548
2897051
2906556
2929745
4173123
2838568
2966775
2745565
2956606
2956251
2944179
2936997
2836514
2892301
2827961
2741773
2825470
2839829
2892299
2823453
2861981
2832523
2888479
2957198
2771404
2892111
2827306
2809207
2971676
2927389
2833205
2654453
2843056
2783224
3436855
2856525
2742350
2661655
2758493
2713952
2579986
2720669
2704013
2739123
2636945
2586238
2192335
2797014
2778838
4508075
2841583
2636586
2897595
2785792
2800281
2818024
2798961
2801495
2882100
2785688
