4683447
2859981
2883817
2922544
2949574
2833414
2781756
2770766
2832080
2821004
2941948
2928948
2785736
2877917
2615400
2850481
2804002
2775822
2750026
2962659
2805667
2573895
2933114
2730425
2775986
2771522
2975305
2329925
2447765
2814997
2741612
2782286
2938624
2860339
2687166
2662384
2678492
2759497
2352851
2460645
2694244
3236798
2829162
2758025
2703035
2762737
2640330
2840977
2793756
2884672
2646348
2327991
2784757
2517933
2835312
2610760
2758475
2738199
2699770
2385857
2722635
2677884
2803666
2666039
2728839
2764437
2669109
2780556
2655655
2664321
2868293
2783468
2707145
2619207
2798910
2607894
2550153
2652340
2710045
2743802
2658060
2399635
2783367
2582473
2593307
2596483
2699706
2696960
2731669
2343821
2617554
2567778
2668694
2598534
2669149
2597674
2732125
2708965
2698629
2623910
2777585
2757456
2804112
2856433
2750786
2802753
2667604
2857891
2715475
2851157
2777466
2757855
2726925
2538868
2679500
2711435
2605438
2580799
2579640
2558753
2722905
2484811
2563939
2580558
2642804
2792920
2642534
2656859
2559813
2508423
2698365
2522579
2637224
2728564
2564307
2707524
2654054
2708205
2651411
2569389
2647675
2639229
2779696
2629254
2884784
2618734
2665581
2623755
2792916
2773687
2614303
2586040
2634844
2616688
2776832
2721811
2656120
2605814
2613113
2679075
2642658
2740005
2707730
2650665
2751624
2599368
2788592
2655039
2609890
2498806
2652896
2552593
2566349
2669497
2563839
2685674
2617895
2517268
2626154
2458212
2570273
2517952
2788508
2780412
2748281
2695515
2675475
2770947
2682928
3193467
2677774
2748691
2784088
2743272
2686609
2819282
2488733
2629527
2698114
2607590
2575959
2649561
2663420
2428090
2695115
2682195
2534172
2478166
2533889
2578963
2660913
2536552
2664435
2656844
2620358
2695570
2856227
2639180
2714451
2737025
2890628
2746065
2678465
2783726
2711445
2602754
2403425
2616521
2693461
2519931
2596763
2836810
2762356
2536867
2411011
2441351
2341630
2407501
2547937
2704605
2562793
2611769
2806506
2565083
2587862
2792737
2611804
2712425
2520104
2565627
2746665
2539196
2606668
2522268
2586527
2746959
2711830
2728595
2760435
2479516
2516093
2542347
2439156
2521682
2748002
2472752
2710210
2438822
2643165
2390577
2513759
2341560
2579049
2619344
2738964
2449221
2653469
2535592
2481017
2535020
2550247
2524762
2634460
2539842
2573365
2652345
2520338
2576913
2665866
2603779
2599909
2470502
2774236
2691626
2708255
2583233
2471588
2364470
2765885
2303707
