2032012
1772856
1756141
1815743
1873957
2085521
2152530
2222694
2297592
2303796
2287218
2276638
2386770
2213850
2358437
2318669
2152235
2187318
2308935
2217453
2151080
2052408
2244564
2285789
2277087
2291992
2290242
2331843
2269375
2240165
2291628
2336843
2145066
2236304
2310498
2292398
2272982
2231618
2166657
2235937
2195057
2246264
2231141
2201247
2284293
2227588
2210784
2319052
2231838
2189530
2273272
2222767
2125349
2163570
2379075
2347617
2368287
2378804
2291292
2288018
2016379
1861543
1982452
2003459
1940318
1884300
1876673
1924955
1792917
1961184
1987688
1944727
2202631
1893007
1974090
2110402
1953429
1815491
2032419
1920619
2032698
1957278
1955032
2038190
1900038
1961312
1766791
1944090
1944456
2007515
1943454
1920103
1958702
2019908
1918121
1811223
1934411
1922781
1821636
1996818
1999245
2047609
2013139
1917394
2006115
1900030
1926441
1979434
1931764
1949482
2074261
1930338
1828687
1843452
1908873
1829285
1926553
1994635
1887214
1966845
1985419
1964585
1891172
1936904
1959352
1808892
1891321
1837643
1827227
1944998
1843041
1823767
1962981
1944447
1955434
1879564
1879123
1896443
1955805
1879850
1921661
1922054
1892778
1910120
1981832
1956221
1945716
1849256
1878007
1903818
1844984
1887423
1823673
1927858
1621727
1856716
1879760
1896183
1778992
1843720
1789360
1756730
1863688
1820673
1851934
1864948
1821208
1764035
1854513
1879619
1952044
1749158
1772544
1993920
1950280
1908408
1929910
1930952
1907738
1894890
1900894
1920262
1859338
1842179
1782237
1817179
1909592
1854684
1590500
1894224
1894403
1837652
1841257
2085428
2034400
1942665
1671961
1705293
1779549
1790883
1846499
1882377
1778049
1820468
1875711
1949534
1863591
1905193
1912543
1895644
1942804
1869258
1868964
1908314
1902977
1891865
1911768
1836398
1871093
1798223
1957754
2220187
1862705
1916320
1866909
1819535
1903080
1931591
1755172
1905478
1940034
1930438
1918394
1761726
1758072
1857956
1901930
1757716
1638660
1826546
1824150
1940004
1980573
1942962
1934281
1827440
1975823
1862367
2171134
1868947
1933502
1856237
1869401
1899502
1937882
1931924
1946189
1903387
2020769
1733596
2004355
1983368
1950013
1846980
1898098
1927719
1944138
1876154
1924988
1957838
1852386
4021510
1765850
1827597
1725422
1597160
1671017
1725519
1686217
1772142
1784258
1695329
1815053
1655738
1789026
1768121
1722889
1701995
1751642
1760752
1795786
1703711
1656964
1701074
1906314
1731827
2083681
1763129
2003902
1626641
