1924418
1811703
1642017
1602033
1686078
1756825
1607001
1734894
1596410
1518620
1581825
1832257
1716575
1675932
1818279
1800809
1607316
1775201
1637197
1807507
1836998
1573336
1683992
1802356
1594900
1797123
1836539
1780102
1801633
1564907
1778192
1631340
1776054
1520964
1602035
1763270
1454736
1660965
1710628
1725713
1573226
1710791
1618132
1627121
1628795
1676714
1720465
1620331
1547950
1582055
1852970
1609554
1484886
1757182
1702532
1729245
1759182
1621805
1722613
1811808
1653755
1672286
1763362
1512469
1680111
1683458
1529055
1672487
1697502
1580575
1672705
1778507
1595216
1658215
1769309
1647930
1681230
1698038
1671241
1654367
1801550
1597614
1756409
1743568
1681823
1735462
1682257
1656800
1828478
1762027
1590501
1780702
1755708
1678023
1808202
1756676
1563504
1773904
1757160
1603850
1709816
1803578
1580393
1663086
1765603
1706202
1737035
1748600
1556949
1745706
1651245
1566040
1679305
1899271
1613930
1676628
1767642
1557935
1705090
1760948
1562656
1662121
1771270
1563735
1772523
1759641
1597082
1793123
1773036
1580314
1700924
1749541
1673572
1659165
1748593
1603214
1586002
1699476
1665717
1595570
1744372
1519839
1750180
1704036
1575011
1643310
1754723
1553945
1758756
1756907
1573483
1689032
1699946
1573790
1761243
1586660
1431938
1712662
1566244
1626561
1830798
1727665
1633634
1489254
1753300
1647761
1700209
1582814
1723135
1804619
1662465
1571789
1760596
1753218
1549430
1677187
1765556
1707427
1822729
1748426
1729820
1774406
1654879
1547324
1771817
1764719
1610005
1840917
1765601
1668834
1776210
1804727
1677848
1765612
1751276
1640917
1807298
1752346
1754661
1751446
1726261
1617406
1779412
1739307
1649477
1745495
1761778
1643475
1766400
1753632
1658726
1654650
1746972
1636359
1761150
1764196
1582679
1748295
1760049
1763611
1778413
1770776
1715277
1713116
1745259
1663168
1758137
1742737
1659572
1776326
1700750
1625648
1747204
1755692
1675460
1704380
1757287
1674340
1857712
1753672
1655546
1864704
1759450
1654175
1708200
1709083
1557170
1748562
1747586
1659440
1701626
1750950
1656748
1694386
1570584
2098414
4284481
1922372
1569853
1843664
1662895
1537420
1740103
1742490
1571030
1685058
1650201
1692626
1639154
1743224
1721912
1745858
1774587
1556560
1714762
1759768
1639431
1702297
1757903
1712161
1634641
1760323
2029585
1576597
1765032
1672627
1766922
1769096
1669612
1723499
1763002
1606220
1743955
1748711
1665169
1647931
1738455
1642601
1683694
1762547
