2931710
1911667
2069481
2305612
2291186
2031763
2281757
2262099
2241427
2339749
2289508
2210761
2323605
2294888
2367747
2280265
2309605
2232011
2282857
2316345
2324050
2297112
2376127
2111020
2376967
2301466
2070009
2167887
2281129
2080479
1905476
2189929
2022972
2331610
2173730
1982792
2298076
2268052
2203368
2313943
2246198
2316176
2321116
2195301
2265091
2085379
2275685
2136234
2199811
2295489
2245439
2338236
2205624
2221154
2301660
2334269
2375880
2326379
2216754
2276447
1883225
1957542
1953381
1998008
1987068
1975327
2010452
2028612
1980892
2089430
1919281
1859327
2008849
2086792
2033377
2019406
2040043
1850280
1956893
1982926
1945036
2018909
2000167
1783660
1834381
2102602
1885607
1911719
1967629
1838462
1806267
1950355
2038573
1935587
1831396
1927527
1963226
1954462
1980758
2025824
2027003
1966211
1851088
2151347
1922948
1928814
2028338
1973274
1909249
1941036
1902557
2025935
1975201
1946581
1987121
1962471
1975572
2014049
1954510
1861577
1913397
2007488
2021602
1918621
1919688
1790782
1936536
1890361
1930466
2071223
1981276
1969912
1845784
1851075
1627913
1931463
1931832
1685349
1826022
1885233
1742425
1920409
1820731
1800040
1930881
1933712
1765569
1913436
1902461
1873044
1705271
1978156
1779215
1863437
1940976
1861894
1801076
1897125
1811216
1926067
1886794
1884541
1827446
1953326
1802301
1913835
1949807
1957377
1795472
1937158
1856796
1861823
1825891
1743575
1947246
1931070
1757939
1883168
1926029
1839896
1899325
1825501
1938497
1755406
1908800
2029679
1934297
1761392
1843664
1868347
1800260
1794916
1814595
1910334
1835895
1760923
1879304
1715970
2091857
1844850
1834091
1800476
1892555
1713849
1873094
1952020
1787226
1838370
1892521
1763633
1784741
1798400
1816571
1821407
1907644
1837586
1911423
1959946
1808479
1968056
1907415
1879117
1888975
1900796
1959139
1835584
1917461
1845877
1944545
1909565
1882546
1877591
1922582
1815376
1882861
1884237
1862215
1864145
1849081
1862057
1849097
1804930
1812081
1853914
1873210
1861517
1860547
1918632
1872361
1871846
1932432
1816461
1871383
1833631
1850536
1798126
1832790
1786055
1853621
1831773
1822627
1862731
1837108
1771986
1924121
1883180
1819504
1879392
1840673
1811350
1843952
1959279
1790389
1861065
1899315
1797836
1705429
1895897
1789346
2273846
1966571
1819365
1818962
1740216
1793970
1755731
1798474
1816774
1919631
1813040
1816660
1735960
1749070
1631598
1886367
1818882
1840670
1886117
1842030
1837850
