1673143
1774857
1584235
1524006
1698960
1626484
1652586
1595328
1785411
1769605
1732445
1829506
1541696
1635794
1708537
1614118
1799741
1794931
1664704
1722629
1799514
1756497
1593967
1592283
1794360
1519260
1273045
1349421
1591535
1431354
1250992
1455576
1463239
1102547
1485619
1271637
1495079
1322537
1631399
1678770
1591899
1557798
1350012
1612839
1595542
1526002
1539941
1653595
1546458
1573624
1647379
1558953
1532935
1552882
1705789
1557774
1575723
1591404
1645002
1565494
1528619
1680263
1570536
1544835
1561753
1687864
1588617
1561635
1597583
1659995
1562738
1615759
1669290
1613143
1706136
1623557
1646793
1749184
1606789
1748940
1769708
1711964
1743411
1676599
1707030
1888892
1815167
1604581
1879875
1752541
1529602
1662669
1709844
1683569
1644023
1703604
1655235
1745669
1657914
1650748
1646115
1699850
1556879
1706552
1697435
1531286
1655019
1783945
1676653
1667830
1692019
1692690
1639854
1637031
1680051
1742036
1674185
1673899
1694785
1716656
1668749
1753673
1701347
1689770
1707888
1696231
1677278
1694834
1633040
1696708
1703105
1691430
1629489
1597113
1690722
1662444
1658598
1693096
1671290
1673666
1724466
1499033
1701029
1562073
1626175
1709511
1683689
1647850
1712681
1701985
1537735
1737739
1704729
1570823
1562534
1714047
1662238
1651403
1773915
1674915
1658125
1713930
1683869
1607171
1701073
1570735
1688894
1746273
1985122
1682640
1429326
1460733
1523403
1567083
1639119
1619600
1606133
1502294
1550252
1546702
1505401
1548642
1536171
1564533
1552728
1553864
1527778
1576314
1492714
1559858
1510582
1535514
1515623
1587569
1607566
1595914
1615345
1542667
1523197
1579155
1589374
1624229
1593968
1611841
1616304
1533548
1628934
1609549
1646819
1628799
1515677
1605489
1618980
1616479
1582422
1619848
1615169
1547372
1587754
1636094
1600309
1603074
1524424
1433775
1374904
1469395
1560327
1510312
1351603
1358206
1560134
1399424
1326979
1386126
1357306
1388518
1591592
1567804
1660390
1642535
1570573
1758046
1611355
1611719
1595217
1640663
1682325
1589522
1575742
1696710
1629054
1618307
1635629
1645318
1617623
1613175
1587388
1613171
1607209
1589597
1625314
1632141
1578913
1643413
1646368
1646733
1625574
1610489
1649026
1600091
1632430
1625999
1614448
1624763
1613489
1632299
1619573
1581309
1642490
1690311
1578159
1605534
1642799
1583678
1620988
1614929
1636823
1625199
1607749
1508206
1617445
1610083
1483083
1565668
1738965
1637290
1679843
1650394
1679015
1660534
