2732002
2106710
1903135
1825065
1862535
2051053
1930246
2030478
1993322
1925361
1988902
1996612
1926412
2049489
2046833
2035627
2032183
2012927
1926233
2104253
1954748
4177578
1599328
1836801
2071264
1624919
1610575
1738716
1820464
1911808
1829363
1825983
1803006
1794116
1791163
1995232
1724576
1766246
1876061
1796734
1884072
1797076
1923422
1834690
1988427
1841699
1837677
1981317
1838749
1949687
2002904
1852901
1940201
1880476
1852950
1847250
1848175
1887653
1927277
1805723
1799142
1932607
1930397
1947484
1808720
1929846
1843167
1952768
1871485
1842232
1842570
1794130
1798394
1828542
1872607
1787324
1849416
1972558
1848615
1755215
1759280
1930530
1944102
1844805
1845465
1938585
1827271
1940971
1848926
1975991
1839747
1940465
1991732
1796010
1926615
1766979
1921995
1938711
1841114
1852850
1810849
1694709
1846115
1920726
1894370
1848198
1924916
1838152
1848636
1800880
1951356
1837911
1928403
1895612
1772832
1855237
1870992
1860070
1834292
1859416
1840734
1949528
1839606
1886001
1848417
1813252
1781863
1683111
1676629
1436638
1664392
1551514
1838820
1787794
1807514
1695889
1777874
1747430
1738186
1664077
1733303
1751696
1758538
1822278
1643687
1742504
1758560
1791241
1695545
1749455
1694719
1756715
1813315
1717255
1731383
1880240
1757778
1756388
1764366
1799004
1746552
1820530
1760970
1811857
1809406
1701925
1733453
1771025
1793596
1797570
1788356
1743509
1792826
1756635
1689502
1807622
1702479
1699742
1802543
1751333
1698252
1806987
1712975
1771605
1860874
1771350
2076419
1928786
2155516
1813999
1874082
1891250
1812266
1848421
1815354
1794626
1838666
1865951
1832489
1797400
1894827
1844212
1852661
1829285
1863190
1846852
1808160
1866314
1841322
1846150
1811706
1832186
1854770
1812233
2012423
1921368
2010597
1705172
1704664
1781540
1757006
1764136
1921947
1763910
1725515
1697210
1809526
1913577
1879653
1861385
1873476
1794440
1882147
1899627
1858567
1813640
1847967
1864107
1840111
1879498
1841626
1904048
1830626
1801637
1910995
2026529
1752835
1829555
1848076
1794265
1822717
1857807
1762633
1843476
1858797
1849726
1868741
1872873
1855981
1801150
1918502
2121881
1826087
1853372
1875657
1809107
1849922
1856351
1842126
1825611
1837723
1861712
1844220
1867502
1883127
2213674
2044938
1863604
1852047
1865441
1858266
2012593
2008781
1914743
1965552
1868997
1920136
1890287
1895203
1905892
1936954
1892981
1789592
1923688
1863818
1870267
1792215
1766205
1880367
1849927
