2105279
1437502
1622642
1502906
1743729
1724085
1604059
1727982
1775919
1670759
1790475
1651700
1714337
1676734
1677541
1900571
1802222
1730647
1806112
1569916
1802135
1683076
1605727
1711415
1677550
1735458
1652025
1628186
1739724
1600780
1576197
1768525
1781859
1700998
1775962
1751345
1588659
1709804
1648470
1663226
1685358
1787578
1765470
1752855
1651685
1799081
1745283
1720751
1661234
1692658
1779972
1879825
1744165
1773085
1664355
1819089
1708981
1701917
1755397
1767652
1525993
1797546
1818202
1711428
1785119
1760620
1484702
1243005
1553913
1590995
1731761
1501306
1670577
1654211
1635184
1786506
1723789
1902847
1647890
5583225
1752165
1612841
1574923
3785339
1622483
1678514
1627834
1610236
1834672
3876014
1630247
1664769
1696124
1728525
1702811
1657261
1690831
1693259
1690958
1646260
1667701
1760876
1745905
1716163
3793835
1706884
5931415
1686915
1688040
1669624
1805394
1611154
1652250
1737822
1540010
1724094
1633668
1638237
1484306
1572396
1629754
1733069
1640874
1630744
1597853
1746236
1666893
1741474
1699491
1679144
1616964
1778269
1678943
1611938
1772466
1754206
1690918
1699294
1641304
1620742
1657975
1636375
1608237
1699529
1665034
1608974
1654644
1628668
1679814
1574340
1686794
1622207
1485253
1624735
1567673
1693816
1583063
1696791
1621188
1663953
1492609
1766928
1690022
1670978
1667763
1785186
1755672
1713375
1719157
1667317
1692502
1646941
1700358
1597672
1681621
1704460
1680534
1691845
1698987
1722674
1743431
1736455
1694352
1612061
1600290
1700713
1685419
1710947
1648292
1696281
1555028
1652314
1655151
1622888
1679800
1735879
1612225
1707592
1608928
1655001
1649143
1650184
1658419
1583868
1642024
1608255
1631044
1693964
1545170
1660852
1591830
1749111
1732111
1593670
1723011
1624193
1527272
1631734
1638647
1422930
1679643
1714320
1723272
1706245
1715052
1746805
1758182
1730717
1628278
1674278
1734175
1760055
1697849
1741025
1623457
1665349
1809266
1711884
1790641
1677745
1659338
1878710
1712559
1654420
1714943
1712065
1648192
1474600
1716605
1583364
1570133
1776718
1544628
1515187
1575592
1546103
1573281
1622284
1575778
1653614
1569396
1534146
1612253
1541700
1557327
1563281
1643378
1620784
1568008
1581185
1599924
1557332
1582848
1546130
1634887
1589553
1455427
1532766
1593217
1437390
1633981
1541939
1693042
1596418
1562815
1466936
1625064
1585410
1637414
1526576
1578081
1560099
1547920
1608608
1515979
1544018
1469397
1779175
1470632
1543773
