1893891
1243862
1495667
1514575
1250776
1594298
1739432
1675489
1560922
1662193
1505508
1617984
1637910
1454763
1681794
1656766
1704742
1692962
1740349
1711401
1695347
1745086
1666276
1722152
1727442
1719563
1750665
1714299
1762490
1711034
1720488
1696091
1741963
1730659
1696508
1691641
1720806
1665720
1728562
1732521
1677108
1734487
1713606
1663807
1688931
1720026
1662692
1710578
1731017
1769692
1695472
1816220
1670594
1541430
1747559
1398355
1514126
1567865
1572788
1633143
1389313
1466019
1703733
1739839
1551274
1706798
1724582
1491043
1722301
1743958
1582617
1705653
1737712
1640491
1689127
1729376
1546583
1720707
1748070
1564026
1709588
1750477
1504411
1695867
1725252
1569513
1607052
1711336
1654699
1705837
1719588
1525012
1702171
1727197
1637379
1722900
1729662
1521209
1691201
1723349
1615653
1732281
1392279
4187072
1723560
1734998
1518854
1724455
1736226
1454459
1819112
1706717
1495862
1614912
1481583
1615032
1729565
1576844
1488768
1685009
1647323
1472398
1621023
1618636
1517518
1626230
1612814
1513487
1608550
1632553
1610591
1726439
1652321
1706270
1717650
1690565
1658333
1703926
1743448
1526493
1613071
1805385
1563043
1672653
1724698
1627568
1808558
1913441
1573227
1469776
1393168
1177701
1534132
1549184
1418551
1589811
1608282
1587758
1449825
1658239
1633663
1705272
1740200
1639562
1602763
1746433
1627241
1709241
1730812
1628819
1687107
1628467
1568240
1640628
1736123
1678283
1635754
1606812
1614981
1675087
1684757
1619684
1685437
1646207
1622621
1662129
1737467
1669321
1698246
1724592
1571302
1702252
1743996
1608063
1730630
1733272
1526548
1717532
1747316
1597704
1731586
1780520
1661635
1724807
1746679
1622143
1700857
1736146
1635958
1711587
1749540
1577702
1702466
1750117
1508940
1725322
1717791
1532718
1719423
1765688
1530484
1711567
1650756
1565953
1718832
1627079
1648250
1711416
1732769
1628329
1709588
1748564
1530878
1710997
1743100
1529885
1710761
1683288
1749208
1755313
1762260
1745426
1768030
1753969
1517534
1703419
1729984
1558004
1664675
1597028
1779256
1421670
1692917
1255580
1402560
1444848
1700794
1608255
1568344
1458323
1687482
1749507
1497176
1725623
1563862
1540526
1698110
1602434
1599084
1610948
1660877
1490456
1712346
1743346
1576435
1601716
1740142
1487238
1723356
1709017
1494471
1552852
1607765
1488420
1645418
1700987
1561993
1709693
1616616
1626112
1721406
1513800
1548960
1713510
1732746
1539678
1580016
1602795
1576642
1572952
