2704987
1941049
1864964
2129103
2182732
2215957
2104340
1912038
1691702
1968014
2207943
2125465
2048589
1925075
2269442
2212825
2203975
2231820
2184348
2190139
2202306
2195869
2261996
1926502
2244376
2258445
2301096
2238986
2106342
2291403
2339824
2304453
2357994
2418757
2399235
2354145
2106165
2245124
1935485
2242240
2242016
2266124
2273626
2273630
2221036
2225273
2388712
2193294
2315184
2400161
2237142
2412298
2328630
2183419
2273031
2260334
2202490
2401386
2318334
2330462
2044132
1985262
1907555
1881262
2005674
1972462
2030194
1997387
1911245
1949888
1968408
2006683
1984807
1920624
1965012
2110389
1986680
1981259
2087249
1970238
1988546
1994137
1951636
1800968
2005388
1950599
1908998
1992659
1957819
1912155
2023858
1979083
2010501
2017186
2060774
1966792
2204918
1995945
1976422
1939637
1928643
1994295
1992427
1915884
2034251
2001107
2065807
1998226
2006040
2037040
1998272
1945380
1977833
1924559
1935277
1827363
1891642
2025610
1812564
1957711
2001768
1798752
1744032
1927807
1830342
1836693
1915628
1897583
1766749
1743872
1686591
1729560
1947949
1908405
1917104
1941523
1912084
1910699
1969981
1917022
1937898
1962443
1875214
1981037
1933264
1986590
1930604
1958909
1975702
1957185
1992348
1951807
1898234
1988711
1841838
1874593
1899119
1921989
1720203
1782308
1771352
1930498
1958912
1968925
1850688
1983745
1963185
1938444
1940349
1909394
1934378
1894168
1916594
1881714
1965971
2011725
2207103
1868589
1956403
1895259
1865098
1954535
1948469
2049115
2020754
1914342
1972489
1902004
1925002
1791652
1884808
1919762
1979463
1923816
1938383
1938213
1939778
1913837
1954599
1904734
1917212
1938353
1955692
1893258
1952037
1896513
1958710
1948814
1863607
1913461
1962490
1959739
1932522
1971402
1759791
1926037
1905710
1947065
1916262
1699662
1921204
1878374
1918685
1902771
1913492
1924252
1938521
1798275
1968196
1937055
1911222
1737270
1991080
1562502
1923545
1599723
1948880
1757567
2078549
1916779
1814920
1946873
1944728
1942005
1771415
1922632
1913458
1901164
1768481
1761258
1795517
1780992
1811972
1790519
1771527
1920919
1871431
1793381
1971449
1791252
1764846
1899298
1797562
1702138
1906734
1794270
1834427
1825768
1814893
1772888
1880204
1867596
1763198
1983781
1756627
1779148
1825628
1804338
1672369
1753427
1754183
1934578
2100209
1715773
1775688
2002955
1807038
1713944
2008296
1750568
1901968
1673392
1743538
1585347
1738488
1731346
1808646
1837688
1723212
1739404
