2063377
1802783
1817233
2122653
2079769
2285291
2231386
2326955
1866849
2049480
2042690
2153799
2088403
2209705
2241656
2236781
2207049
2188917
2242115
2254066
1913087
2221340
2233501
2339107
2303171
2194641
2310627
2297959
2253057
2247683
2335332
2307217
2285909
2343770
2282653
2230992
2342956
2277787
2310792
2270441
2260356
2230555
2248980
2268616
2282691
2325625
2312641
2189521
2378796
2189539
2299445
2363986
2269786
2172188
2307625
2320099
2300157
2324587
2169546
2319186
1967219
1916507
1824622
2035340
1945420
2040537
1933384
1988555
2010629
1880798
1978955
1843442
1892877
1883873
1849123
1983180
1869593
1793831
2063986
1957645
1930414
1987979
1917971
1857794
1818613
1873913
1866319
1964589
1855613
1833838
2094017
1789928
1832942
1940999
1871232
1792281
1948836
1946881
1892501
1925071
1844068
1989982
1951494
1988770
1801714
1937700
1900267
2021459
2095989
1903895
1927506
1965400
1859022
1703006
1666053
1724023
1912564
2035542
1871573
1858455
1747071
1775290
2170551
2058640
1848922
1893823
2034716
1923751
2002830
1889250
1931869
1949460
1932570
2017125
1911644
2059271
2048495
1894868
1981068
1871535
2003537
2015174
1928666
1932985
1968884
1936507
1812494
2022862
1885803
1914383
1966481
1853972
2056366
1973029
1913624
1879129
2014465
1930294
1998019
1970345
1779913
1896621
1967333
1892762
2002101
1924972
1929214
1865633
2034650
2057581
1941070
2028956
1888109
1844719
2026712
1927208
1984035
2030326
1982936
1837198
1997297
1837408
1970644
1980515
1995345
1976273
2033767
1931866
2006603
1838377
1899465
2006505
1989441
1889867
1930837
1962579
1963065
1969936
2050615
1932240
1919304
2025829
1882589
1879615
1916612
1984215
1969428
2037050
1931858
2011988
1989326
1797017
1942306
2062846
1916267
1920726
2037690
1889293
1877203
1943827
1923604
1921831
1890687
1845062
1915456
1962542
1934608
2002779
2009771
1969508
1928080
1971882
1927870
1837646
1965533
1921819
2003631
2017466
1936855
1935538
1924451
1881195
2003452
2053296
1926670
1983865
2039323
1793074
1981641
1968034
1932830
2008691
1969881
1879703
1854562
1903423
1905706
1929516
2046131
1720041
1964601
2001985
1782889
1877960
1841388
1927526
1951625
1917410
1866303
1885686
1978612
1977609
1745014
2038075
1889429
1875489
1972941
1947514
1910794
1804627
1841022
1886669
1970630
1931936
1910800
1935814
1936224
1917307
1946483
1925924
1786119
2015492
1881796
1854343
1862863
1957084
1798664
1850348
1858423
1840153
