2545619
2120223
2094982
2172841
2203085
2205267
2202759
2336079
2223119
2287333
2303981
3465496
2334958
2345730
2185980
2205765
2229110
2069428
2263707
2279688
2188760
2249033
2331930
2060578
2242516
2335061
3666124
2239162
2252261
2168089
2312709
2412941
2195242
2263207
2286420
2178917
2249053
2256430
2238359
2241166
2287061
4103816
2269339
2256520
2210600
2276324
2208139
2251249
2299158
2287156
2220960
2249848
2294301
2188717
2230933
2302724
3646516
2231959
2214659
2278464
1904947
1983877
2030206
1950666
1988751
2037005
1979449
1985968
1970525
1966697
1982237
3666092
2010428
1928950
2029556
1985438
1809456
1961234
1969067
1852705
1942735
1931207
1867467
1952055
1969257
1924066
3221806
1888335
1924385
1929996
1896096
1955655
1932998
1939698
1924837
1951098
1900771
1891413
1959432
2183864
1890749
2648259
1796889
1757143
1880962
1875999
1864651
1866400
1922209
1889569
1899333
1969032
1892695
1880165
1962907
1895631
3670858
1974289
1836081
1918457
1994672
1924130
1835595
1932091
1900132
1967414
1892710
1921743
1888944
1858062
1858488
2887786
1918622
1898259
1865312
1902915
1902325
1925303
1921794
1911392
1905668
1946200
1894438
1929435
1915998
1920520
2823763
1910004
1937915
1881792
1585885
1756058
2066221
2100746
1876636
1803357
2161647
1812946
1832642
1974834
1859237
3501045
1986430
1961529
1989670
1889499
1888588
1967425
1899260
1982236
1960713
1945834
1972183
1976349
1946833
1972320
2841666
1954165
1905701
1984831
1956515
1946828
1957023
1920532
1956689
1940152
1850927
1966951
1961243
1913635
1927764
3030520
1973501
1967077
1896294
1931060
1913840
1965129
1759739
1941896
1894169
1975095
1913574
1913848
1973755
1966805
3395044
1847764
1946059
1949984
1891253
2058282
1943827
1939528
2056622
1967605
1937762
1963847
1949699
1971863
1921688
3799850
2005726
1974506
1964253
1699124
1889885
1970030
2020207
1949907
1934289
1873902
1927354
1975396
1810090
1950704
2873960
1869492
1911314
1951098
1906478
1946439
1964585
1911254
1880318
1998040
1846235
1924964
1895178
1829647
1915908
2877325
3781843
1938261
1998597
1695365
1798190
1610754
1934224
1757165
1794620
1851241
1827441
1805160
1914225
1881189
3394815
1866072
1871166
1875603
1922458
1894341
1917595
1917822
1929733
1777726
1861072
1756181
1858570
1862898
1854789
2950569
1944068
2017716
1850071
1775805
1857701
1750823
1796745
1811195
1720308
1880063
1775867
1764682
1872623
1888011
2250345
1912089
1790501
1807901
