2338759
1524778
1620601
1501008
1525386
1700511
1487553
1376902
1759797
1702261
1409041
1633203
1347185
1570706
1638765
1587915
1538497
1619736
1529849
1598770
1791325
1757570
1749948
1783670
1703941
1624440
1770925
1779245
1629227
1716775
1656384
1520045
1780721
1725699
1597770
1449869
1782549
1632535
1710121
1769330
1572073
1707387
1621087
1680570
1637835
1768192
1484014
1731208
1641932
1547558
1764018
1648751
1631072
1712023
1662760
1738094
1656346
1728605
1600379
1660521
1641004
1583884
1757107
1648636
1598590
1688608
1709227
1588374
1760363
1649098
1617146
1707074
1648635
1630484
1765842
1542544
1533761
1774107
1586160
1485094
1768340
1542104
1682873
1757627
1596982
1644479
1771157
1632761
1494679
1794616
1675466
1650831
1655547
1648066
1613612
1689883
1552802
1569978
1653340
1643762
1335423
1586085
1561675
1602364
1676411
1557783
1681095
1664144
1579760
1555405
1696912
1719485
1545510
1762697
1693176
1606930
1756160
1663070
1725133
1791235
1591676
1875984
1837608
1704826
1501755
1779881
1630353
1580625
1774207
1609114
1485039
1757111
1649995
1484569
1803985
1665225
1565784
1586574
1606251
1432325
1613853
1584043
1518544
1743325
1597684
1434761
1640909
1535689
1670500
1704091
1596295
1644862
1648784
1585054
1354419
1572619
1586134
1534796
1737319
1583965
1526919
1659571
1692626
1540719
1730647
1617620
1640659
1595720
1720907
1521133
1735557
1724325
1508730
1731146
1716564
1485595
1718464
1653417
1625730
1692717
1585404
1437593
1618791
1556044
1399276
1728475
1400852
1408346
1495714
1613161
1533019
1483054
1466835
1620343
1568065
1673857
1559064
1696763
1603133
1647390
1721026
1545906
1450252
1480446
1601490
1603345
1749765
1589499
1529565
1648810
1583819
1483376
1745264
1542630
1505125
1730929
1594464
1625996
1613626
1556231
1649263
1627730
1557469
1547242
1638398
1541420
1739924
1674030
1568513
1514070
1639075
1555826
1551679
1737898
1570976
1433653
1648629
1710927
1459621
1731717
1823818
1616337
1720325
1574896
1535219
1713722
1650273
1487465
1671640
1637481
1598380
1676336
1752474
1688750
1782764
1697620
1654945
1769729
1688910
1682054
1773194
1698727
1635714
1716020
1562790
1575075
1770650
1710875
1680080
1787637
1701714
1628881
1773631
1691532
1515165
1750582
1702123
1698872
1723246
1561279
1547350
1600240
1671045
1633584
1791470
1414530
1186640
1944626
1494647
1611817
1758940
1619289
1260023
1525153
1461077
1410857
1650817
1645756
1674236
1716020
