1835431
1389842
1638674
1088232
1463975
1414062
1258277
1725955
1754915
1409338
1682865
1676457
1568135
1705298
1782902
1791231
1821015
1831532
1636695
1708820
1782693
1709056
1815768
1860916
1702778
1713551
1782422
1820194
1738647
1922925
1689371
1864094
1761688
1882712
1757281
1837913
1747182
1736437
1798784
1789108
1783515
1854230
1836763
1849993
1858237
1823095
1794652
1839545
1675776
1710827
1743882
1778464
1679193
1676506
1697951
1673776
1717176
1710143
1692130
1751554
1761816
1667173
1617310
1741460
1768616
1737539
1653376
1667631
1743174
1713667
1603475
1704175
1766850
1689611
1691910
1653997
1733491
1751826
1709925
1629497
1747225
1491131
1684060
1736481
1579624
1584370
1727382
1679901
1539843
1744660
1763906
1687207
1669777
1681926
1687822
1749061
1667147
1530234
1617573
1669065
1638469
1655594
1776146
1686284
1718047
1753346
1667432
1734111
1713421
1676359
1732477
1665127
1685630
1749512
1708531
1616963
1726951
1723505
1617145
1739024
1717187
1611173
1690937
1723867
1582693
1696740
1675328
1728366
1725274
1581406
1555892
1614255
1435225
1506973
1920065
1468352
1500393
1647298
1555743
1493680
1572866
1599063
1709338
1590293
1636033
1610849
1676467
1556725
1650254
1443768
1823022
1763321
1748251
1771405
1657187
1733902
1707935
1720325
1719359
1709933
1678117
1737495
1677956
1635475
1733551
1671365
1642330
1729549
1717656
1682680
1699938
1661280
1582101
1666657
1646954
1667899
1731093
1704712
1536088
1738359
1589237
1661168
1761038
1619887
1780983
1742668
1565043
1659957
1722368
1665953
1711545
1785401
1752220
1755641
1759782
1603504
1748493
1676700
1549623
1856029
1674591
1636483
1720177
1755160
1627326
1721318
1714071
1753626
1764407
1803919
1747010
1769702
1750267
1764871
1747077
1768242
1781794
1703776
1760915
1703611
1723352
1705874
1813427
1752158
1769621
1730054
1666851
1767697
1726274
1752228
1756734
1526172
1766565
1759022
1683380
1727003
1784495
1749033
1733984
1816638
1712681
1793161
1884036
1777988
1779861
1743272
1781442
1709435
1775008
1662887
1710197
1759842
1824008
1712907
1789369
1766715
1782988
1771251
1850013
1713026
1766326
1688700
1693977
1731344
1664205
1787032
1724463
1767881
1704451
1779217
1818816
1718545
1783291
1524176
1827303
1792788
1697590
1766986
1711915
1606570
1736661
1800307
1959494
1731363
1735282
1779933
1800278
1789535
1838493
1736535
1764262
1676138
1791323
1617984
1627998
1667541
1726327
1610629
1614000
1810279
