2503026
1944508
1799306
1865453
1946318
1880144
1924097
1963154
1945484
1911787
1968122
1989583
1880069
1877429
1973478
2028938
1924992
1937265
2003844
1864463
1892713
1934224
1958554
2089930
1975098
1865426
1991408
1954657
1950354
1959288
1899583
1962024
1940899
1907621
2000402
1850801
1802677
1893233
1939488
2112043
2062712
2052072
1983280
1983043
2002969
2022347
2021831
1848517
2032432
2019979
2049961
2030711
2012038
2032916
2047091
2016929
2048219
2055385
2034446
1981499
2032588
2059301
2056234
1982477
2020350
2051884
1929363
2029464
2056775
2088192
2046645
2034240
2054241
2026112
2032848
1967813
2176463
1975720
2040765
2186933
2056431
1990093
2243018
2010475
1879969
2056461
2010204
2057571
2026464
1908659
2033929
2014024
1977674
2028428
2000158
1955344
2014865
1849516
2001860
1909164
2014654
2004344
1983384
1970714
1945180
2026839
1950538
1785411
1974576
2018573
2004518
1900073
1915416
1991233
1984103
1961287
1936723
1994954
2008412
2003834
1997703
2008721
1944239
2021200
1961720
2002308
1994970
2031703
2030761
1914330
2184492
1841321
1890757
2116969
2088512
2085750
2004044
1940818
2087779
2039521
2029174
2082705
2063563
2047031
2007051
2038454
2086490
2021175
2241840
2098006
1988389
2020789
1965473
2071853
2033048
2035739
2098963
2016564
2026230
1948347
2069452
2029794
1999879
2028362
2072725
2092813
2030737
1781721
1971112
1956727
1999350
1948768
1973077
1953644
1938849
1959124
1960335
1976764
1950242
2001007
2015144
1955067
2012558
1964240
1967752
2004112
1984424
1955438
1990518
2044314
1942661
1962443
1943171
1938733
1948821
2013594
1957993
2005414
1906061
1899467
1962182
2031963
1943753
2022314
1967673
1949854
1959234
2002562
1942032
1959100
1985801
1853478
1904466
1981381
1940462
1920730
2001859
1909483
1890927
2019379
2020393
2006498
1887968
1834681
1957914
1972245
1959969
1799785
1923697
2063975
1966624
1727506
1511122
1685072
2024788
2057492
1797487
1964601
1979058
1965434
1870756
2157377
1709127
1548452
1729670
1798316
1963018
1866377
1871692
2000143
2017269
1961707
1985470
1908653
1989182
1919926
1873427
1969097
2019033
1905478
1956433
1948210
1952007
1899402
2027559
1904078
2003153
2035839
1895609
2008672
1999153
1904936
1952824
1989094
1944038
1976811
2047788
1914737
1871779
1963097
1993568
1835666
2031165
2007067
1984672
1873897
1971672
1819360
1919847
1954902
1957892
2380368
1879555
1919492
2048239
1928881
1916559
1941933
1922829
1914204
