2362000
2142816
2440390
2317546
2608476
2807817
2638565
2793620
2773136
2601318
2699715
2777283
2694731
2454979
2651760
2512325
2566061
2527724
2638284
2656890
2618781
2639197
2483444
2469158
2606999
2551528
2557000
2482641
2477589
2533635
2292992
2481744
2769566
2638992
2477603
2629043
2620903
2555705
2620810
2563296
2528990
2572874
2616810
2464585
2609096
2548102
2579899
2637290
2647119
2611630
2541493
2750493
2601702
2474909
2646695
2522599
2558826
2303313
2512893
2578560
2535734
2192571
2642822
2571486
2467970
2626032
2579574
2522218
2549650
2636560
2545664
2508728
2607251
2426404
2537385
2436177
2650234
2492887
2579476
2513569
2741378
2605553
2581954
2601583
2639627
2572134
2404739
2489928
2537027
2608005
2611690
2449442
2702327
2627047
2579450
2542169
2658500
2667389
2661226
2556534
2528688
2624944
2582988
2567834
2617304
2492039
2626261
2566158
2562631
2522435
2678702
2591782
2641841
2537189
2532221
2562784
2604102
2266014
2367415
2490279
3221212
2426557
2283321
2512090
2433086
2375144
2274053
2389033
2342143
2439613
2404354
2396242
2437737
2357343
2362371
2279361
2393018
2371944
2381067
2362965
2333636
2284700
2415602
2383191
2423894
2374738
2429709
2329616
2386004
2465423
2184681
2205045
2276466
2386331
2644365
2642333
2391074
2460829
2328177
2506844
2414002
2638235
2408991
2424587
2751296
2380483
2388238
2514766
2471308
2319541
2488886
2357030
2485716
2431632
2545606
2418822
2594010
2164505
2392543
2247735
2272319
2251342
2351997
2565744
2445467
2335547
2557900
2439101
2460165
2511609
2288886
2451478
2482875
2551619
2759020
2460127
2326601
2518428
2540171
2346042
2653231
2418895
2509233
2388214
2568824
2393705
2397609
2521068
2396692
2289377
2576869
2400353
2491144
2696635
2476589
2539333
2555753
2415873
2831017
2579395
2451262
2499935
2547734
2341881
2641530
2181082
2449066
2509338
2588080
2550694
2626255
2509569
2491156
2488997
2592544
2459458
2443548
2236859
2506630
2539157
2626210
2322967
2486627
2561905
2456689
2503499
2545109
2476325
2467194
2554224
2498283
2431028
2586532
2305623
2529085
2510765
2544114
2533723
2433088
1873448
2720141
2325198
2345195
2608518
2644094
2474479
2728670
2307142
2139082
2643762
2570474
2557929
2671947
2685605
2763002
2734310
2702455
2600287
2730142
2643145
2625055
2676359
2677660
2538634
2797597
2649414
2613262
2682275
2686227
2603080
2741945
2715052
2704705
2753040
2787521
2618774
2787747
2240461
2617131
2730056
