2908903
2084026
2263749
2222874
2223434
2237400
2316996
2292218
2145715
2228356
2326330
5730837
2244751
2284087
2278629
2120739
2210890
2248429
2252437
2292694
2181596
2309594
2389557
2232033
2220075
2294052
5188353
2421254
2199142
2204946
2210866
2305475
2388821
2542818
2457140
2266492
2227356
2234469
2266024
2375495
2274951
5799270
2258272
2328000
2271974
2327535
2382046
2314317
2332331
2386821
2339713
2347082
2318828
2319141
2204864
2412186
5670626
2330735
2248676
2339892
2024914
2039337
2067719
2064878
1963672
2069288
2095470
2025138
2019315
2111263
2037950
4428986
2054059
2002404
1970270
2068242
2094302
2024641
2133723
2098181
2000128
2038511
1980472
1897141
2038056
2077911
5662844
4621116
1903717
1982150
2003732
2037417
2037227
1968802
1923038
2038289
2030238
2004931
1961188
2030967
1880467
5174695
2039812
1889623
2013783
2061942
1949566
1978982
2069306
2040083
1957284
2053925
2009740
1960358
2022001
1851671
4741575
2039964
2045788
1987922
2077554
2008978
2164499
1940931
1887497
1937452
1955121
1882757
1934947
1873862
1783782
3627983
1881176
1818765
1886967
1832775
1724592
1942933
2003351
1529237
1819697
2046368
1696574
1866614
1865506
1811937
3869102
1948758
1990459
1974473
2003807
1976659
1999754
1983535
1798992
1972574
1981373
1939008
1967097
2010928
1894453
5767958
1996664
1963017
1974233
1985682
1946787
1991299
2004964
1984409
1958058
1995642
2019151
1921168
1980707
1823893
3726942
1955139
1833895
1925666
1932936
1886003
1953614
1916531
1783601
1923121
1950841
1807223
1923157
1956981
1910038
3772275
1920333
1904037
1868252
1963238
1890308
1925777
1949133
1908152
1880224
1949303
1870832
1875980
1963616
1946757
5547590
1923788
1911123
1865612
1953673
1917930
1908265
2013671
1911773
1875272
1951624
1911797
1890903
1941578
1878451
3606902
1939940
1915798
1882351
1954128
1877354
1929724
1948514
1904487
1868582
1982223
1861592
2182143
1982778
1881817
5224453
2038364
1910347
2008041
1747775
2252272
1711288
2074291
1861562
1797182
2059799
1984782
1885652
2021799
1847006
3448926
2246836
1841782
1916668
1981879
1945697
1871218
1966518
1933243
1866650
1938607
1872711
1781981
1932462
1847283
4010521
2000269
1888938
1958432
1934224
1931222
1954924
2031388
1926608
1990513
1943991
1963643
1929730
1991233
1901507
3660267
1927591
1963294
1902038
1964372
1947343
1912188
1940552
1875509
1934458
2018012
1935613
1725819
1959074
1878241
3475575
1956388
2240618
1821997
