1603537
1332544
1434459
1664352
1580742
1736617
1667813
1711622
1748115
1781378
1747561
1745263
1584478
1719014
1745703
1639118
1617561
1683657
1581042
1538321
1566997
1425405
1620154
1714104
1642186
1698198
1702784
1597698
1735227
1723000
1615754
1634600
1744960
1632153
1630467
1738411
1651583
1673166
1699247
1573505
1637982
1691847
1664582
1632968
1730491
1743430
1616142
1728482
1742598
1736997
1714497
1691873
1784821
1643897
1619198
1714436
1685841
1563237
1729870
1701025
1619285
1724267
1706852
1402406
1607326
1635732
1630911
1613955
1677396
1579332
1626045
1654575
1722308
1763379
1795391
1805556
1709108
1766706
1703308
1719882
1714385
1764412
1603927
1562134
1606222
1697802
1721659
1743537
1832144
1739016
1734870
1690622
1747912
1758259
1740071
1689912
1710621
1686479
1697455
1700810
1538877
1777219
1658769
1697467
1756524
1675141
1680738
1740449
1688049
1710881
1748563
1718907
1657772
1718359
1772569
1635966
1772795
1687328
1710661
1755377
1699608
1715995
1746541
1690649
1743049
1750698
1869802
1742642
1744172
1740410
1700716
1769130
1747157
1683391
1723431
1755792
1722431
1745108
1673308
1709012
1654455
1676745
1897574
1729565
1533331
1585285
1645783
1495599
1482289
1579496
1561808
1645739
1602685
1601209
1667912
1779576
1687243
1679438
1684590
1694318
1881676
1703981
1612341
1751936
1674576
1606357
1794529
1685168
1648562
1694506
1686780
1631148
1653901
1705539
1613001
1783438
1752302
1745874
1792587
1757856
1687912
1675319
1682619
1830315
1684196
1751586
1714294
1724859
1737467
1767925
1729355
1747605
1724728
1727139
1724745
1763958
1730909
1708755
1665631
1743643
1715322
1808701
1811703
1926453
1589832
1713028
1730372
1668076
1692655
1735629
1625021
1715380
1739080
1652925
1708043
1723156
1689835
1689410
1571448
1673763
1685118
1721876
1715761
1714070
1732422
1784969
1671822
1744228
1695681
1712899
1715336
1694942
1654533
1743758
1706402
1664122
1709038
1715160
1832126
1693165
1657710
1841812
1715753
1752903
1710166
1719492
1713619
1700292
1618177
1650597
1639096
1614577
1810841
1519001
1648590
1659715
1504984
1766526
1684129
1715694
1678227
1688141
1658405
1747076
1636881
1542694
1662997
1804975
1692110
1608109
1601880
1647952
1685310
1646582
1807298
1724277
1673071
1665282
1672729
1642945
1709398
1658169
1663999
1689997
1710963
1713728
1823125
1686785
1650769
1649727
1721186
1681756
1644837
1765672
1646771
1646184
1714268
1659486
1697512
1639732
