2007627
2129948
1973850
2034573
2247969
2279698
2272862
2266552
2223220
2120103
2183376
2270112
2207011
2161167
2343617
2019161
2183403
2033121
2042161
2169430
2160084
1846963
2174940
2146924
2150077
1990869
2102423
1977997
2109572
2081899
2110073
2052025
2080746
2101843
2129955
2117260
2079493
2127455
2078696
1972367
2124736
2092673
2253372
2119863
2110665
2098652
2160707
2083736
2106976
2127833
2086903
1902195
2126149
2060662
2018233
2156766
2112162
1981281
2130249
2105502
1755352
1709569
1776498
1783319
1861867
1869412
1829053
1886976
1901917
1879780
1884515
1902438
1939838
1897389
1906186
1938750
1886882
1909229
2013704
1686289
1791254
1722565
2070278
1897049
1872277
1895842
1966760
1659185
2027922
1651236
1763219
2015008
1853019
1707987
2067318
1894250
1729296
1907441
1922588
1741061
1894562
1937330
1865130
1893060
1914349
1900295
1896252
1911737
1927435
1887573
1840835
1795334
1915750
1868474
1887903
1984933
1931360
1949344
1964431
1937916
2040071
1956016
1785098
1833974
1918075
1976161
1801629
1833735
1892951
1673776
1872584
1885393
1861753
1860811
1892040
1815348
1868897
1899124
1802805
1861741
1764927
1787204
1966955
1959336
1972146
1935116
1935112
1845826
1870019
1857619
1917926
1924620
1811345
1915840
1899567
1925930
1974538
1911861
1896780
1816366
1931133
1851970
1878480
1867095
1883699
1772575
1820409
1871582
1848842
1869839
1881872
1682079
1869126
1891563
1756145
1784249
1887519
1729606
1866255
1841353
1779353
1858186
1801812
1693442
1875052
1881965
1882468
1928193
1875479
1833485
1875949
1891272
1757330
1834229
1810964
1762848
1852958
1878170
1835701
1855481
1784111
1742538
1851955
1828250
1919822
1825474
1867311
1846671
1896607
1955350
1921260
1926195
1918027
1928080
1897313
1966083
1875852
1950656
1916637
1936136
1932080
1923970
1939790
1928776
1873325
1953907
1935237
1980486
1916471
1941392
1956643
1707762
2064986
1857803
1885115
1836665
1812609
1742232
1827712
1836509
1805758
1840925
1840675
1694812
1754927
1856485
1809726
1771886
1792963
1665870
1761657
1822741
1810739
1764302
1674672
1674786
1761451
1774085
1782471
1754784
1787876
1626140
1830538
1657905
1795033
1731471
1781308
1692370
1770577
1774843
1796091
1763163
1808748
1657422
1779291
1780540
1789289
1788310
1773260
1758621
1852327
1903025
1631137
1869159
1545959
1759994
1882436
1960933
1839500
1819385
1860336
1622275
1953504
1794962
1925098
1908946
1894194
1856765
1880203
1920096
