1798983
1650218
1566581
1610023
1596516
1522242
1427478
1535551
1618634
1585235
1425147
1645813
1522062
1583823
1650656
1472083
1754452
1762324
1647407
1755994
1784138
1574703
1772901
1765070
1623091
1761538
1752189
1603043
1851568
1768397
1709864
1711353
1754738
1685897
1752222
1756563
1728084
1776103
1749470
1646638
1661398
1738825
1619577
1718430
1770191
1716837
1655940
1762543
1664244
1728488
1767370
1659568
1771328
1698553
1693241
1727048
1672564
1439513
1789962
1597391
1253207
1612614
1687810
1439337
1670675
1751119
1675066
1707439
1801968
1627563
1756543
1797464
1755504
1773993
1810112
1628180
1798631
1802323
1768398
1758411
1847980
1758776
1811332
1795216
1763389
1768046
1822743
1758831
1868658
1809832
1707396
1753657
1761764
1710307
1799627
1674429
1655616
1791482
1804314
1727169
1820024
1828496
1756773
1751919
1810112
1628556
1793450
1798173
1710497
1732207
1712617
1653272
1686511
1792994
1636101
1725074
1808780
1585049
1747897
1608994
1482487
1777014
1801987
1647663
1728548
1795790
1680031
1685458
1737976
1656997
1719262
1734616
1787253
1764073
1862214
1586871
1863373
1782094
1791838
1749038
1777816
1597274
1753998
1708126
1643816
1765653
1728030
1494250
1670642
1715854
1468645
1734325
1666936
1776660
1709871
1743904
1629179
1711343
1769088
1692210
1652804
1704905
1444526
1689303
1606251
1440689
1547471
1567267
1721884
1690353
1676594
1816608
1776192
1690549
1687481
1770654
1774908
1583794
1681097
1684434
1567296
1824611
1761496
1662664
1780018
1767234
1713365
1739156
1689020
1782793
1621435
1670030
1698415
1597672
1769614
1624088
1690528
1637339
1563702
1600425
1680891
1763134
1724213
1579518
1472846
1738653
1669814
1587743
1671599
1643583
1768586
1671550
1616738
1612366
1785312
1607950
1825565
1547643
1796574
1775321
1717878
1861570
1735995
1842901
1819785
1732199
1693190
1829690
1832317
1788447
1806165
1870487
1744608
1818555
1718434
1781090
1818928
1728941
1829619
1820723
1761215
1842698
1740941
1829521
1696467
1820080
1866374
1705750
1706474
1826877
1751928
1638938
1660623
1694863
1713154
1694389
1801905
1777032
1803257
1760109
1785279
1814153
1819785
1794509
1725143
1740918
1838840
1726807
1766828
1792546
1732121
1785843
1779179
1728188
1715043
1765088
1815954
1768496
1754171
1680738
1792127
1782643
1612653
1815274
1787975
1653319
1751891
1852841
1827907
1663247
1839675
1898921
1739821
1786267
1823738
1709523
1877237
1720257
1794893
1773454
