2421893
1965267
1959868
2056674
1931052
1904396
2038582
2061769
2006860
2056605
2033928
1983829
2004899
2061502
2020146
2046159
1995373
1998003
2091613
2005229
1765706
1776200
1973172
1949553
2150882
1693438
2008515
2119441
1829797
1628793
1982214
2013530
2116300
2140091
1997954
2070762
1925454
1770704
1925895
1979213
1754470
1979079
1889372
1908374
1978249
2043203
1938068
1967559
1909294
1926513
1961524
1977972
1954531
1974819
1980464
1997154
1985110
1968747
2217033
1916502
1985429
2070466
1985368
1969939
1834738
2148740
2015678
1919233
2011490
1963064
2048410
2012076
1952057
2564704
1855422
2025494
2085308
1960939
2009236
2052965
2021103
1845206
2012263
2030457
2313429
2023448
2020310
1996320
2062255
1932025
1885828
1937329
1984169
2036855
1892290
1888536
1974422
2017714
1947643
2011313
2016794
1929787
2018938
2046228
2004905
2015895
2024776
1933527
2028048
2053520
1917566
2036910
2019010
2019160
2005919
1995787
2010540
2036686
2071883
2024169
2026397
2039009
1965573
2016064
1988969
1925683
2026404
1902416
1918988
2020224
2027720
1972539
2039974
2043580
2038733
2011380
1974977
1965824
1967585
2011570
1979577
1879157
2062387
1971243
2020059
2026809
2000637
1988033
2007792
1936744
2020861
2039085
2007803
2027334
2055217
1996936
1993959
1986228
2038754
2019784
2002861
1968347
2022554
1996941
2010286
2026591
2047057
2043686
2018420
2025574
2038466
2023514
1997749
2091155
2111856
2062321
2023849
2009830
1804541
2013185
2023436
2007299
1955775
2025556
2009798
1982988
2131672
2275265
2059316
2036764
1962294
2028089
2028288
2040444
2018164
2028240
2038360
2014439
2030907
2015648
2257471
1827908
1948687
2103966
2025562
1935282
2095444
2017008
2018613
1975094
2030576
1978050
2012019
2012469
1965957
2018879
2052109
1964456
1925123
2024403
1993998
2053958
2076324
1892303
2289923
1807446
1918983
2073764
2006544
1929982
2059301
1933503
1992035
1966714
2004672
2017506
2134993
1913171
1998713
2061650
2017133
1817717
1986708
2020274
1983615
2043368
2032351
1968629
2030809
2023970
1981904
2034238
2015818
2029990
2031106
2040059
2017163
1994924
2010504
2027969
2023749
1914420
2003774
2033835
2158198
2004911
2029344
2028504
1997409
2101525
2142851
2009264
2321784
2156117
2112146
2020254
2012080
2012602
2095719
2015688
2059480
2034205
2019555
2111224
2038566
1994425
2051505
2024958
2120335
2114367
2050037
2014343
2039605
2019898
2027529
2061624
2030220
2042820
2117525
2015624
