3253814
1953846
1938141
1911294
2008621
1984022
1986691
1948146
1915572
1974938
1937172
1973768
1955505
1985211
1890095
2024526
1959771
1955755
2020350
2064463
2014162
2047623
1987536
1944385
2073907
2058158
1629607
2001338
2066581
1873691
2057856
2055087
1989320
2028380
2095673
1900303
2080453
2104106
2112553
2186158
2071747
2035178
1938380
1981887
1995288
2038098
2038850
2026326
1983081
2042682
1929771
2039536
1941886
2043230
2045238
2000500
2038350
1985458
2023973
2034336
2001317
2032072
2013946
2044683
2048257
1989202
1996752
2742401
1885695
1781176
1825311
1984030
1768986
1932203
1806836
1857053
1861364
1828318
1840364
1914010
1782460
2000066
1920717
1776229
1849982
1908214
1883010
1816812
1919548
1947967
1912271
1924734
1891109
1944094
1933235
1973352
1905441
1882328
1883294
1963101
1851208
1951251
1873226
1753518
1830963
2100253
1962725
1892945
1963477
1873516
1848754
1813283
1883724
1799186
1878797
1805445
1824172
1832116
1836293
1827074
1842861
1806463
1779802
1878910
1845456
1837544
2063531
1952868
1896698
1901768
1911830
1891223
1861918
1859638
1843928
1963609
1913634
1884759
1921525
1918351
1840763
1994775
1879129
1902039
1943451
1843410
1934971
1887398
1866838
1898865
1985616
1883554
1849330
1913039
1909420
1956649
2007498
1884421
1902841
1982822
1879916
1899324
1852750
1845340
1898718
1999532
1884153
1893950
1922461
1883791
1882676
2001372
1926679
1850879
1952779
2006708
1439463
1836479
1622784
1477718
1876778
1902980
1808477
1729666
1711578
2172457
1950698
1838926
1959012
1875724
1872790
1888719
1883216
1921986
1839847
1840943
1884820
1828932
1926141
1972676
1829123
1972351
1831398
1930921
1899846
1887511
1876976
1815402
1865055
1854669
1870561
1882600
1885290
1956796
1876255
1920131
1961001
1880594
1889200
1832922
1877847
1933399
1813278
1852730
1895230
1989508
1906110
1863520
1925083
1892534
1899246
1865594
1897881
1862284
1798042
1820612
1872578
1803331
1868286
1873121
1816283
1863610
1821538
1881434
1885504
1881314
1896435
1890358
1908641
1829738
1855910
1874188
1815483
1851794
1865888
1862361
1888662
1834837
1824309
1872081
1915745
1859423
1892016
1915328
2156811
1828973
1908075
1943626
1848040
1871929
1869500
1848575
1683895
2010132
1876684
1909926
2090493
1897094
1786767
1621440
2024207
1705996
1866819
1683751
1736941
1808889
2726592
1713608
1822296
1831490
1756809
1946636
2017992
1809830
2037948
1943493
2028523
1873318
1961296
1975565
