3247876
2030550
2055963
2120437
2049099
2126728
2087297
2049704
2115436
2051496
2084254
2097388
1992650
1936835
2075210
2049014
2046822
1843995
2049656
2037867
1999666
1960299
2029753
2065120
1955933
2111405
2010460
1941735
2052584
1923482
1996616
2026055
2069271
2060296
2024948
1886548
2044916
2012707
2040323
2014359
1981850
1985511
2053307
2049532
2002889
2039359
2005206
2089163
2035320
1995995
1986955
1995781
1886827
2078174
1979240
2036946
2057547
2033070
2028653
2116620
1981130
1980588
2118861
1912318
2088398
1844726
1916601
1901551
1999569
1908801
1982393
2010350
2021129
2025004
1994289
1964965
1950825
1982142
1969625
1981120
1968390
1824523
1971553
1928399
1960875
2018324
1945050
1957491
1973189
1988499
1899014
1992243
1968489
1958954
1971235
1962229
1880855
1972440
1964811
1901324
1977859
1869177
1965541
1895163
1947748
1924570
1960234
1925942
1957570
1865927
2013935
1923810
2166955
1922415
1966320
2000388
2019489
1922605
1940355
1974945
1959175
1968949
1957626
1989059
1957165
1949158
1989466
1984105
1954769
1897482
1958885
2000890
1964773
1962958
1977468
2037766
1988926
1941999
1977115
2053365
1985576
2025450
1951389
1997572
2000349
2024402
2017739
1998248
2009910
1933369
1997841
1974009
1980455
2196877
2000105
2056102
2002300
1999976
1998059
2026176
1810536
1995670
1954764
2139084
2008906
1651368
1411395
2320925
1907812
2138682
2016610
2028949
2194823
1948869
1867785
2023766
1991869
1973114
2003532
2003341
1957865
1997484
2028820
2024289
2003190
1981134
1996219
2019306
2023660
2028840
1972079
2096597
1974180
2015306
2044896
2017586
1928630
2089582
1937709
1963395
2083356
1971070
2027064
1975599
1865766
2066001
1984551
1938484
2047637
1972989
1903819
2071936
2085831
2083276
2050990
1937316
1987349
2002196
1993544
2024869
2040356
1841236
1949709
1995559
2342984
2053191
2051661
2119263
2079507
1998000
2084262
2036981
2044946
2007452
2019849
2122224
2050097
1965829
2056112
2031601
2057347
2058191
2057477
2028291
2052701
2008190
2054527
2048161
2130988
2008955
2069431
2059521
2085882
2050526
2011240
2006350
2082290
2172116
1951044
1955468
2000000
1981760
2063302
2062645
1882905
1849017
1982605
2028063
2026181
1993896
2029390
1974408
2045752
1834628
2043111
2000880
1882074
2011402
2067184
1995296
2020491
1946536
1989736
2019219
2025309
2035526
2003375
1992542
1951508
2024739
2050590
1965184
2028600
2051377
1945068
1967795
2063371
1983774
1965944
2044536
