3179652
2864288
2770315
2869059
2630200
2740467
2581603
2703354
2825665
2771075
2756939
2666318
2760081
2704078
2809809
2781132
2692861
2644103
2605315
2517888
2876056
2577065
2890252
2941593
2832209
2742890
2844712
2721376
2628110
2719421
2647487
2280390
2847686
2735376
2467493
2748091
2663954
2514439
2655060
2676714
2719841
2585641
2688129
2601653
2834785
2357071
2809057
2582275
2620956
2854001
2676246
2647847
2598834
2676415
2716434
2661525
2723991
2659310
2614011
2654020
2628462
2830407
2538413
2568740
2734598
2653376
2665757
2911332
2667559
2574702
2699953
2529114
2334396
2247011
2341268
2455001
2225920
2405506
2523280
2751293
2216543
2600757
2780610
2570763
2730337
2653652
2691149
2649334
2537213
2653616
2497177
2675755
2743714
2651298
2769790
2805125
2681813
2678077
2812421
2622061
2881867
2656697
2613779
2825305
2770302
2727762
2847591
2604503
2595118
2394194
2759955
2676080
2698425
2823256
2683438
2777695
2901204
2614994
2606624
2569919
2581423
2617183
2672759
2658194
2767357
2822710
2696283
2892553
2742971
2807938
2771943
2779529
2753654
2704360
2763125
2757451
2788399
2711084
2770695
2902396
2856738
2710674
2906426
2685973
2698813
2701597
2748386
2750256
2764745
2679234
2736347
2876870
2787195
2689958
2933960
2778831
2798937
2635824
2779282
2728375
2951396
2694254
2673476
2801728
2801908
2754326
2816186
2570947
2858500
2738794
2879871
2732796
2855413
4736869
2572276
2382047
2602565
2336957
2371465
2301411
2484415
2679752
2589917
2504154
2273986
2697615
2653583
2571582
2716628
2719191
2511753
2723050
2739874
2673474
2698020
2644928
2717910
2590330
2757007
2989707
2855422
2725544
2892915
2766194
2779150
2781886
2781290
2775066
2767599
2669603
2857466
2788284
2778405
2844369
2781994
2667109
2846490
2597923
2806051
2786756
2751932
2752100
2790089
2772200
2716910
2824585
2852511
2702314
2817016
2763760
2593719
2848202
2660095
2584814
2777402
2755801
2758735
2723932
2683875
2767875
2785501
2715678
2716634
2824581
2803396
2765474
2758909
2653870
2784181
2787346
2745647
2346758
2731144
2695124
2773875
2772988
2718704
2735934
2798896
2799848
2535152
2486089
2791930
2492802
2821136
2648230
2755316
2766211
2564869
2640804
2595179
2636858
2670519
2700791
2676610
2670073
2629886
2518530
2652197
2698541
2558953
2523662
2692779
2548763
2624889
2738720
2659811
2498589
2742045
2660108
2687040
2792560
2706880
2701518
2745084
2686115
2749350
2633575
2590323
2639187
