2643907
1970524
2147578
2149843
2099627
2277387
2229545
2269014
2221084
2289106
2175736
2235630
2313318
2183643
2305556
2333298
2142020
2405810
2249540
2272071
2230576
2273010
2269858
2289301
2248700
2237259
2234340
2309110
2325938
2242125
2233460
2161349
2233626
2210659
2211634
2148551
2271550
2245335
2260617
2297546
2284917
2306846
2265100
2223856
2331222
2202759
2238154
2299210
2270341
2279067
2295855
2258704
2258904
2296614
2311221
2247841
2273021
2320748
2242094
2273904
2099794
1764856
2084647
1906719
1958910
1837427
2002210
1942522
1818888
1921079
1964504
1879343
1872319
1983346
1959539
1902789
2016497
2105048
1878207
1881357
1869707
1828994
1772616
1943249
1947479
1977950
1935629
1901403
1883044
1981945
1951829
1800752
2151132
1913248
1869091
1841110
1893884
1959248
1804031
1994855
1917778
1870148
1920399
1955990
1925338
2006408
1971109
1958369
1944771
1942361
1913325
1935705
1976831
1990225
1821299
1996809
1916009
1860737
1923920
1919082
1858798
1882434
1997416
1961249
1869098
1851348
2113844
1851978
2124415
2018717
1940364
1829561
1885313
1884532
1755607
1696955
1745681
1772695
1871710
1860018
1952659
1954790
1957999
1887953
1756217
1803495
2206897
1935135
1944005
1836757
1905588
1863483
1893748
1983506
1834901
1986590
1951672
1937360
1819353
2062133
1846779
1941319
1981721
1973692
1962641
1964036
1834533
1775116
1797662
1827157
1946618
1866905
1905155
1818039
1972774
1816269
1970411
1932030
1879114
1831482
1928100
1722505
1923952
1719154
2018998
1815700
1852983
1940291
1900373
1884708
1865341
1860108
1777530
1885378
1818794
1925109
1872693
1892938
1843513
1813232
1864221
1825463
1877038
1785083
1964936
1843237
1809863
1860478
1887939
1827323
1932178
1771820
1856794
1843247
1749775
1730551
1789237
1781046
1780961
1769846
1789102
1805510
1725991
1739785
1852004
1714091
1863747
1877563
1808426
2081696
2056110
1713009
1914090
1817421
1776791
1690170
1787034
2046315
1873865
2046337
1856462
1833356
1970748
2198559
1914078
1856180
1939295
1980766
1900434
1944965
1837842
1934564
1921404
1862059
1931819
1838593
1931569
1913452
1861890
1790182
1958765
1957724
1969482
1932674
2014657
1961069
1902280
1950670
1900494
1930195
1910350
1943249
1938266
1991650
1943449
1946019
1951104
1961089
1954339
1898392
1909295
2083319
1901097
1973889
1954855
2385583
1874037
2021300
1840907
1994269
1848321
2008581
2039525
2149452
1954345
1938135
2064801
1962075
1898814
1942530
