1757530
1208505
1658901
1422710
1367075
1444746
1440465
1529687
1532636
1463620
1606133
1768802
1460359
1617112
1762603
1555405
1669031
1714885
1745267
1720340
1578973
1710385
1668651
1769864
1694731
1719656
1780275
1569567
1826471
1769280
1747324
1662988
1684502
1667818
1772539
1723710
1667859
1774058
1772662
1743067
1727773
1784995
1661009
1805257
1771887
1723360
1734891
1777316
1756901
1726314
1771576
1725051
1725540
1784887
1667591
1717539
1774265
1713165
1854711
1792005
1764861
1710345
1779398
1644271
1691028
1678347
1744735
1710466
1747308
1658671
1794466
1784730
1616720
1733460
1772571
1744853
1786885
1781326
1718711
1725289
1693220
1884831
1763506
1763706
1682045
1761131
1755798
1687090
1862528
1776610
1775315
1762200
1681677
1578310
1602064
1614780
1772477
1896113
1531502
1679675
1670598
1707123
1463157
1695076
1710794
1540584
1769701
1746847
1653528
1663205
1701810
1626405
1705545
1742185
1708667
1727962
1759614
1630121
1714685
1670011
1670065
1624336
1729970
1667517
1647922
1761417
1730481
1659935
1728922
1746640
1710641
1778979
1875891
1589022
1732415
1685800
1682918
1620666
1573567
1656400
1668824
1736117
1540165
1645505
1544611
1642902
1646251
1615536
1641374
1647280
1615985
1635823
1621566
1627153
1604652
1580478
1641338
1549797
1660171
1461074
1692647
1677231
1557362
1632397
1643407
1504446
1489545
1599226
1462447
1687321
1561427
1623594
1655887
1647324
1554888
1625209
1682787
1590983
1501519
1586206
1574635
1558551
1489412
1544570
1461928
1482461
1537552
1750881
1559135
1224037
1578371
1653521
1448792
1693989
1534615
1207302
1561805
1490070
1491075
1535908
1586167
1428665
1400258
1576231
1505022
1507795
1580586
1545021
1379214
1572311
1562008
1471026
1576241
1551138
1531651
1724235
1578121
1570984
1562941
1428565
1584170
1569535
1554181
1463369
1580786
1533727
1513735
1633671
1662966
1638271
1804517
1639005
1644838
1691735
1600270
1621540
1632660
1722365
1719121
1676744
1719202
1858815
1687620
1714031
1700972
1670389
1738272
1778326
1745580
1735461
1593268
1752365
1641951
1629474
1718557
1669980
1537281
1737805
1730109
1682298
1689280
1719391
1714157
1740597
1624261
1630157
1834193
1605973
1665725
1687025
1672343
1676572
1678425
1663610
1471906
1691080
1793180
1595725
1636255
1557025
1662857
1722591
1488720
1701187
1718078
1622245
1666929
1646073
1682966
1698556
1683480
1688721
1706870
1522671
1516489
1753460
1430471
1559999
1517558
1588487
