1990598
1664932
1663189
1636374
1761828
1722233
1732455
1663244
1701138
1799907
1750491
1782669
1790635
1768504
1708344
1806834
1731235
1784781
1790971
1743129
1768570
1715004
1572778
1703248
1723488
1679799
1663750
1780849
1786085
1681100
1791745
1745105
1661523
1710224
1641882
1731808
1721435
1804610
1709366
1700456
1707071
1660328
1745847
1696757
1655185
1769665
1690925
1645180
1716631
1768164
1659298
1640324
1697595
1648789
1685403
1709991
1628120
1705784
1696974
1606715
1764885
1698670
1703514
1692557
1636169
1704411
1681209
1718342
1706014
1704240
1627522
1715357
1770614
1691951
1713714
1938170
1801052
1573327
1803777
1547989
1626499
1547867
1596534
1676566
1582423
1581271
1434865
1780767
2000311
1632845
1826915
1720590
1594118
1806297
1700880
1720600
1726047
1726304
1830285
1825257
1780115
1713580
1760605
1707485
1720656
1815092
1753013
1750868
1814291
1770140
1809575
1759770
1715334
1764023
1969597
1823206
1764775
1829179
1744614
1757701
1801708
1536332
1782171
1798481
1696554
1754298
1733648
1710940
1753334
1736588
1744290
1739234
1762315
1730307
1760075
1751451
1928660
1756161
1760388
1698640
1760337
1740659
1650016
1709236
1756839
1718567
1559845
1752626
1646303
1749738
1758388
1689350
1701589
1750565
1580737
1731818
1701884
1720497
1704225
1747459
1684470
1740875
1744009
1635579
1738944
1762531
1687349
1750609
1744264
1707724
1663615
1754687
1618937
1593462
1706000
1568930
1662913
1746936
1489999
1682160
1689397
1489040
1665783
1744341
1558577
1748343
1552140
1646933
1933573
1639907
1646865
1723044
1688573
1585698
1715944
1757274
1649688
1720710
1621926
1641080
1723255
1638067
1560791
1661247
1639723
1698557
1627409
1704284
1462617
1640537
1643426
1638629
1526708
1629185
1606495
1550603
1577985
1647824
1550579
1704335
1559099
1520757
1638398
1540738
1285217
1713286
1707996
1511568
1657697
1555314
1640579
1625716
1664570
1637833
1637939
1640839
1617214
1698431
1637155
1684354
1740430
1767735
1729126
1744296
1785035
1736634
1732564
1534467
1731669
1722909
1648899
1689783
1747145
1767220
1705908
1717368
1711176
1697778
1738720
1712377
1741500
1695615
1648408
1702109
1723264
1786381
1706591
1748205
1661697
1698231
1735571
1707914
1666167
1650026
1775984
1461687
1761991
1464793
1303123
1638546
1480530
1414974
1540279
1503102
1552338
1632834
1557067
1686326
1681323
1661480
1682720
1582354
1639508
1686651
1633014
1705688
1676076
1626306
1604295
1703594
