3031087
1969455
1950789
2050133
1956099
2021261
1992186
1951886
2012010
2049765
2031500
2080629
1976500
1999898
2031947
2045866
1995746
1925286
1864053
2010020
2045691
2018140
2045461
2017184
2044810
2034450
2015254
2035210
2041080
1957882
2069951
2036728
2020280
2047185
1928376
1774780
2112741
2048784
2041247
2035466
1690810
1792014
1843995
1725839
1834065
1880486
2001118
1948418
1824551
1715747
1978170
1874234
1997361
1854872
1877502
1880954
1871161
1874224
1847660
2027018
2056210
2058344
2031727
1919307
2048595
2076854
1865435
2021127
1944310
2064890
1980115
1941702
2076653
1957243
2090225
2049167
2036400
1950199
1838166
1912327
1977593
1910058
1989604
1913911
1865871
2017834
2103860
1981369
2065880
2023805
2049731
2000684
1966347
1983507
1965871
2065876
2048363
2041309
2051784
1978457
2040805
2042186
2090783
1927184
2028094
2057010
2047964
2030494
2076920
2043153
2033384
2070703
2046855
2033026
2060615
1991012
2046172
1992556
2047480
2030182
2062462
1992702
1963136
2081008
1985954
2024749
2043490
2086835
2015721
2008284
2088866
2027694
2092036
2054234
2033517
2066915
2061575
2044584
1920038
1971793
2142128
1943289
1764556
1484438
2062085
1652552
1869251
1704809
1915410
1827122
1922378
1732789
2007368
1874648
1942397
1933912
1917679
1950497
1838958
1893192
1813086
1926345
1995873
1872071
1847838
1902748
1881220
1818271
1910696
1976749
1872967
1888448
1895099
1844400
1961394
1958602
1957218
1965888
1970094
1936260
1945977
1969547
1952338
1952989
1977718
1910749
1929438
1974748
2013524
1968935
1993880
2025067
1917831
1996343
1923383
2339728
2016995
1841136
1982131
1966186
1970875
2341616
1932342
1958663
1915625
2076641
1907377
2044581
1973530
1957875
1970060
2019640
2063253
1976517
1983983
1998182
2061838
2040394
1973837
2050064
1984464
2002685
2004780
2092134
2066443
2109034
2065980
1859831
1906136
1855813
2014943
2140753
1738923
1827000
1980964
1897722
2247883
1785882
1601907
1756094
1923377
1868133
1862147
1912057
1847125
1878403
1910646
2050650
1950396
1939026
1923010
1922262
1932640
1974333
1974241
1965763
2057706
2083325
1773324
1986166
1997941
1977394
1956271
2008227
2083144
2034694
2005875
2083845
1981517
2057116
2062460
2051375
2074615
2019198
1999875
1972252
1999954
1926444
2044663
1943614
1995955
1987873
2020878
2078375
1990203
1990675
1935753
2032994
1959023
1881352
2129653
2075533
1884463
2025601
1987381
1971243
1916614
2049664
1901194
2018847
