3248882
2918134
2802069
2758120
2750022
2653004
2709950
2677748
2852315
2142003
2605167
2581825
2687040
2610985
2638893
2664330
2565557
2715979
2720442
2539038
2726972
2583727
2612594
2548520
2740989
2563519
2588653
2713460
2521817
2583050
2707634
2655203
2730348
2751038
2696884
2733472
2670325
2636041
2595792
2514197
2514395
2651456
2785390
2506903
2537913
2699639
2932740
2227937
2298411
2548579
2645523
2635740
2637188
2263521
2383674
2648131
2489427
2541336
2556303
2528753
2707863
2473499
2747077
2375518
2727244
2578594
2775284
2643320
2534081
2620593
2709313
2610994
2692744
2564130
2470852
2690307
2599418
2558978
2805518
2501680
2566768
2437487
2591194
2502387
2694280
2531586
2595203
2722718
2569544
2506103
2581330
2627443
2748253
2790664
2601359
2448692
2628147
2533559
2834532
2594932
2714241
2790848
2835134
2667300
2452559
2927588
2635119
2715588
2844728
2439984
2692495
2610668
2544327
2652479
2708552
2621742
2689938
2586437
2677344
2398948
2689540
2752381
2765588
2734538
2724011
2590053
2655940
2607857
2639588
2427989
2669081
2480297
2614303
2579563
2554846
2808284
2651418
2453420
2707828
2570307
2589493
2547577
2502900
2571113
2712249
2534778
2405930
2480264
2332085
2551006
2779545
2319832
2528072
2232653
2433313
2095490
2334255
2375868
2413894
2501462
2448823
2264169
2648297
2518407
2611358
2781200
2604513
2455561
2845781
2441620
2605034
2476652
2701107
2473626
2627822
2502297
2742493
2615769
2579121
2397461
2714204
2608558
2756487
2663069
2593620
2587328
2584655
2660827
2742097
2626207
2646623
2565317
2764018
2547839
2531687
2905630
2446631
2596383
2767400
2538837
2722912
2501552
2550102
2509954
2664337
2481604
2585046
2455296
2503293
2570647
2826714
2511406
2539384
2487885
2469579
2569768
2599982
2497208
2664554
2489920
2517344
2560217
2710313
2498128
2613111
2746983
2507304
2676694
2607443
2568223
2712200
2421757
2523123
2457283
2834397
2658907
2732670
2734063
2493997
2566650
2678390
2474486
2713269
2812944
2692220
2520517
2639909
2676243
2556439
2487671
2618411
1990012
2886579
2712252
2499667
2779723
2773228
2585241
2513833
2613891
2637094
2544234
2751833
2629627
2212183
2810339
2471120
2421953
2545774
2468677
2542953
2513660
2546942
2680109
2692947
2660971
2519153
2494640
2431829
2271233
2414799
2511553
2625133
2499971
2755799
2450358
2510306
2585533
2574663
2546763
2685876
2462786
2564847
2658290
2520509
2748896
2546337
2527184
2716363
2782494
