2555502
1779593
1873615
1835382
1739789
1808893
1864317
1795095
1859324
1866113
1884073
1865898
2688086
1843247
1863806
1872888
1877424
1930907
1853961
1831099
1865617
1862873
1900664
1744251
1778574
1897790
1880302
2907087
1895388
1853954
1994727
1805230
2001112
1861531
1871730
1894470
1854288
1928678
1884264
1918128
1898864
1916335
2914781
1778607
1943884
1997151
1836836
1867882
1814691
1908977
1864701
1786892
1899331
1806291
2009506
1836273
1713907
1822313
1853101
1843905
1873381
1811508
1867290
1886661
1893473
1895214
1880301
1818004
1867579
2014303
1900703
1882429
3535683
1774217
1854864
1905307
1773778
2146436
1775440
2011987
1843873
1841513
1927872
1938788
1879128
1770750
1849731
2681647
1933773
2001816
1865978
1788978
1884603
1951366
1878594
1982395
1888221
1876197
1885288
1840468
1918778
1877032
2003311
1855151
1891137
1754833
1812708
1875218
2024698
1926697
1892447
1845411
1980677
1957018
1965228
1855738
1880917
3459504
1909773
1880557
1851128
1899252
1878932
2019373
1851378
1926354
2009201
1884708
1885288
1835203
1793132
1836137
2126832
1541236
1907658
2143035
1849164
1934934
1721353
1866427
1889357
1959110
1900362
1880827
1952584
1918068
1888138
2097006
1906735
1882281
2011111
1889327
1884035
2006967
1906762
1871434
1882561
1897992
1867741
1875094
1907732
1890617
2164170
1885800
1943958
1879907
1896221
1896935
1882258
1884366
1854669
2013316
1804568
1900380
2001252
1861091
1894631
3394915
1889392
1891667
1953927
1880194
1864768
1893147
1899364
1750148
2027231
1993692
1967533
1986166
1969670
1894165
2178546
1819190
1948081
1750933
2050232
1878587
1871193
1808134
1653128
1791595
1816625
1767049
2020788
2017833
2065014
2167521
2083046
2054760
2058942
2218159
2066552
2081031
2077702
2060936
2096559
2088501
2016999
2024699
2042468
2012550
3029972
4651959
1845428
2075720
2009653
1916738
2019539
2014762
1980406
2042933
2001890
1973913
2030376
1849889
2011207
2581386
2041842
2030510
2033516
1995071
2015697
2031758
1981923
1979480
2093901
2111080
1984453
1974731
1898397
1977310
2880856
2007740
1936497
1973697
2059872
1990388
2012602
2057843
1975287
1988983
1993970
1967073
1963978
1972013
1963423
2483258
1994477
1978680
1978500
2161465
1928146
1988948
2069932
2015604
2051622
2080597
1839988
1874274
2011527
1961077
2775557
2012714
2010021
2032657
2074910
2018857
2030807
2060883
2002677
2021321
2060780
2022139
2037017
2060496
2042662
3041157
2012498
1995944
