2982889
1824869
1859924
2095585
2034700
2078661
2081681
2052023
2096437
1908219
2027044
2039130
1934967
2030490
1980080
1994017
2176825
1986002
1992576
2030133
1845279
1956943
2052480
1943724
2024100
1755597
1930332
2003844
1976277
1875868
2057824
2006958
1911082
1868565
1959284
1840395
1976675
1799625
1996484
1889603
1558271
1823890
1969202
1771894
1943294
1880513
1770648
2074690
1998837
1983816
1976819
1985834
2026516
1986003
2038067
2026007
2018583
2033436
2004049
1945693
2045445
2149059
2033400
2036534
1914059
2057308
1977800
2027805
2030548
2050818
2064710
2042809
2052919
2018707
2039045
2043866
2050472
2053637
2029504
1985119
2040302
2023490
2003105
2034510
1990537
1988989
2082146
2055763
1989851
2026833
1945793
1988221
2023475
2035445
1995055
2002240
2033007
1944250
2019111
2030893
2045590
2033300
1982228
1974024
2036785
2042198
2578751
2064246
1974454
1978363
2012065
1945926
1975707
2016418
2014954
1970792
1997836
1994580
1924626
2002459
1905803
1966525
2000869
1956852
1932065
2083978
1987216
2034452
2084184
2021687
1716615
2076524
2089127
1977424
1880093
1960186
2817369
3252064
2039710
2086403
1943802
2236015
1929085
2061925
2027746
1879682
2171647
2039757
1933770
1904566
1955501
2491405
2062159
2000833
2017682
2071546
2087803
2026960
2085363
1778366
2064739
1864342
2067176
2061496
2082138
1998406
2021455
2034007
1994980
2012660
2003785
1919733
2099527
1897756
1988079
1991693
1917808
1988410
2100441
2013287
1996200
2122596
1932613
1854324
2108150
1988109
2079067
2111986
2114018
1984259
2229782
2004429
2081555
1927420
1932782
1967185
2494209
2016282
2020696
2203789
1962690
1952142
1967251
1915862
1923672
1765508
1703863
1887875
1639197
2039633
1857030
1925213
1942259
1946323
1958779
1949896
1932420
1958250
1949481
1943296
1960561
1968931
1946415
1914569
2002109
1910954
2414248
1921668
1945446
1901909
1940479
2206612
1936498
1975601
1953665
1975296
1945851
1966605
1968396
1937036
1968768
1970213
1906233
1962579
1877317
1950400
2010641
1922727
1977706
1938180
1942180
1965620
1949579
1944415
1944671
1917694
1976280
1983480
1909528
1979798
2010841
1948003
1965651
1979560
1947430
1948414
1915962
1957430
1974816
1915727
1954212
2515696
1942214
1907898
1909235
1795385
1812252
1964908
2007726
1974011
1954080
1958387
1947462
1887162
1942279
1952255
2050280
2024535
1962319
1945574
2005479
1894705
2006871
2009241
1948146
1982770
1905349
1951121
1950909
1838388
