2970657
1847770
2150085
2240165
2245211
2313186
2326843
2226782
2254805
2358999
2337794
2387720
2232076
2241642
2098677
2194562
2231681
2370788
2236398
2240109
2215036
2040186
2192513
2238798
2353010
2285758
2276173
2279304
2082386
2432758
2085741
2109601
2233961
2383594
1993739
2282495
2320089
2258838
2262112
2562118
2300899
2290989
2379899
2300012
2251242
2295602
2345095
2317895
2192093
2333864
2366284
2326707
2304397
2243549
2311954
2336160
2299164
2287213
2289152
2265835
1870351
1907932
2005630
2004675
1984730
2060670
1942118
1907946
2099014
2038719
1957273
2044094
2114653
2069213
2054155
2055434
2089421
2029984
1945728
1970419
2025906
2078930
2025087
2057670
2026201
2078975
1943846
2097986
2028260
2008423
2096283
2013844
1991359
2080319
1980092
2108564
2013337
1993687
2076307
2011999
1977819
2101547
2021919
1997224
2076760
2046160
1984880
1966852
1977665
1989692
1950222
2110654
1956517
1963768
2072937
1909947
1977157
2008127
1963019
1977102
2064037
2033030
2069166
1993303
1860504
2148379
1982319
1933491
1960088
2101504
1992928
1816844
1659956
1969176
1790834
1828309
1861462
1760557
1901772
1809423
1874979
2044936
1829941
1744091
1965013
1820501
1936653
1906476
1726084
1870448
1931338
1881835
1892857
1856943
1747109
1878389
1928296
1911966
1871336
1788605
1844458
1868408
1916769
1916525
1928964
1849617
1840362
1868932
1825136
1906375
1862513
3340239
2017864
2016969
2071854
1969237
2020711
1952826
1878792
1984232
1990304
1920165
2004214
1984250
1964964
2008428
2041056
2003209
2047315
1954303
2039928
1891789
1906799
2111919
1976099
1882336
1898425
1930163
2147456
1697505
1929695
1821663
1948179
1929379
1956545
1927133
1942253
1922012
1846954
1946839
1842734
1898942
1851110
1870612
1748266
1759131
1885720
1941055
1962445
1833538
1930593
1719292
1639253
1783428
2031740
1933796
2002731
1817962
1703680
1807934
1908390
1627720
2081906
2037240
1880031
1868434
1879342
1772104
1840484
1857330
1741004
1874558
1861335
1735257
1817164
1852782
1788046
1771063
1878544
1820169
1884824
1805443
1801705
1879632
1859825
1795518
1811542
1862662
1824073
1745662
1898165
1908339
1915082
1870964
1795328
1868198
1854834
1777528
1878803
1800433
1784773
1821898
1870415
1821181
1815816
1810999
1867365
1814768
1859524
2292158
1925565
1872450
1761597
1819361
1856390
1887201
1875774
1858865
1686896
1761202
1822790
1857008
1896523
1834542
1890902
1876471
1827314
1743081
1762438
1887875
