2236305
1824535
1964790
1827868
1967562
2017642
2099246
1919939
1872880
2074965
2046071
2096212
2065686
2116392
1896806
2095630
2058001
2047795
2088045
2082405
2045116
2020631
2069817
1908044
2098405
1974976
1939199
2153179
2092458
2020981
2029895
1863870
1922180
1853610
1571986
1921574
1971399
1875793
1946531
1947924
2063542
2055082
2106093
2083566
2123899
2087282
2064182
2015609
2119626
1933295
2126142
2095142
2077155
2025295
1970686
1876764
1979705
2026861
2072942
2003601
2100632
1975905
2014695
2015725
2057786
1955955
2070326
2023498
1969088
2014840
2020355
1957194
2072470
1980618
1816349
1907003
1953632
2108509
2245637
1708870
2063735
2208959
2052065
1953335
2087252
1956309
1985247
2093120
2090239
2048124
2402584
2024406
2093366
2074548
2046929
2084169
2096512
2121922
2084105
2003835
2085236
1982674
2366361
2122291
1944614
2034474
2030999
2036467
1975785
2023736
1853130
2052296
2080709
2070427
2091525
1867268
2024027
2105879
2062996
2056742
2038740
2039149
2028161
2034626
1971469
1988672
2039205
2068480
1992358
2019032
2108365
2052099
2088280
2029638
2076957
1999358
2126496
2041545
2039685
2097896
2075904
2091692
2080545
2071720
2086495
1956946
1968801
2100830
2076244
2097971
2068116
2114562
2071066
2078292
2043468
2074971
2084355
2111808
2023189
2074098
1863747
2092293
2116862
2107570
2026405
2077380
2055320
2135312
2079786
2105649
1993467
2048391
2025194
2075371
2100196
2010209
2032359
2070289
1987695
1705079
1687518
2105239
1880940
2237643
1881730
1924235
2132041
1891418
1928774
1962751
2021635
1958958
2015562
2034111
1987044
1962440
2032735
2012142
2017821
2047646
2012950
2013331
1948180
1952270
1897330
2020729
2021725
2026701
2010134
1964369
2018891
2035717
1990072
2006021
2019116
1953034
1966344
2062125
1999167
2017700
2053366
1875515
2009548
1974834
1931807
1989069
1954735
2003347
1992849
2085472
1995291
2075702
2135931
2112296
2106997
1886749
2106241
2114429
2134077
2081587
1937145
1938470
1996227
1893230
1909921
1947459
1963611
1975879
1982244
1975395
1993130
1929024
1979515
2052229
1960200
2040839
2028743
1993275
2065846
2016457
2040883
1978464
1938095
2032800
2049460
2023645
2019435
2040545
2051876
1928760
2031271
1978844
2030406
1882916
1861637
1855050
2001205
2037770
1980881
1996965
2049665
2003095
2065549
1882657
1927405
1927160
1995945
2002318
2020447
2059841
1974553
2035868
2041551
1967800
2031216
1942474
1964438
2102290
2085009
2083125
