2066426
1527897
1416678
1715724
1550083
1014050
1571122
1625390
1687650
1570999
1675520
1669579
1732517
1644811
1712181
1817087
1693516
1696954
1891124
1725656
1780875
1768806
1718687
1772370
1817377
1760546
1791998
1902560
1767737
1759376
1804612
1759606
1725477
1749592
1715510
1681830
1779819
1710731
1721041
1821973
1725402
1921647
1845183
1721745
1585805
1512374
1305225
1478426
1278524
1316738
1272533
1233442
1380532
1236202
1276170
1315364
1377445
1375038
1309036
1189662
1539568
1319873
1238782
1468525
1307614
1279770
1176871
1530141
1231492
1289486
1320714
1245871
1465426
1366969
1283802
1318106
1265716
1159625
1562642
1260471
1133178
1167826
1236365
1088301
1235666
1250884
1129430
1328213
1173776
1080876
1209742
1238832
1144687
1269256
1231487
1193928
1124169
1242971
1237004
1200113
1427202
1291910
1263895
1184395
1136208
1424552
1421081
1155392
1345567
1220007
1131994
1011615
1240343
1341208
941016
1131655
1345041
1100733
1228349
1062158
1357855
1416299
1404653
1392485
1400031
1231962
1295651
1558568
1270769
1449010
1382885
1220169
1267975
1360278
1270538
1296170
1464174
1278596
1262564
1354599
1262510
996529
1156190
1171852
1512794
1384438
1390165
1579895
1351094
1290773
1543194
1516480
1256907
1382011
1482093
1307186
1385155
1394241
1164923
1433512
1386624
1436380
1456487
1604036
1631325
1574182
1532394
1351622
1529671
1503093
1299474
1507141
1497722
1298538
1520255
1514458
1485388
1308429
1491218
1404279
1411249
1516298
1319035
1408075
1421653
1421109
1215197
1422139
1243671
1225981
1474810
1504084
1581478
1627695
1373809
1490368
1494955
1592024
1417427
1367699
1505354
1482567
1457512
1423007
1406115
1474807
1185247
1378088
1388629
1298334
1553738
1631303
1610289
1432239
1593123
1559494
1544127
1584923
1630570
1553147
1590735
1622918
1580933
1503471
1653100
1650687
1471582
1448972
1693240
1558367
1502461
1435389
1456081
1445141
1584164
1577561
1199167
1514192
1434664
1442255
1674693
1550467
1490896
1591692
1543520
1080322
1368272
1735307
1503857
1482452
1456422
1493011
1528360
1334830
1402493
1875468
1643154
1515986
1603979
1575063
1695523
1508723
1596122
1600993
1660142
1550994
1653334
1494676
1542408
1441546
1618530
1533032
1617064
1694657
1523784
1668266
1457718
1605503
1471767
1695541
1526404
1580759
1698781
1557532
1444770
1668954
1572538
1529672
1572395
1523739
1520838
1644450
1559877
1526707
1680379
1299083
1691289
1535994
1589268
1451610
