2595056
2163864
2218723
2215489
2304530
2294390
2399626
2334134
2274253
2288034
2350157
2257776
2386575
2375154
2253985
2261266
2211123
2206418
2341974
2254158
2302095
2371356
2285635
2283235
2090160
2286326
2287180
2331222
2359094
2356078
2306735
2290229
2157495
2223057
2338677
2313956
2284097
2333796
2271126
2328185
2276183
2303889
2344704
2292214
2223762
2276126
2297356
2282263
2302705
2349128
2150365
2313080
2291433
2360724
2294318
2319989
2271369
2350664
2078286
2052901
1934873
1920771
1930822
2006203
1948704
2013697
1950515
1959933
2027974
1932772
1868475
2005055
2003330
1949997
1987827
2020573
1910625
1911842
2023084
1941292
2058763
1978130
1954487
1960609
1965741
1971381
1957891
1842738
1991989
1947366
1976653
2010333
1956008
1987707
1889406
1993176
1906778
1878792
1862347
1803301
1886616
2040472
1859238
1947830
2036953
1892232
1905143
1998056
2267784
1811569
2135458
2098122
1936048
1990457
1951981
1987550
1998736
1960596
1916266
1907598
2008555
1924668
1914727
1952169
1842044
1929027
2011080
1882945
1914663
1929364
1940484
1904787
1944056
1887206
1944627
1959373
1917678
1934509
1985592
1982523
1971097
2051290
1943549
1893614
2306036
1997757
1983917
1998224
1981161
1991397
2010390
1992626
1982049
2014316
1951853
1939219
2003975
2000447
2000107
1796335
1909294
1936962
1890234
1871512
1758005
1704841
1828642
1459727
2001031
1953443
1991580
2089810
1962433
1834995
1972719
1934337
1855539
1972629
1986375
1902769
2031070
1988321
1860894
1995612
1986792
1957348
2012656
1946116
1990017
2047234
2015349
2016093
1986779
1982506
2024435
1984486
1991896
1971647
1988252
1995477
1998057
1999627
1999550
1998116
1994677
1981978
2026264
2030845
1975069
1976256
1999855
1988987
1945288
1973287
1944606
1944947
1986406
2005813
1976977
2013397
1998415
1934975
1985687
1984733
1980300
2023346
1992738
1948079
1955797
1998255
2035827
1973399
1989796
1859556
1988087
1991686
1945928
2027107
1939504
1966036
2017719
2011067
1932975
1985177
1989179
1973024
2008229
1991877
1752340
2010727
1846967
1766443
1735045
1926006
1982297
1691313
1879704
1809571
1819705
1727776
1787051
1957988
1929896
1930332
1950472
1811049
1914638
1925770
1870468
1862918
1971185
1984715
1770490
2013977
1965912
1909343
2004595
1995197
2002848
1995514
2082836
1872441
1954192
1986887
1885678
1857891
1907019
1880150
1914167
1941701
1988257
1935305
1988306
1995613
2012507
1979619
1982527
1984178
1995029
1886644
