3677556
2667949
2369726
2475928
2477228
2745695
2609631
2719025
2804242
2605242
2689113
2934780
2703990
2523195
2651051
2663301
2680998
2552431
2666334
2694550
2639836
2666964
2683350
2735859
2718288
2602940
2796049
2610356
2668447
2759029
2677521
2604430
2634217
2696894
2447109
2744933
2714422
2808526
2737900
2678611
2694028
2763869
2679768
2590285
2886021
2634560
2823363
2436711
2539922
2521530
2658311
2595853
2685904
2735463
2671065
2524011
2756748
2632095
2479144
2440337
2505158
2674173
2777139
2533884
2317897
2378015
2749111
2527484
2585279
2548275
2672828
2674451
2639177
2484549
2667836
2420290
2719100
2606917
2727911
2667942
2558151
2639527
2686300
2666343
2687209
2678393
2720131
2659856
2639822
2624921
2643662
2683728
2602937
2689252
2635889
2689236
2558885
2651037
2696284
2685718
2805910
2649294
2710284
2554945
2678999
2665243
2701198
2654334
2740381
2678304
2679743
2646041
2588455
2665943
2733574
2619965
2683211
2613916
2668267
2669356
2666670
2444203
2410852
2643237
2666528
2751795
2655853
2526094
2932458
2777092
2568179
2639247
2682472
2573056
2695248
2643677
2677493
2613842
2716449
2693294
2685736
2675806
2780610
2651473
2742979
2709270
2676207
2704773
2622698
2670041
2777190
2589422
2578618
2675338
2692247
2609172
2743227
2691283
2688423
2677780
2810376
2952375
2788530
2320882
2941317
2654641
3045099
2613862
2754979
2775484
2243536
2790029
2732918
2645874
2968652
2852562
3113506
2917287
2908715
2429615
2747382
2662462
2589281
2792288
2802396
2843226
2654324
2857020
2776225
2831055
2836940
2713049
2831042
2498834
2743671
2797835
2818850
2646148
2825942
2651278
2889387
2741131
2694474
2856819
2813081
2747378
2851832
2791715
2901211
2478594
2816701
2671062
2678849
2773184
2704897
2826652
2653703
2747043
2934198
2783981
2934658
2809707
2656672
2580335
2775471
2690117
2881441
2589773
2790419
2753402
2815885
2783735
2689232
2796945
2796676
2645276
2857323
2823436
2777268
2764856
2685033
2789465
2564764
2594635
2824716
2746821
2800598
2762131
2795012
2759445
2694452
2842805
2825362
2727464
2827299
2850885
2716071
2513945
2655781
2572026
2727742
2799559
2592688
2746624
2680737
2688014
2779638
2673940
2553207
2659150
2816355
2621123
2549291
2678359
2694556
2654492
2799130
2722117
2827475
2693596
2615921
2742698
2638477
2672882
2765035
2575671
2689880
2433548
2691324
2594671
2680093
2495874
2635006
2672073
2764528
2687754
2779684
2722277
2575470
2742483
