1990183
1673640
1771092
1943101
1845970
2033850
1991277
1955075
2042920
2179026
2187489
2143751
2273343
2225217
2056661
2147361
2239169
2288050
2031693
2239847
2227320
2127720
2225753
2075930
2038722
2147808
1986741
2311275
2195873
2168726
2308887
2218830
1974945
2165891
2049973
2097960
2219405
2120143
2068063
2215646
2160671
2091689
2071716
2099142
1923717
2181557
2038328
2125508
2272021
2199605
2151335
2122807
2180395
2132081
2111753
2250377
2109612
2107708
2283095
2041592
1845629
1902934
1874324
1850003
1930234
1743562
1795751
1923301
1805545
1868286
1925774
1791349
1824141
1900161
1930611
2022304
1921686
1876220
1852976
1845573
1767202
1863524
1977299
1868334
1866944
1925911
1707240
1910883
2037101
1971252
1852807
2006146
1795397
1896567
1871530
1772982
2110970
1918035
1902534
1991044
1998855
2171930
1882760
1965778
1685233
1850110
1626652
1895660
1909988
1784797
1800805
1941693
1863560
1859367
1901644
1838543
1836778
1885886
1876796
1840885
1900175
1883040
1979095
1930956
1911136
1829169
1841473
1838185
1880878
1911591
1912353
1840893
1943847
1898564
1923331
1870524
1815099
1756016
1831077
2054640
1729603
1893023
1908214
1865779
1889224
1946865
1810457
1840477
2009601
1810066
1977455
2004470
1776291
1883026
2000541
1987421
1879978
1819203
1870503
1972559
1868343
1977017
1863211
2066031
1764812
1770744
2004600
1977000
1846215
2009258
1813753
1828692
2028321
1760748
1967297
2000966
1643539
1963816
1873540
1800225
1984055
2025832
1720895
1839811
1822733
1765086
1897919
1982425
1821857
1977073
1775486
1872115
1798835
1944507
1841149
1961805
1987810
1616375
1856915
1820178
1672412
1810930
1973536
1717764
1854986
1956895
1733398
1786244
1918457
1795875
1838353
1937500
1648008
1495355
2059562
1694213
1680446
1759086
1723447
1813704
1812023
1743457
1798621
1831983
1765236
1802378
1815074
1729574
1811377
1836106
1795244
1745501
1831280
1655405
1774113
1824698
1666509
1793104
1827699
1625745
1728340
1759078
1716903
1725994
1793405
1589854
1823883
1834372
1677655
1815589
1821089
1734007
1719412
1813549
1645156
1809990
1830095
1678945
1727179
1787211
1653206
1774854
1782931
1663137
1727072
1760987
1617433
1700259
1836149
1808745
1910833
1813505
1746630
1729309
1820785
1649092
1737909
1678344
1765414
1740981
1739761
1713804
1957545
1837526
1950364
1754643
1785855
1752533
1749070
1779776
1745521
1796604
1783074
1655992
1738639
1751301
1667234
1858147
1745471
1833230
