3577092
2204426
2320186
2355176
2242159
2291096
2264613
2235696
2296030
2198751
2315368
2306164
3633534
2350773
2307758
2235211
2387692
2401876
2154530
2337942
2245196
2302557
2340506
2296682
2096769
2430119
2354252
5288285
2336307
2339406
2321422
2326078
2334768
2344687
2327912
2302955
2274441
2319221
2330572
2357942
2339061
2316457
4236026
2328489
2308482
2358865
2048269
2339813
2157760
2278271
2094742
2100446
2387958
2226350
2149350
2265101
2262921
4160242
2315081
2187249
1912218
1971399
1981473
2003923
2071800
2008309
1946684
1803817
1866687
2023198
2022781
2079219
3399416
1997136
2003619
1904683
1832561
2116900
1912248
1913224
1969815
1890748
1906376
1966258
1981699
1915949
1946229
3347461
1949252
1873056
1907166
1942372
1884390
1961098
1922712
1918112
1858744
1950173
1943618
1905701
1989349
2004279
3264253
1960618
1957973
1892758
1997223
1994547
1798063
1988602
1954156
1907838
1943043
2002635
1804461
1929008
1970340
3692487
1925665
1997039
1906941
1922926
1994469
1929428
1911654
1914472
1743343
1868450
1866054
1837573
1862648
1911168
3079731
1902218
1843344
1753620
1878158
1905761
1791848
1886088
1735407
1809577
1891230
1778243
1710040
1906472
2115174
2084693
2014184
2013643
1767550
1680225
2238544
1866792
2158126
1885852
1789118
2036999
2048980
1812474
1853630
1951405
3150879
1803963
1962859
1994949
1823037
1959773
1921356
1980352
1950448
1923018
1943688
1876883
1772587
1803671
1842041
3001923
1967870
1947673
1832911
1835052
1876328
1925571
1754906
1949974
1833207
1803907
1959928
1871947
1886874
1881233
2445676
1829208
1789250
1843223
1781871
1877551
1742687
1847429
1803264
1776704
1839601
1867713
1641401
1786511
2070505
2472314
1719431
1859484
1725260
1691545
1856437
1788240
1725904
1830240
1756308
1809413
1398106
1613928
1492263
1779553
2040044
1657005
1748858
1743738
1716100
1742990
1702332
1690722
1735472
1734153
1691751
1736361
1628085
1732257
1697845
2335266
1687491
1720344
1729407
1726045
1729896
1789654
1685396
1729576
1729671
1754737
1725732
1739047
1743863
1730537
2412446
1553469
1784065
1826162
1729140
1749906
1728385
1805781
1782595
1752842
1787904
1746451
1641386
1748198
1689326
2292965
1749038
1817391
1839871
1915732
1899322
1768686
1831027
1903552
1731296
1798267
1901497
1849757
1799077
1862291
2319683
1877962
1962202
1811340
1903733
1738914
1816263
1882534
1889449
1896305
1908033
1902188
1886062
1916324
1795284
2514220
1829300
1822120
