3267701
2082667
1873071
2196026
2210023
2277836
2180284
2352802
2308456
2308562
2207914
2383790
2276772
2271069
2305687
2162415
2287872
2303685
2337338
2131200
2395802
2379817
2409648
2350922
2378390
2305797
2294700
2345337
2250537
2265618
2080252
2490917
2160577
2205203
2201160
2269496
2199300
2234901
2113601
2241237
2249380
2216492
2218497
2263780
2207223
2247012
2157138
2192840
2201143
2134538
2255394
2212130
2184583
2146342
2190877
2292108
1957031
2114950
2395283
2242703
1965596
1690688
1642554
1703025
1783297
1994672
2007979
1989410
1843053
2096086
1966055
1930939
1969562
2085106
1991056
1911658
2028796
1986501
2091490
1976271
1893888
1989606
1939625
1896387
1919888
2227918
1953145
1992499
2094133
1999324
1852964
2010855
1935137
2282866
1946679
2028933
2024385
1999723
1890305
2032960
1936342
2063479
2018435
1907197
1927180
1969273
1995102
1828939
2009643
1805346
2045793
1897965
1887434
1746507
2143309
2020303
1856697
2043865
2034827
1844537
1918916
1916187
2151972
1945539
1863180
1880246
1867919
1944726
1861797
1960744
1938281
1894367
1878788
1812465
1845509
1821865
1866370
1828814
1940205
1794284
1920255
1802780
1850581
1958506
1918753
1814859
1772487
1842267
1870838
1783129
1867618
1825349
1749493
1855467
1804039
1884817
1843068
1796826
1760198
1881691
1940654
1651599
1806693
2056591
1704998
1913186
1584383
1654356
1913264
1864217
1945570
1836675
1801118
1836232
1901371
1761604
1810696
1931552
1925086
1833745
1856905
1825597
1818917
1935469
1842321
1813248
1814857
1691312
1782861
1842002
1591761
2189740
1769606
1866371
1797671
1751105
1770760
1736592
1760637
1810203
1822808
1742881
1832650
1784284
1765512
1769023
1776310
1750443
1766501
1887372
1801233
1916622
1880110
1886012
1912753
1918799
1923486
1913937
1971090
1935904
1910658
1947750
1895485
1857166
1881792
1883348
1861119
1912409
1898039
1937664
1899342
1928364
1910612
1837409
1949023
1869797
1910527
1896872
1914963
1929087
1781307
1909826
1896943
1916996
1873412
1880003
1892838
1911646
1917490
1927400
1887352
1906407
1868097
1889432
1947535
1914072
1911737
1845430
1879350
1751531
1846751
1976681
1948688
2031591
2303267
2093912
1948436
1659441
2013219
1660025
1938208
1965477
1912928
1912269
1785352
1887669
1994243
1950100
1956382
2001769
1969941
1979349
1678987
1904114
2020821
1909924
1878650
1956082
2014634
1957870
1967663
2040381
1800237
1774557
1958360
1833183
1954475
1905357
1913238
1909040
