3269089
2260671
2224284
2300978
2305156
2255114
2295424
2274290
2324311
2190200
2277786
2385189
2333256
2253446
2311702
2190745
2313476
2299810
2213617
2197570
2334900
2334855
2294737
2326962
2380411
2320659
2377043
2328230
2286577
2216275
2350536
2263270
2406617
2364446
2292212
2366381
2389209
2219999
2269328
2370306
2370755
2378140
2112653
2284330
2287206
2180205
2268836
2361882
2358876
2269145
2347588
2309156
2310078
2258905
2379898
2288402
2450223
2150983
2256811
2069357
1616555
1424271
1831954
1621992
1743925
1948372
1804268
1735708
1799465
1665433
1704561
1895764
2031817
1773152
1851789
1889059
1856529
1856144
1843038
1774254
1791038
1862635
1808104
1789313
1782693
1765143
1626772
1780540
1661192
1552973
1610010
1651158
1846495
1830101
1847949
1849065
1752563
1842364
1854199
1724823
1787582
1754872
1721356
1861625
1894085
1752884
1784894
1870494
1835225
1831753
1857184
1830315
1846809
1760203
1840565
1865199
1721753
1814104
1880988
1995695
1917156
1805204
1789138
1715852
1769523
1795554
1771108
1803204
1785228
1777554
1809401
1747193
1795564
1814745
1780078
1746383
1815124
1786402
1731694
1851139
1781558
1812333
1772641
1687532
1741294
1811145
1769738
1744822
1922417
1778764
1788444
1762198
1781058
1769219
1825853
1786956
1789464
1813982
1785208
1774012
1759182
1774822
1818013
1819159
1783201
1809569
1816381
1786958
1736253
1820729
1788173
1786695
1811569
1801973
1775122
2070328
1741707
1912114
1921670
1837378
1843054
1882185
1837224
1731577
1860630
1850826
1809685
1784334
1844836
1700645
1886738
1791807
1760254
1875514
1845733
1887841
1851244
1851458
1824754
1894612
1845108
1832348
1781135
1655966
1860974
1888435
1762789
1815978
2042117
1920881
1781272
1796358
1840509
1816459
1868123
1863072
1848884
1813947
1798527
1778128
1865985
1918370
1836042
1907296
1890817
1886564
1828232
1819174
1913869
1901625
1888486
1919189
1904805
1805624
1726220
1691801
1805415
1932840
1914084
1891610
1795658
1873089
1875570
1907320
1871539
1852027
1837138
1935486
1875069
1817437
1862436
1863239
1852908
1865673
1886844
1754452
1756503
1785001
1953264
1951853
1839344
1795964
1903214
1921105
1907889
2032982
1845659
1881745
1991901
1703373
1858585
1865085
1794756
1899893
1948956
1852016
1902201
1939899
1829424
1777578
1874764
1805084
1824479
1891499
1835665
1715767
1583234
1891114
1883143
1889765
1876595
1872334
1830739
1879015
1919967
1881238
1964066
1929750
1850323
1879255
