2006350
1440110
1581731
1540392
1624072
1380903
1443445
1548597
1519504
1607083
1582153
1495316
1191815
1370794
1397491
1563989
1337644
1589633
1698363
1673255
1531246
1712652
1665593
1531325
1705264
1734564
1501412
1647887
1641487
1699727
1646485
1660173
1525421
1672749
1607002
1533892
1660250
1656063
1586859
1587953
1547787
1526021
1665061
1544553
1519898
1643186
1545484
1516142
1612742
1605614
1587491
1652386
1732503
1571453
1592176
1613438
1504019
1591162
1700521
1871535
1714316
1624883
1620035
1526472
1531476
1380425
1427576
1730453
1255471
1629206
1509034
1301349
1530114
1398931
1289446
1525400
1489512
1530464
1537985
1417901
1421685
1473688
1491782
1408680
1376999
1593199
1612997
1458783
1511347
1643233
1549532
1524876
1515581
1631192
1572218
1639995
1540744
1489536
1493389
1499271
1582719
1494079
1524731
1512456
1502516
1545875
1530689
1576544
1604880
1519333
1542579
1699409
1572491
1638021
1516672
1620530
1515015
1463121
1524075
1655409
1507878
1586663
1527547
1542741
1534618
1685602
1550462
1541991
1648630
1544149
1559293
1509462
1608223
1567286
1511253
1446506
1611907
1530142
1652636
1497331
1561757
1681233
1506309
1448526
1504535
1610818
1459119
1581522
1576359
1509971
1698514
1507487
1534612
1515036
1549513
1497847
1580829
1371865
1607221
1456226
1501682
1517734
1511515
1495422
1517918
1420787
1621006
1514911
1708084
1676303
1341104
1531822
1637333
1539546
1729288
1357240
1323707
1417025
1562397
1462921
1762716
1588897
1453137
1428858
1426627
1463051
1453268
1474784
1440436
1392515
1612603
1564308
1565337
1584205
1436685
1452002
1456745
1496202
1378077
1578427
1437922
1525290
1473246
1452588
1410779
1467836
1630343
1624859
1375346
1533915
1639972
1562463
1495236
1467915
1408199
1461415
1486636
1577911
1585516
1496847
1413017
1537026
1568026
1378932
1427077
1581786
1562856
1575385
1482421
1566604
1522136
1640079
1567993
1544487
1508323
1740858
1523926
1384126
1403135
1694253
1581343
1545293
1699516
1571527
1574908
1560803
1579498
1578886
1560435
1559022
1476386
1570542
1388855
1339896
1534516
1577777
1529289
1522656
1532633
1512128
1515536
1571956
1590090
1576474
1562176
1547683
1532487
1575263
1533926
1562646
1581441
1485281
1468805
1538916
1342625
1441106
1468656
1512598
1508028
1510101
1444615
1514275
1525383
1435121
1498549
1520139
1471372
1501703
1526781
1436811
1522847
1525057
1559132
1478099
1525593
1480352
1545821
1508659
1541876
1415719
