2013834
1520989
1492974
1424970
1553295
1484118
1508786
1625253
1723111
1740179
1686049
1812494
1689235
1672048
1775076
1833268
1700032
1777756
1823797
1748309
1835147
1732285
1687455
1792646
1759710
1730486
1780450
1875308
1578013
1751214
1813756
1721876
1783659
1793266
1687569
1828102
1782036
1706089
1720325
1822230
1821382
1765089
1820334
1796725
1762363
1840007
1702759
1764697
1820136
1825327
1771262
1755163
1689403
1777489
1757220
1679663
1807268
1891565
1758195
1776406
1843513
1797630
1755178
1786756
1776176
1565684
1691397
1376226
1443239
1658865
1511177
1684412
1786971
1593363
1773816
1638491
1552616
1810580
1776380
1694198
1786973
1591432
1743849
1780660
1805767
1698038
1748523
1856277
1667443
1825776
1824016
1794161
1827446
1771270
1676388
1756829
1660498
1738242
1791506
1609424
1775444
1760596
1817153
1736930
1851152
1795606
1837656
1793765
1668368
1780138
1740950
1655607
1806500
1802781
1774906
1710565
1739458
1809086
1724671
1800959
1789072
1845398
1758889
1756743
1811131
1801987
1609204
1684988
1770234
1769926
1839462
1768071
1762399
1789811
1765954
1801989
1593176
1694446
1819119
1765735
1770845
1651243
1625102
1721243
1731163
1736050
1742890
1756056
1687965
1711185
1593456
1725516
1755871
1593304
1723026
1722654
1705835
1646820
1753103
1684590
1697372
1712209
1607527
1646218
1741730
1758426
1687764
1711315
1754794
1690980
1772494
1632797
1545759
1783630
1659161
1671754
1689910
1600648
1660155
1710905
1743972
1751246
1761971
1711279
1687404
1754990
1575032
1679068
1723519
1760459
1610444
1753319
1776980
1689548
1709425
1755000
1680487
1744406
1694855
1721770
1744946
1636908
1620340
1787680
1674885
1760092
1756732
1634198
1624920
1731181
1563278
1743679
1766166
1793108
1679773
1666155
1677195
1621031
1773389
1715301
1613033
1745965
1755856
1698055
1776291
3055714
3883656
1544098
1422139
1552417
1599844
1436388
1537057
1706364
1654836
1539804
1491202
1760240
1457343
1675630
1806682
1486170
1639315
1700441
1521269
1639554
1540907
1514689
1629293
1566057
1527767
1617882
1527208
1629326
1683455
1495054
1582515
1655858
1615159
1609965
1663280
1551263
1421616
1810332
1653434
1449357
1689971
1584239
1528400
1711571
1658480
1671133
1707250
1587917
1570458
1644064
1541986
1591809
1852983
1732567
1613513
1650931
1591136
1456515
1616699
1707365
1623510
1566118
1633094
1648139
1549585
1506522
1622717
1651288
1645910
1507015
1636788
1645613
1619485
1659273
