3389922
2835781
2664483
2735519
2550904
2691149
2627679
2592853
2581519
2719516
2619705
2418649
2554078
2586184
2570740
2564761
2565554
2529540
2810452
2807157
2624199
2613054
2772305
2619718
2797126
2487223
2651540
2591820
2862198
2641881
2556946
2584849
2461313
1903795
2723200
2074759
2388933
2512184
2664201
2403003
2653823
2172066
2495943
2521004
2644695
2651366
2622595
2409593
2665430
2499664
2550665
2538747
2616337
2413809
2534029
2590144
2476469
2495954
2226012
2550794
2637810
2666219
2645476
2490182
2680701
2703386
2669152
2683175
2737116
2622359
2756502
2734669
2650845
2641190
2612271
2650021
2637090
2629209
2631688
2523179
2614090
2620486
2582588
2617795
2801255
2685869
2644915
2559728
2746046
2654320
2599368
2556494
2486743
2633923
2477537
2488324
2582420
2687690
2470343
2558874
2679550
2491718
2510512
2654049
2601098
2596799
2722559
2483214
2665025
2519564
2532404
2679489
2671170
2429238
2673026
2645815
2566374
2650215
2663705
2601775
2704266
2658343
2705764
2565019
2507167
2553775
2652861
2669872
2648555
2641801
2688280
2551218
2671509
2750741
2602651
2527551
2430402
2415598
2488069
2415414
2545259
2496250
2585160
2590909
2468893
2327023
2333437
2446301
2510398
2425588
2532354
2376572
2272027
2494520
2489197
2510333
2564629
2596719
2527883
2493930
2558485
2551940
2564995
2466937
2610191
2544990
2607176
2521429
2523174
2398994
2446179
2493227
2526034
2535953
2510624
2574154
2551174
2753296
2667201
2608960
2435937
2450879
2671566
2685435
2487900
2494495
2597781
2495749
2678615
2621739
2539703
2571404
2537912
2706382
2724460
2885327
2671850
2610267
2563482
2348852
2510341
2588924
2412517
2378945
2550359
2405912
2699422
2578722
2649695
2609719
2667742
2540854
2595229
2699495
2600695
2637002
2534969
2563060
2265602
2231937
2177280
2349692
2400304
2564456
2723999
2380832
2181040
2146500
2680804
2453184
2248605
2376978
2320752
2261994
2220486
2251547
2427949
2298775
2339132
2077959
2394003
2241041
2268941
2318978
2213000
2125885
2641995
2330292
2287638
2272270
2486153
2152751
2443984
2363063
2244716
2372568
2382289
2222317
2539184
2569680
2432089
2651555
2355382
2354028
2486833
2402476
2314596
2394434
2479189
2314052
2499694
2294292
2252985
2362173
2361942
2381762
2391724
2420492
2461031
2377870
2425268
2407367
2348402
2536644
2557584
2363125
2345046
2408299
2428589
2329154
2307488
2453619
2381048
2481024
2331972
2381048
2481601
2212706
2345303
2374332
