1924666
1384747
1565192
1599647
1579147
1583761
1426572
1788539
1770016
1632468
1763333
1687242
1660694
1678643
1803203
1787990
1503652
1564652
1584087
1481781
1725598
1763458
1423475
1619268
1425942
1630477
1806040
1648888
1654152
1732897
1713731
1728902
1880259
1752858
1578466
1722665
1708089
1601579
1712046
1645578
1654762
1753865
1606319
1812150
1711856
1730788
1591405
1629773
1611111
1622865
1576583
1640488
1523367
1719147
1617643
1735174
1747157
1678462
1653772
1760619
1617872
1532992
1659858
1658701
1495226
1427264
1073889
1200474
1483902
1473577
1679850
1537740
1418176
1605781
1680554
1675342
1726234
1577264
1656208
1651017
1609008
1643448
1622932
1663634
1640908
1522371
1664938
1597387
1599792
1708933
1588796
1695992
1605248
1614287
1581600
1425156
1627622
1584987
1579839
1614570
1614366
1672407
1595663
1542117
1632882
1635352
1576251
1598727
1761188
1918654
1806724
1679294
1733153
1805043
1717301
1778488
1780129
1730100
1755309
1677697
1791084
1772472
1725449
1704033
1753073
1765229
1710412
1756723
1764963
1671006
1722432
1761059
1731586
1773353
1771908
1702184
1651168
1734607
1676441
1696642
1751442
1674601
1697289
1752739
1754956
1685151
1705458
1705105
1750259
1711109
1657781
1681048
1590637
1670143
1665878
1638887
1640236
1526170
1568501
1538994
1407174
1654203
1637116
1626993
1675929
1544495
1600592
1646685
1601597
1670412
1668885
1664259
1697468
1675885
1670062
1633905
1652179
1617231
1670567
1627123
1628242
1676873
1659223
1651174
1662038
1636112
1647074
1639217
1624074
1939921
1679019
1681969
1730037
1672933
1696675
1606178
1619212
1611301
1440784
1534694
1558928
1339208
1310576
1646259
1396291
1566019
1691625
1547111
1583387
1631438
1592174
1694455
1679413
1600152
1670802
1717309
1602570
1739050
1668203
1629097
1747939
1744859
1587567
1661078
1708322
1616983
1580005
1541704
1464373
1652763
1718890
1549138
1589909
1679236
1567228
1593821
1666667
1614185
1606946
1651023
1656648
1653366
1749579
1506385
1559192
1671637
1602288
1658402
1640981
1498006
1531411
1633387
1597532
1507465
1645841
1578255
1495016
1532795
1759213
1680366
1552440
1386106
1505371
1507571
1418299
1341529
1553544
1666335
1582572
1463751
1559203
1458937
1446401
1542442
1538131
1706650
1546357
1511927
1582687
1536188
1579932
1585602
1543480
1576305
1507037
1562725
1484294
1525902
1612786
1532976
1581265
1536960
1585178
1503582
1474757
1438649
1513025
1503217
1507147
1527886
