3049349
1925882
1947731
1908142
1981063
1987505
1963087
2027784
1933500
2003449
2032806
2019008
1986180
1979607
1977341
1952554
2111772
1964980
1946478
1954291
1948127
1934875
2113769
2001308
1918469
2023255
1984921
1933724
2012756
1941694
2006948
2028166
1896590
1995748
2049027
1964125
2009298
1889790
2010211
2161774
2163769
2062073
1861970
2037942
2054296
2050818
2072545
2032162
2029301
1964035
2032546
2001535
2018786
1975261
1934063
2023050
2024375
1957605
1982691
1982700
1943111
2027324
1957893
1967838
2058102
2024282
2057679
1905433
1853296
2039264
2031998
2052047
1943153
2050587
1976600
1980851
2058217
1993342
1950673
1965751
2024155
1954582
1970167
1971805
1917080
2025246
1973489
1945561
2018919
2047453
1866343
2016468
1984629
2015326
1955555
1916585
1912106
1989210
2029631
1908882
1996719
2039052
1995926
1901592
2065070
1987154
1895198
2029341
1985455
2070036
2027068
1830971
2058866
2015085
1933987
2043268
2021462
2012806
2044187
2029236
2012766
2038612
2028251
2023561
2033621
2039361
1868056
2045324
1944614
1993154
2036731
2006339
1996812
2018061
2033736
1998405
1946539
2043403
1992533
2065478
2038560
1997798
2043239
2021447
1962397
2071362
2041226
1997451
2061423
2020817
2006672
2017732
2018962
2041798
2023626
2036372
2051059
2035409
2037887
2038672
1896360
2034973
2012021
2043336
1945959
1950820
1956986
1991571
1989705
2034567
2025387
1967473
2063382
2042296
1962115
2031635
2029269
2011425
2025719
2030055
2004335
2037833
2021142
2039944
2040455
2054006
2125412
1955628
2047538
1982337
2071866
2052338
2215509
1815927
1904274
2089666
1859160
1861622
1978842
2068293
1969752
1986672
1982881
1837880
1997791
2134431
2038474
2053029
2045934
2037982
1988938
2064860
2013182
2007150
2074702
2031543
2106143
1992921
2032257
1996695
2049865
2023538
2051227
2027545
2033304
1992557
1934798
2022365
1999503
2014364
2034122
1968104
2091798
2047943
1973599
2056599
2028588
2017952
2056858
2026830
2033333
2034939
2025704
2040269
2327401
2051979
2033718
2077580
1941311
2030187
2030164
2063862
2273008
2039130
2053386
2034922
1903776
2013043
1985514
2015205
1980485
2000262
1957856
1864185
1969517
2058257
2011819
1987025
2030137
2009279
1940791
2031211
1980186
1995176
2040757
1989338
2020246
2038128
1969308
1915700
2088826
2081801
1873619
1692955
2063629
2084717
1803209
2012457
1891690
1888686
1870242
1919067
1980491
1953153
2015873
1974603
2016434
1950485
2085902
1979736
