2690421
2311175
2387563
2349335
2246767
2386826
2385635
2250725
2284282
3846749
2256953
2407495
2292055
2343761
2108593
2254783
2344270
2295872
2225400
2346268
2100455
2260829
2237817
2134828
3378477
2329268
2101334
2274008
2256061
2257775
2327325
2308595
2212582
2313164
2256358
2376441
2295434
2300805
2206751
2220568
2272164
2008898
2350859
1996517
2037081
2000743
2390900
2026331
1936717
2476490
2154350
2201973
2314801
2266308
3455762
2313579
2299871
2287986
1859692
2067826
2022979
1965573
1997125
2038539
1870198
1900089
1888147
1799947
1841364
3474412
2007705
1896329
1952579
1896184
1978696
1841978
2007133
1956248
1983668
1849802
1746019
1988163
1800299
1975143
3457711
1884611
1850418
2101915
1834811
2006073
2000345
1962135
1909723
1976133
1799504
1994176
1842249
1828894
1746599
3216661
1830943
2209889
2079663
1824723
2012393
1835729
1880865
1939759
1997853
1881738
1639197
1708130
2154949
2034043
3650479
1827633
1976249
1861431
2003269
2056579
2073469
1785559
1938164
1883078
2035339
2088231
1813058
1749495
1729837
2760085
1948062
1839525
1717057
1571033
1806681
2022525
1907228
1891492
1368679
1621144
1689306
1657492
1672706
1583283
2911428
1690851
1831452
1788901
1732771
1934578
1825108
1786461
1783036
1836854
1801837
1848240
1856510
1758697
1758809
2723218
1795076
1830889
1768583
1823882
1841925
1864190
1792604
1832848
1835050
1768051
1731863
1764172
1730390
1820340
2891469
1841921
1793170
1828418
1764315
1898575
1549282
1700329
1884396
1673885
1746351
1972815
1805183
2294045
1893852
3407732
4697602
1826575
1765873
1931970
1974471
1863786
1900050
1919409
1963391
1927212
1858926
1921143
1974153
1951269
3431147
1828314
1853438
1856673
1964634
1997215
1906332
1960813
1981232
1916658
1866171
1873168
1906734
1863704
2007083
2518101
1829473
1964436
1918692
1961106
1896037
1985253
1821787
1895472
1895688
1965243
1905409
2209159
1904692
1897023
2430969
1963343
1992773
1931020
1971390
1958410
2145780
2254178
1871405
1663574
1984763
1970146
1763044
1891407
1708843
2961400
1989703
2028534
1918487
1851569
1851108
1882459
1764711
1854673
1832140
1857344
1778102
1790197
1868542
1847325
2801217
1789749
1778228
1862653
1825252
1723163
1807037
1862822
1979135
2006501
1804340
1880183
1976232
1932759
2077131
2935010
1823560
1867979
1784454
1813662
1872033
1845503
1852310
1895646
1857872
1770632
1559886
1772976
1850395
1904573
2862366
1743555
1844081
1802847
1705213
1791271
