3733922
2976032
2353340
2654537
2632287
2668738
2723365
2697442
2670042
2631188
2693152
2655342
2434023
2271429
2640098
2501996
2812402
2364796
2673653
2748372
2647642
2731368
2829633
2600823
2617808
2624024
2635302
2774504
2831828
2802193
2794866
2633211
6692634
2482136
2719801
2424878
2687771
2425623
2656068
2395780
2486411
2736834
2771793
2451800
2576382
2492555
2920539
2742031
2814092
2803411
2774401
2794302
2853277
2702102
2669251
2814886
2751336
2813235
2866133
2634117
2712984
2861399
2689085
2809398
2695387
2666212
2781562
2828929
2855368
2839189
2915223
2722354
2812324
2859402
2856426
2624037
2859628
2834550
2836835
2851003
2844397
2761941
2839005
2767379
2742769
2812726
2471457
2839724
2854188
2868983
2740606
2686104
2430681
2920867
2662423
2601616
2625951
2764052
2797716
2556902
2693165
2845828
2837267
2770674
2681129
2542418
2847722
2671602
2780248
2837652
2585971
2811693
2890992
2791773
2721706
2702922
2574766
2861980
2504076
2598261
2413087
2600765
2447910
2814524
2804859
2718352
2727681
2630048
2603828
2754597
2855949
2563322
2823919
2689857
2683459
2400130
2802017
2928551
2716743
2693635
2749800
2664946
2636931
2765812
2755998
2894924
2817039
3191225
2932913
2751998
2893766
2834279
2823689
2917649
2856474
2822957
2898012
2590824
2821242
2772476
2805916
2477744
2757145
2524017
2610974
2445101
2844489
2546231
2739914
2849494
2552458
2558593
2754183
2822746
2661588
2550622
2761212
2735861
2876800
2505971
2662853
2851724
3651973
2691384
2687781
2831052
2844279
2846252
2640172
2565734
2815838
2862402
2866752
2563576
2610993
2852175
2633368
2860422
2665464
2719688
2609601
2548972
2577861
2602183
2539471
2467408
2754773
2723223
2540489
2595158
2599224
2462512
2653326
2670091
2534761
2701830
2647189
2665794
2443073
2585313
2692568
2627271
2668764
2463481
2689555
2622431
2737736
2486620
2555028
2827512
2352821
2333341
2527348
2329145
2529472
2320318
2791508
2517965
2464297
2347863
2460140
2897520
2469534
2552083
2722882
2551244
2673671
2505247
2661443
2594999
2721003
2723786
2670738
2617983
2639931
2453131
2719231
2823389
2729192
2529241
2755384
2578141
2858337
2738881
2603603
2730827
2783304
2696276
2861372
2740362
2487038
2682874
2656551
2676283
2767713
2737647
2714030
2747950
2834642
2714774
2735624
2755948
2919925
2573716
2782165
2537728
2697956
2686143
2792819
2888079
2662292
2655014
2666823
2675889
2614668
2475692
2819822
2497921
2852599
2729208
