3884699
2716359
2584667
2673646
2651562
2597322
2619405
2386577
2446315
2727909
2635071
2607633
2697604
2491036
2611850
2715290
2541519
2487449
2680131
2257820
2548733
2769748
2446657
2505726
2550425
2451210
2426636
2426879
2740047
2163731
2392759
2561082
2663465
2842106
2849879
2627145
2694467
2275421
2521463
2608004
2593372
2600613
2646158
2618197
2589514
2612818
2667378
2613380
2697079
2552998
2611684
2721419
2712139
2554890
2653990
2334786
2568168
2642984
2638950
2602740
2760459
2523326
2655327
2588051
2571137
2623688
2719859
2347403
2463368
2663745
2705674
2558723
2615251
2607271
2496908
2681361
2588444
2613886
2758383
2559024
2590839
2605673
2533135
2533804
2750928
2611286
2308613
2702026
2678422
2687833
2824740
2463453
2612375
2750343
2702389
2683059
2811554
2518307
2639441
2606831
2687976
2628360
2711080
2497046
2704909
2733785
2897818
2737739
2708062
2651945
2609685
2730325
2753393
2682222
2620037
2376241
2734787
2059882
2514179
2661366
2694317
2632044
2675358
2684743
2642478
2646110
2521068
2640225
2567588
2716290
2658179
2387638
2722832
2813499
2679994
2588559
2658511
2503430
2610634
2493672
2526697
2444016
2397833
2423326
2593471
2579234
2564486
2604567
2648028
2549067
2585266
2646556
2572669
2560997
2647934
2577213
2544809
2533464
2570405
2606784
2527830
2258179
2613854
2536526
2514603
2501976
2566337
2583381
2616998
2620948
2638332
2555297
2637908
2636052
2627501
2190227
2344489
2493625
2481915
2240018
2433804
2266342
2338865
2423158
2524077
2268902
2461065
2251808
2369273
2371913
2329552
2460842
2515424
2458230
2471160
2426957
2521460
2466761
2552588
2370419
2552034
2516630
2550441
2479299
2449321
2272580
2357629
2476891
2532218
2466479
2441823
2535270
2541448
2454666
2502107
2456755
2539910
2515603
2433150
2522136
2431710
2367580
2588571
2536033
2550751
2549445
2515948
2508797
2496512
2399310
2543582
2408316
2228234
2504743
2551280
1888606
2270702
2599341
2486928
1771725
2449474
2474528
2022753
2391429
2462130
2435622
2739199
2268933
2321215
2454646
2418999
2286346
2569930
2524550
2495103
2570877
2565192
2423419
2543487
2379789
2582761
2468186
2423375
2458931
2306341
2446516
2241515
2392430
2520327
2239578
2341403
2232024
2191486
2296962
2240930
2400650
2415608
2282904
1908667
2198884
2368085
2158877
2343638
2333938
2295149
2242428
2258521
2284980
2267697
2260606
2319752
2237683
2227063
2309755
2356365
2272180
2474037
2279750
2344969
2407246
