3297579
1929679
2043073
1861573
1781448
2074890
1861857
2119226
1926821
1923010
2000053
2015456
1932914
2079254
2008342
1916290
1932095
1980949
1887665
2070599
1980241
1966036
2085201
1952771
1989158
2083465
2067071
1968001
2087214
2077021
1924846
1943627
1866842
2048318
2112376
1934633
1971442
1954759
1889220
2179151
2002242
2041297
2089302
2079651
1967113
2054151
2083094
2064004
2051835
2029380
2003044
1880617
2089016
2047906
2012737
2074133
2098454
2032483
2088108
1968799
2006246
2078943
2081038
2055901
2065338
2081323
2000484
2063271
2008471
2091967
2086152
1945346
2059955
2031751
2022260
2074551
2059201
2015239
2062759
2082241
2054240
2072935
2121015
2000610
2084848
2099902
1997729
2320588
2151693
2099697
2064622
2123620
2058784
2022542
1962311
1925708
2097078
2170689
2134352
2031822
2089824
2066310
2106263
1940878
1949879
1906815
1945040
1969222
1954119
1998219
1941528
1993322
2006913
1939616
2002040
1925144
1883119
1999867
1945589
1981133
1891258
2004546
1960345
1994721
2013036
1932381
1989639
2039663
1918005
2022626
1993433
1921687
2012501
2001609
1943638
2153867
2028873
2021362
2036043
1982249
2010660
1980629
2040533
1951964
2056390
2044078
2020596
1997335
2005821
2010619
1893909
2023746
1878460
1998499
2262790
1959791
2025606
2002327
1909083
2007510
1981895
1962692
1879595
1488875
1875235
1648577
1628727
1552493
1659575
1715881
1702536
2009211
1981041
1903353
1983141
1976431
1959360
1991889
1970798
1989002
1849432
1842783
1957676
1996171
1881363
1805847
1971609
1902922
1808399
1936970
1902490
1986645
1595692
2101141
1708493
1980730
1957843
1886649
1927968
1891154
1828758
1995205
1874058
1860516
1950450
1865988
1942550
1972211
1903714
1886941
1943488
1933378
1934634
1953821
1943370
1919448
1853134
1865354
1923440
1947385
1941838
1912348
1934418
1919379
1947100
1924648
1920661
1900958
1950381
1917865
1872884
1966669
2201817
1906769
1962118
1949690
1888448
1951798
1961649
1950423
1952704
1890605
1904558
1922470
2125724
1921339
1974109
1861024
1822563
1966808
1969815
1868997
1926549
1912427
1862419
1904820
1904329
1870108
1836777
1857515
1872003
1883080
1920389
1884699
1905606
1921343
1864387
1974031
2092954
1906858
1947705
1902147
1901797
1877367
1991666
1915648
1984037
1865223
1937411
2044093
1948019
1863798
1952789
1983621
1933548
1946690
1927210
1914220
1921499
1950109
1955255
1951701
1880509
1925260
1949850
1926160
1823786
1776780
1985420
1934558
