2143911
1715491
1630619
1880532
1957043
1943136
2031719
2056470
2069958
2080222
2062059
1941899
2100984
2031022
1951071
2105959
1971989
2129751
1936004
1983369
1943265
1924485
2027593
1960089
1924007
1803081
1864822
1785732
1869588
1816088
1953378
1857802
1769744
1937085
1878962
1925515
1880762
1869275
1917068
1913191
1923824
1910734
1891994
1856441
1860682
1931243
1891852
1811242
1939417
1833338
1923193
1958640
1864468
1919444
1804446
1830955
1923047
1948176
1964511
1924699
1863179
1942282
1854524
1952853
1883076
1896067
1957042
1948388
1946253
1855581
1935059
1822531
1832192
1937832
1957640
1996629
1935731
1783293
2126416
2038469
1942572
1921869
1956415
1886529
1819651
1842152
1918506
1919922
1933774
1924179
1926953
1695401
1916098
1967241
1925359
1908720
2082429
2028129
1930050
1961229
1905656
1935987
2041873
2074336
1858508
1972893
1892813
1829490
1948611
1916997
1920713
1887359
1928996
1916249
1831296
1796677
1888695
1925681
1884748
1921086
1883588
1912398
1848600
1895843
1887425
1997413
1933993
2098908
2023565
2049223
1772628
1976653
1866501
1610111
1861040
2045938
1946101
1957296
2025828
1905722
2062609
1833942
1955927
2056476
1820042
1896175
2022028
2087685
1956133
1967980
2035220
1917534
1819532
1876869
1950507
1924595
1980773
1798851
1920294
1831566
1862019
1920263
1873712
1956012
1870876
1949885
1876663
1928930
1956438
1762130
1893215
1948043
1951136
1910186
1955393
1984024
1881495
1951199
1937630
1866703
1904173
1917163
1826141
1918396
1908712
1884748
1928856
1884966
1885516
1793332
1973121
1943355
1879746
1864351
1812977
1889182
1888237
1894889
1944672
1880219
1918174
1940793
1820275
1921356
1839519
1855417
1870629
1940191
2057702
1928368
1977693
1865772
1818432
1978643
1879674
1875263
1966313
2014561
1961623
2049249
2002395
2057878
2032149
1911433
1994543
2050670
1924188
2007263
2144726
2001960
1727786
1759251
2179785
1857002
2066611
1924384
1917695
1952535
1960573
1921505
2005897
1805184
1825472
1841156
1935948
1922440
1928629
1819793
1867788
1807533
1884077
1954480
1922357
1967849
1931428
1938068
1961204
1837008
1924738
1939188
1884598
1934064
1935602
1922929
1926502
1992878
2065404
1867682
1945969
2053329
1997993
2063762
1894189
2354352
1868503
2001365
1983301
1871442
2006311
1924233
1916291
2042382
1936882
1966478
1962841
2066430
1783450
1819392
1927614
1982175
2027335
2018094
1928769
1980401
1958881
1933950
2003155
1985857
1971303
2065205
