2391216
1778790
1779433
1995191
2228860
2154427
2320753
2236048
2359537
2270760
2279042
2112148
2280280
2317128
2244200
2330810
2133515
2129660
2227558
2291705
2214460
2066637
2194969
2191030
2265292
2372762
2260726
2320211
2303147
2378451
2350532
2341152
2385729
2301325
2306654
2374542
2310496
2323885
2361328
2301025
2293848
2377203
2318980
2321251
2321542
2276526
2299251
2333125
2303677
2307254
2342363
2309817
2327244
2257403
2333076
2306283
2360692
2358303
2273305
2271858
2034653
1999349
1971120
2039498
2023229
1965691
2112002
2017511
1880068
1829053
1975465
1979271
2093334
2042967
1948266
1966360
1754287
1902845
1850943
1939111
1940742
1930778
1960452
1968452
1953759
1951743
1960664
1961288
1971337
1796696
1963357
1974597
1918935
1960103
1854364
1955329
1917792
1857671
1957059
1969457
1923419
1991937
1962446
1939039
1976556
1993063
1701967
1876795
1958219
1936096
1906074
1984133
1957487
1927654
1936927
1959093
1950568
1996134
1939817
1807191
1968321
1942459
1936537
1964077
1904126
1869711
1765678
1916088
1856690
1830465
1891958
1907171
1849094
1949328
1848007
1846199
1776206
1829470
1853368
1851325
1851060
1855704
1856341
1807627
1770349
1863315
1843654
1854921
1894288
1858885
1711509
1869628
1818347
1889708
1915620
1832811
1859380
1882886
1825679
1887448
1884247
1884896
1948884
1886413
1888115
1657789
1722393
1916032
1993590
1977082
1968487
1725016
2023019
1842143
1913203
1839390
1645221
1750393
1826399
1574683
1929948
1890852
1739279
1945892
1903932
1777058
1935942
1902528
1897067
1946992
1915282
1858855
1862149
1893117
1895015
1927789
1814262
1859232
1942263
1896479
1885450
1864318
1894509
1880790
1882011
1891067
1898187
1961781
1858426
1931821
1859876
1821390
2007356
2035788
1880377
1792651
2152959
1875299
1920998
1822844
1939988
1881000
1767134
1822277
1829667
1889540
1806366
1873415
1834000
1921921
2121042
1916355
1896118
1914812
1762146
1854831
1748960
1726486
1737704
1827277
1714660
1860097
1896685
1833975
1843665
1835170
1769204
1798504
1744508
1808217
1848777
1771034
1763997
1754046
1733656
1722986
1795021
1802414
1791269
1801596
1733463
1789904
1746659
1741309
1743929
1765866
1769505
1841447
1827114
1758904
1735796
1874202
1776939
1804815
1765076
1879017
1726325
1812384
1760076
1768391
1866482
1772486
1911848
1828741
1822541
1821919
1794014
1669379
1788218
1822390
1866357
1849894
1815750
1853246
1751653
1877055
1815817
1810560
1870875
1774056
