2062690
1615022
1254612
1562698
1570239
1263557
1657046
1709691
1707945
1741621
1769062
1775187
1642821
1761001
1774842
1820254
1777304
1759031
1839956
1731286
1741161
1814498
1779600
1731309
1718855
1783499
1723585
1765504
1815598
1754734
1807768
1761651
1712566
1815672
1812354
1802374
1813422
1874421
1691306
1806925
1799098
1744294
1780148
1725201
1681677
1769583
1762367
1651291
1764205
1806486
1643882
1831608
1798518
1661506
1717281
1810521
1669015
1780578
1814612
1555776
1811308
1821337
1636769
1818207
1618623
1656552
1787498
1771261
1669722
1708980
1688531
1575508
1727333
1679076
1523623
1759661
1667328
1702970
1684283
1707327
1665911
1802292
1691272
1713616
1765180
1694274
1648809
1687525
1775760
1642816
1696634
1698176
1676839
1666567
1747392
1647696
1695810
1762127
1612119
1697165
1703452
1696275
1667269
1705550
1675513
1674832
1752160
1699500
1673904
1745084
1556379
1639769
1615861
1600080
1761668
1770652
1651122
1515166
1707702
1735036
1837729
1713167
1509333
1710401
1715555
1633999
1782812
1694521
1722757
1657626
1648844
1555240
1670100
1761951
1583560
1666656
1763505
1621955
1675086
1704107
1612537
1620830
1715331
1775083
1638203
1775547
1588770
1549709
1721715
1676550
1727905
1636010
1903037
1720331
1713130
1753313
1702815
1755791
1621637
1721040
1744981
1641919
1658982
1766161
1629700
1650734
1758306
1663796
1571876
1696581
1611674
1619465
1659582
1658747
1662806
1719157
1659330
1976115
1749055
1784831
1890036
1909239
1721425
1866096
1787916
1773927
1832858
1778627
1715225
1789283
1787088
1722461
1843702
1817517
1707903
1832012
1766885
1659292
1849602
1786816
1743823
1830828
1828682
1858492
1784467
1816154
1767977
1728604
1820668
1656860
1833272
1740903
1736244
1932338
1843826
1749374
1645094
1837719
1353667
1619116
1560136
1514585
1493844
1481758
1393544
1564138
1614955
1511914
1596770
1482984
1493991
1697743
1478562
1634546
1652677
1749617
1548225
1623206
1848728
1594551
1628340
1918653
1743961
1644630
1634471
1642220
1621705
1701767
1550034
1770021
1749971
1675486
1594813
1576626
1518232
1615153
1770805
1674565
1590405
1529582
1536925
1613859
1766382
1534322
1765056
1704897
1546168
1787147
1688692
1571119
1583566
1774311
1629096
1757881
1610370
1919223
1595953
1638035
1566035
1616749
1592648
1580845
1698279
1723003
1607889
1606092
1703493
1641247
1763373
1575746
1617876
1764791
1773758
1624280
1732712
1640122
1544509
1582103
1761539
1601092
