1933204
1635328
1042704
1632391
1518171
1368193
1203352
1684807
1663760
1833223
1656027
1637261
1720190
1764226
1662637
1801176
1710726
1820555
1796016
1713363
1797371
1745958
1850027
1744112
1767077
1799391
1519078
1853552
1743100
1487240
1812345
1819047
1684653
1802507
1889105
1645006
1739065
1778607
1738340
1816575
1827026
1785348
1827681
1833065
1699329
1816325
1795075
1856551
1802849
1797701
1662625
1768816
1830878
1801525
1800835
1774251
1841203
1895027
1768613
1784416
1778420
1833531
1873501
1845285
1868197
1734687
1724040
1814689
1635885
1793537
1775318
1752468
1799827
1867126
1687499
1820775
1837432
1801996
1788024
1835786
1646444
1664709
1729071
1879076
1807790
1650085
1761880
1877362
1778240
1756085
1815906
1772054
1694105
1820618
1828127
1757322
1765063
1737289
1681470
1647783
1664653
1735830
1801828
1730450
1779055
1795689
1826684
1789973
1815940
1850667
1763343
1765210
1791877
1804356
1769290
1789472
1750575
1818932
1828033
1821034
1802816
1859395
1908154
1800709
1863152
1607458
1604405
1735165
1257966
1496127
1477594
1616965
1485250
1517760
1400113
1546904
1499815
1564581
1582537
1499107
1475880
1486378
1524744
1519489
1512147
1526318
1572108
1664083
1587991
1500462
1794960
1661029
1511761
1621095
1518109
1520089
1515672
1553942
1512310
1479171
1593374
1514639
1547607
1549778
1470095
1588440
1578072
1536849
1650013
1612814
1577931
1566118
1535231
1540509
1676889
1638238
1683500
1671324
1549333
1520357
1630291
1596423
1489253
1569318
1548269
1535267
1518556
1588687
1488808
1455886
1569524
1480613
1565807
1569279
1490301
1570806
1576797
1548514
1573645
1781170
1215657
1504127
1511371
1024925
1274671
1368103
1519278
1481378
1306844
1350375
1461191
1536770
1262923
1465785
1328058
1155636
1343342
1506338
1252544
1465292
1503412
1363133
1604309
1572298
1265133
1398688
1544383
1293757
1418266
1448847
1448446
1339718
1493881
1443261
1513018
1558551
1480257
1829206
1652849
1778054
1803011
1688899
1703454
1662029
1684539
1606483
1608289
1705623
1624822
1719655
1684689
1680625
1751844
1698764
1684769
1706248
1720255
1627872
1704630
1683915
1715614
1644685
1633593
1672120
1717504
1641360
1709638
1704105
1806357
1660052
1774898
1728952
1723518
1670728
1689195
1791344
1787646
1660080
1662633
1714281
1693419
1694393
1745239
1734999
1719003
1763528
1746989
1670578
1799237
1758592
1769316
1670929
1741270
1713984
1789835
1731209
1725807
1755837
1743000
1629957
