2842830
1813574
1932623
2051295
1947803
2045172
1928807
2065818
2024345
2040563
1936781
2108412
2071539
2104196
2009018
2081612
2025126
1910212
2050245
1991384
1913571
1924656
2122946
2106393
2013098
2039592
1910239
2054944
1915221
2050547
2051938
2061525
2026075
2069747
1997306
1906477
1977804
2065962
1958271
2129395
1979718
2064926
2073457
1964338
2049308
2071003
2093398
2039375
2112215
2018196
1974942
2055409
2045587
2102598
2193318
1854022
2178719
2100875
2263856
2081436
2063618
2095548
2014792
2056278
2096937
2036658
2080989
2126454
2031982
1991123
1952403
2013302
2057496
1970393
2081142
2020662
2074813
2092354
2089365
2052910
2015333
2016503
1880426
2250181
1839791
2002680
1922844
1934204
1909683
1955687
2003831
1895966
1867545
2073878
2067599
2023648
2005034
2081984
2075259
2050678
1903973
2089685
2069144
1990853
2009324
2094124
2069577
2062117
2050827
2072774
2053040
2099993
2078458
1989763
1999965
1942603
1971318
1931680
1980652
1997193
1988093
2040802
1939633
1992841
2078371
1915651
2010491
2080854
1809561
1992183
1922541
2007294
1949753
1920360
1897063
2007672
2033857
1891043
1995471
2084073
1923791
2015676
2399687
2048041
1986340
2028624
1910362
1931697
1921171
2047546
1968642
2040068
1926697
1981363
1959333
2065684
1934015
2056971
1898703
1957394
1946961
1948893
1999211
1868387
1938763
2003991
2047938
2018842
1979927
1960553
1878176
1966833
1964471
1931581
1959984
1807374
1796681
1909951
1846437
1784970
1914851
1985073
1720861
1902512
1954683
1839662
1913682
1923807
1935471
1833600
1837372
1792143
1759278
1716116
1628789
1703611
2084188
1806382
1878552
1632945
1683654
1954934
1949984
1732682
1876145
1843967
1883164
1911691
1850614
1831915
1847877
1809262
1750379
1878167
1815026
1942748
1771411
1922007
1957770
1913570
1800915
1916546
1928247
1803336
1764728
1922531
1859185
1791062
1897712
1814004
1811392
1733991
1901821
1892557
1891431
2018274
2013231
1970841
1903238
1971352
1968803
2015371
1959418
2021548
2016247
1989809
2014306
1969678
1968621
2012262
1961849
1972873
2015562
1974983
1950173
2015678
1998671
1995881
2017473
1923148
2001575
2007860
2015309
1993744
2027390
1957121
1998524
2026633
2017854
1990253
2020848
2012349
1997718
1944780
1930702
1998363
1974964
2015848
2000978
1996723
2031004
2020923
1982344
2011794
1965485
2036074
2005923
1963118
2056627
2008264
1694233
2236378
4305424
2001839
1950718
1583257
1703504
1914236
1871062
1692464
