2381720
1888831
1720082
1848804
1969834
2244302
2196074
2246176
2203812
2161083
2286496
2142202
2261768
2241915
2269009
2179371
2278839
2128385
2286400
2240760
2273133
2189767
2155818
2174342
2180800
2155759
2196704
2164953
2237587
2199164
2251325
2191254
2173734
2085179
2241157
2160685
2230420
2201844
2173194
2263949
2213304
2185735
2221044
2208374
2207789
2030552
2204225
2249207
2246735
2211915
2090331
2098130
2362296
2194307
2026981
2110093
2124115
2161932
2311384
2201071
1954847
1763533
1787856
1764615
1864166
1849274
1946447
1952876
1855459
1880332
1944599
1839007
2016047
1938101
1853008
1916718
1980413
1867263
1932602
1947706
1879233
1701834
1942287
1829027
1806482
1745302
1823471
1727762
1783397
1831744
1897588
1925950
1817047
1744122
1864802
1881280
1824852
1784833
1874602
1882273
1847811
1857321
1948309
1866317
1842037
1922765
1889393
1714484
1971026
1928424
1723465
1902857
1892407
1921046
2267928
1901133
1911731
1943938
1940393
1903553
1965476
2002306
1922297
1950313
1916156
1845528
1933151
1886107
1867867
1934572
1942081
2104060
1934887
1922180
1855047
1798708
1942933
1854042
1841372
1886433
1849682
1832619
1934262
1863361
1930282
1899235
1858312
1838856
1903932
1886358
1919267
1907067
1849188
1825768
2194360
1866110
1734389
1839704
1849501
1931407
1910898
1850727
2020196
1960602
1844057
1917861
1924222
1844798
1832228
1896293
1842956
1856720
1938562
1859253
1838487
1881166
1842901
1781338
1707634
1874174
1905642
1865403
1911181
1939617
1948396
1870748
1909841
1970297
1831214
1884677
1944027
1883083
1958731
1957017
1894253
1879000
1961976
1891539
1946911
1963521
1782892
1871105
2342511
2039405
1965866
1975026
1897127
2011796
1890834
1954370
2024633
1719311
1916328
1989620
2029116
1958600
1942376
2066745
1948503
1994057
2036522
1964826
2079861
2028527
1965673
1987281
2057996
1913759
1978526
1910766
1932493
1989666
2080380
1972320
1801224
1937117
1966706
1922738
1942392
1943123
2042678
1987905
1962016
1931082
2019272
1956898
1994306
1966676
1954686
1920040
2147544
2061841
2022976
2139630
1803231
1926753
1921018
1904922
1952046
1953673
1828109
1842635
1873794
1908268
1958371
1860812
1900315
1835832
1920123
1898297
1951372
1967072
1896531
1952246
1869592
1894821
5488912
1867634
1773110
2065470
1735399
1946603
1808437
1987316
1871473
1829044
1988334
1775114
1958952
1968852
1862241
1998620
2042537
1962693
1868798
2013364
1900856
1982806
1967800
1806816
