1820098
1340552
1607205
1669503
1339515
1198537
1604794
1401446
1732008
1741333
1731150
1729740
1758436
1770952
1746979
1757165
1713169
1746679
1756836
1656771
1744155
1608499
1709862
1663693
1754939
1665571
1738355
1755383
1710480
1714893
1768026
1661305
1748641
1619805
1706530
1752115
1763238
1649081
1752636
1751339
1726761
1727700
1752109
1698530
1742688
1872332
1833922
1734460
1743202
1720616
1741629
1764482
1728729
1614652
1615675
1662304
1691701
1775365
1638448
1571580
1619252
1679241
1649706
1744003
1572594
1583204
1573183
1608228
1648554
1621933
1387452
1607520
1626619
1565143
1674011
1597878
1630807
1720780
1648785
1550746
1715731
1658175
1617801
1595363
1659027
1562700
1620208
1740752
1703111
1688412
1661044
1563733
1608393
1572389
1498633
1404977
1941047
1615089
1631361
1768025
1656139
1620065
1624749
1766170
1621092
1750304
1663133
1719012
1728819
1739134
1723545
1766356
1741996
1675685
1739246
1696009
1741919
1739648
1657738
1718253
1734180
1783471
1718552
1747152
1608314
1745834
1758614
1764368
1735445
1755850
1729237
1726279
1721124
1756469
1747292
1737375
1722705
1715031
1744281
1793113
1731668
1713822
1725785
1750083
1757979
1677433
1751668
1650668
1675259
1718502
1739649
1604618
1747630
1740835
1679987
1682425
1737179
1628158
1726275
1677107
1667319
1678395
1717622
1659335
1593910
1750205
1648323
1713659
1751851
1643621
1704795
1681999
1649940
1722790
1669181
1711005
1716639
1766293
1631982
1729179
1735832
1682077
1712882
1749230
1698287
1723302
1754486
1674347
1633618
1711421
1641747
1688811
1743054
1509338
1530429
1768031
1627720
1659188
1532875
1546373
1558024
1663723
1585540
1648625
1555132
1437102
1582694
1527283
1549707
1640824
1702884
1617297
1627601
1652674
1627655
1619862
1556500
1679758
1650913
1678449
1687862
1640270
1712761
1684926
1602044
1656408
1595714
1620404
1716859
1685734
1676295
1715526
1576133
1688958
1627544
1699577
1675679
1617524
1800785
1619225
1753550
1854252
1725443
1703124
1701399
1775631
1755055
1553473
1690875
1752719
1648537
1719031
1753585
1690097
1917542
1756816
1711758
1894057
1719984
1590270
1686928
1612959
1616395
1703538
1616470
1501762
1682799
1614483
1603805
1620611
1619163
1572527
1741560
1719116
1614217
1670400
1669769
1500897
1675550
1701029
1654764
1663938
1707585
1711421
1590617
1663099
1602514
1680845
1630057
1637058
1733319
1658898
1678661
1699028
1818432
1562850
1671570
1618332
1701411
1663519
