2925096
2332562
2291037
2238448
2350154
2368103
2316273
2397167
2349262
2346246
2355333
2372019
2361635
2251108
2330122
2154649
2226417
2300984
2296275
2248913
2035913
2319744
2122651
1939998
2141736
2232778
2375382
2332944
2303322
2170237
2176178
2175274
2142962
2375634
2221737
2356313
2263602
2349753
2354614
2359616
2324845
2315986
2275529
2333562
2370995
2317942
2207507
2187257
2326663
2349068
2228151
2359522
2299102
2244062
2331668
2336738
2347514
2271904
2306112
2220895
2044134
1975038
1858246
1991021
2035048
2062257
1981484
1999082
2077301
1916267
1992034
2033492
1939082
1998512
1980040
2000139
1918388
1968073
2059046
2285032
1986466
2050056
1960304
1886697
1913133
1989186
1982372
2005477
1941673
1918546
1994634
2021294
1918381
1944234
2024772
1966261
2018287
2017196
1987957
2009766
2025658
1964396
2035616
2007243
1988126
1966596
2009828
1936949
1923966
1946475
1867522
1944512
1939381
1905592
1816116
1933161
2027467
1988842
1971298
1967245
2060935
1924188
1964576
1935796
1958496
1921162
1868395
1868823
1991248
2026893
1968086
1992748
1870206
1962714
1974203
1960578
1786032
1935266
1859911
1863408
1941467
1839663
1899788
1950967
1895473
1856817
1939592
1932712
1941188
1814475
1905244
1934227
1898852
1913538
1905274
1898195
1745566
1933706
1938237
1910101
1868517
1898742
1906772
1908227
2152806
1996072
1865317
1798106
2049760
1914078
1918185
1912681
1876178
1668026
1866333
1822132
1927906
1795563
1930576
1912812
1938995
1938577
1953842
1931028
1911097
1973185
1922596
1898106
1934801
1916633
1952399
1908656
1908666
1930679
1934551
1947662
1830760
1994172
1887722
1916578
1968680
1818147
1873094
2004973
1780868
1901432
1885715
1865928
1859328
1919256
1881693
1857128
1701557
1828032
1916764
1914503
1972719
2061153
1864533
1990224
1781885
1957072
1861573
1913568
1662715
1867911
1828724
1933242
1845942
1903784
1835997
1875308
1893155
2016152
1905051
1950604
1902832
1917167
1931127
1922954
1906696
1903264
1868911
1897926
1911118
1992802
1847981
2123866
1950912
1894925
1941205
1953156
1892962
1885128
1918062
1921637
1857971
1908782
1932594
1841616
1870208
1882453
1939892
1972625
1867759
1885182
1837224
1858761
1918074
1977374
1877957
1918152
1892855
2004689
1960082
2094339
1854362
1955983
1941782
1908372
1933244
1981957
2038388
4369506
2057415
1968302
1941886
1948105
1869782
1877318
1847635
1856154
1885888
1853269
1835932
1961712
1754955
1807758
1893728
1718801
