3206437
1749147
1905572
1634557
1563500
1689263
1766802
1852757
1940813
2084850
1920626
2070047
2092547
2060380
2068713
2093554
2114795
2022176
1988087
2101522
2092545
2072782
1925514
1743607
2066807
1539624
2059172
2026236
2109756
1958760
1912571
1978604
1959536
1930626
1991888
1912887
1924306
1884958
1951156
1990606
1880877
1921052
1932982
1894381
1952900
1980316
1922055
1948773
1942683
1929296
1947747
1885757
1936419
1925276
1933196
1806813
1935564
1710572
2089618
1860536
1825501
1917081
1778122
1746701
1841351
1708582
1902493
1640315
1721426
1931491
1812128
1829771
1834647
1859221
1946219
1800805
2145583
1962950
2020756
1956590
1958876
1999770
1921456
1920844
2017614
1932093
1921623
1901427
2091325
2146483
1991794
1871709
2041018
1928686
1961743
1948455
1944760
1869634
1973174
2004112
1974750
1984748
1849551
1993830
1916072
1957094
2030755
1923317
1973728
1962766
1961426
1979362
2081104
1914593
1934859
1990334
1936270
1995176
1923505
1954185
1708908
1941469
1999671
1786627
2062865
1958974
1270426
1837437
1759766
1753583
1782753
1677294
1998367
1911810
1997980
1957929
1950273
1956136
1919006
1761931
1841567
1835595
1862785
1849765
1871643
1972920
1973297
1952900
1934207
1976204
1792232
1996245
1885194
1857535
1962466
1878317
1914694
1988946
1815142
1852665
1989754
1809981
1868577
1920993
1874464
1871345
1979311
1975120
1957037
1959243
1890569
1840448
1875276
1937376
1837481
1876634
1987279
1969760
1898752
1873186
2018896
2028884
1835763
1957284
1879767
1996306
1839619
1988235
1821965
1845548
1998654
1831155
1864045
1975184
1978670
1851651
1883737
1866047
1961537
1970282
1975914
1968006
1953860
1852147
1964773
1984585
1970214
1962344
1905462
1998140
1793920
1968096
1834151
1793911
1885617
1972874
1976667
1950728
1990865
1977035
1990100
1991530
1841003
1948540
1860875
1840207
1898406
1989645
2042165
1940024
1970577
1898185
2034157
1806201
1798091
1915434
1762485
1695668
1791025
1704188
1614096
1871329
1711117
1906367
1966744
1908696
1894295
1940165
1928115
1725960
1706974
1926138
1730192
1942635
1742095
1905004
1697566
1931170
1719726
1777037
1915342
1722410
1773780
1755455
1788069
1771908
1927772
1736783
1943918
1860014
1602327
1791497
1698421
1705982
1805139
1742377
1847200
1942500
1738128
1828291
1732292
1688257
1733268
1765298
1877877
1724455
1934842
1921051
1801078
1786947
2025467
1924401
1971821
1907480
1929931
1927145
1905214
1773026
1761572
1722961
