2884324
1771972
2052014
2166914
2299827
2266031
2310856
2337903
2261790
2321289
2267731
2245332
2302020
2348826
2284444
2317198
2345088
2247678
2309025
2294214
1961495
2031406
2404097
2316984
2275364
2342448
2312842
2352105
2387268
2324032
2382335
2297608
2296558
2386919
2242998
2319094
2367452
2301515
2306945
2346397
2283051
2330886
2272038
2229457
2309378
2325228
2251532
2291612
2342461
2251989
2146277
2231327
2272085
2475863
2534271
2303349
2340087
2306332
2327952
2249976
2018644
2006602
1970202
2053426
2037453
2119516
1920816
2015513
2045062
2042560
1923079
2031926
1990664
1959295
2058122
2089881
1968445
1856999
2084677
1972136
2138204
2071040
2005013
2070846
2035256
1982980
2060593
2108857
2147371
2065165
2425304
2102779
1887914
2110947
2105335
2057056
2129130
2242765
1982196
2072121
2106216
1973637
2062673
2010469
2124171
2085723
2113875
1980970
2150314
2159528
2106072
2091487
1966276
2028946
2060833
1906727
2103935
2124571
2040856
2096160
2130673
1960588
1966575
2063992
1940338
2022986
2040514
2011900
1975225
1939036
1976599
1893543
2031750
1991455
1969340
2016860
1929041
2040572
2081370
2030913
2002369
2074565
1924273
2020176
1977245
2012765
2001896
2010244
1906503
1996546
2011055
1970812
2007656
2011595
2030606
1957266
2063381
2044630
1646871
2072645
1826054
1828648
1787772
2061406
2009516
1802140
1900934
1878678
2045497
2028248
2009749
2043865
2010595
1961509
1958489
1963473
2255651
1996660
1985654
2033148
2021206
2013733
1913691
2061386
1976599
2008157
2054974
1999206
2020908
2051246
2018566
2010630
1981367
2009794
2005101
2002254
2014318
1992032
2074823
2019560
1950032
2015897
2010032
1999054
2020841
1975235
2002830
2006330
1987530
2073778
2004900
2009035
1952550
2007124
1980612
2008028
1979344
1936345
2026131
1986218
1984919
1995533
2036980
1987376
1998592
2007353
1998324
1960600
2030730
1976836
1971985
2091770
1956562
2013450
2017341
1979279
1908829
2014627
1981042
1948495
2053186
1929274
1902025
2051415
2000216
1927782
2003015
1953342
1960351
2053240
1907973
1964481
1972795
1904324
1953935
1780340
1984057
1911869
2153933
2005742
1851598
2079620
1918710
2015155
1881111
1927629
1785054
2026760
1943255
1985025
1909570
1868510
1727520
2030136
1968762
1961413
2012643
1987051
1928655
2021610
1973005
1956099
2035534
1914479
1964125
2010891
1926355
1912105
1999782
1956089
1844945
2085622
2006191
1963856
2004122
1912955
1964305
2009550
1926102
1974889
