2104857
1618073
1743671
1509365
1707544
1657327
1721343
1697030
1595678
1736111
1708697
1843017
1602131
1577684
1647302
1817016
1732949
1843398
1720736
1778850
1796185
1725783
1762212
1790053
1881375
1717713
1792196
1629715
1810858
1862970
1726019
1741113
1787674
1608501
1424324
1686266
1793124
1688588
1760937
1722739
1681477
1761757
1702072
1727507
1674076
1689085
1702326
1868911
1562637
1752083
1810123
1722530
1820403
1856268
1723983
1820038
1823011
1739707
1858954
1751660
1665883
1771472
1857790
1600377
1719457
1878709
1806620
1871904
1816269
1692382
1695413
1761828
1743198
1739818
1777198
1613698
1738761
1862885
1537212
1631401
1754097
1825423
1720697
1830419
1609107
1816589
1785722
1475979
1730944
1652890
1661726
1724070
1742730
1755551
1656357
1776007
1634106
1789859
1786987
1593607
1782935
1777848
1670482
1760169
1780508
1783424
1764514
1790123
1739913
1787408
1801893
1675201
1787169
1784035
1678504
1766157
1800663
1663535
1775074
1779826
1729447
1727898
1862196
1696562
1775383
1792779
1755099
1638456
1777971
1721412
1678516
1777347
1676489
1695407
1782167
1756719
1698918
1792304
1738111
1777100
1744014
1751938
1677161
1608632
1539979
1716109
1745348
1655661
1720087
1750223
1721693
1886486
1653638
1659936
1725692
1745509
1640092
1557567
1630836
1609615
1744633
1626566
1570621
1693415
1661464
1468530
1709133
1645692
1622323
1560818
1659554
1598618
1712392
1673564
1659419
1721977
1670959
1551962
1681161
1718843
1590606
1718142
1678331
1629133
1695269
1676346
1718363
1805383
1758579
1620742
1767029
1768989
1383644
1611158
1627155
1450661
1642809
1610427
1462944
1614640
1632025
1730138
1666818
1642356
1757955
1748171
1634473
1708113
1645738
1676561
1637080
1640971
1736623
1634707
1602278
1618111
1412170
1409989
1694632
1601841
1595267
1604110
1599041
1598687
1604726
1564574
1581841
1571108
1679633
1694845
1655212
1654691
1707746
1703374
1619007
1851944
1669661
1637902
1704196
1626692
1679277
1823639
1622351
1552781
1678774
1674609
1675758
1632264
1654627
1266650
1419889
1460359
1446319
1600822
1656013
1521635
1601245
1645525
1599296
1597411
1673016
1611492
1604359
1657637
1616007
1527036
1641843
1609036
1634032
1655177
1519630
1599591
1599478
1597635
1599032
1361571
1563281
1710866
1628506
1405307
1346491
1467149
1666895
1600006
1614880
1017497
1519504
1550010
1586097
1570376
1596736
1658373
1541707
1604397
1597068
1699387
1586491
1608986
1625260
1687838
