2245127
1352863
1639862
1581025
1527609
1730374
1748265
1722957
1627249
1874104
1744064
1668620
1822768
1774466
1807167
2724099
1761450
1797083
1738485
1783965
4302816
1777783
1676973
1754080
1751727
1842706
1762951
1812318
1907586
1789700
1750272
1780634
1773007
1790300
1717955
1783048
1789494
1745461
1756217
1817407
1773844
1814101
1985747
1726064
1754290
1802437
1826833
1812860
1783040
1787791
1696604
1800247
1786702
1773357
1817263
1769715
1741195
1831481
1914398
1783578
1812413
1778065
1767175
1787481
1761575
1759523
1807901
1780310
1791278
1797311
1617942
1835681
1764490
1737137
1793094
1781147
1746780
1775415
1747115
1715717
1706555
1624741
1603544
1662665
1636594
1544044
1662373
1604175
1743295
1513982
1686837
1702214
1698925
1736560
1626561
1585389
1588932
1518085
1530525
1566040
1581838
1571508
1544843
1634516
1593624
1997978
1684656
1622390
1613720
1602562
1642902
1553656
1669160
1653439
1633218
1558134
1667785
1661745
1616206
1683024
1602524
1704516
1565045
1566801
1728463
1592539
1686646
1400750
1677767
1730089
1555627
1747841
1637236
1683070
1735253
1649248
1712203
1732527
1630072
1692886
1729093
1742193
1679071
1730381
1737849
1656781
1724191
1738831
1714950
1729319
1735402
1596255
1743266
1591463
1757764
1741715
1747547
1686163
1733526
1822185
1768741
1796265
1788448
1795330
1773134
1778241
1823385
1631195
1732831
1703635
1715205
1710174
1758652
1734876
1733707
1706447
1686295
1723809
1643208
1711306
1581579
1485018
1774426
1573042
1726051
1736769
1608601
1472001
1472454
1657283
1662541
1746135
1721496
1639739
1555334
1650066
1411145
1458152
1650596
1584470
1648722
1536192
1526829
1678955
1808177
1643149
1611460
1684336
1635972
1703004
1669298
1689810
1712241
1625725
1643586
1711494
1702366
1623861
1710385
1763305
1536443
1735296
1684859
1588423
1625245
1702056
1663904
1606062
1652138
1644680
1729284
1663084
1699050
1733225
1653243
1662125
1623566
1610362
1790581
1716700
1704640
1713825
1701684
1653061
1656010
1714074
1702155
1670509
1728000
1556038
1788785
1635120
1737164
1530433
1916413
1678755
1583200
1682245
1698998
1608136
1727302
1680443
1674441
1682814
1650896
1678574
1682401
1714475
1677736
1691129
1718861
1681123
1684335
1670256
1693580
1685593
1642820
1675018
1684476
1734773
1556476
1654399
1740317
1638621
1710952
1721474
1633989
1717374
1673426
1633987
1701230
1679884
1688585
1683652
1731739
1644613
1708256
1740616
1702387
1702455
