2355754
1612258
1473018
1602699
1789781
1302426
1632099
1620229
1559942
1752904
1755570
1672575
1794397
1775903
1675432
1792181
1752442
1661422
1801601
1735579
1680725
1789881
1756490
1529233
1754646
1676822
1559686
1710442
1752788
1827421
1805401
1769991
1583252
1733120
1784252
1674302
1795028
1782773
1705720
1808253
1763459
1753446
1788818
1720379
1776653
1755911
1748099
1782372
1746591
1722599
1775871
1790443
1745941
1718366
1788727
1775630
1684092
1887186
1770737
1693672
1645631
1840086
1743986
1796509
1771471
1600185
1770317
1320517
1811334
1816607
1718560
1654119
1842403
1859131
1602456
1692756
1739527
1558855
1757108
1771781
1702984
2027058
1770160
1754551
1795548
1756068
1679677
1862523
1769740
1749592
1754472
1785859
1567731
1831994
1879058
1765613
1836103
1813457
1851941
1846404
1816068
1735672
1791281
1815573
1611859
1815677
1821578
1696790
1813611
1831359
1741278
1862572
1854292
1740241
1905424
1755920
1729758
1760096
1832121
1752326
1776296
1834821
1692506
1781722
1814408
1821781
1823485
1865300
1707373
1822504
1854050
1751553
1829984
1744326
1742851
1781818
1857332
1716571
1832391
1795722
1741009
1827580
1821723
1750591
1837041
1859557
1747203
2017063
1759957
1556295
1696756
1843908
1712136
1740200
1754824
1680550
1704666
1768237
1747182
1841089
1857604
1635306
1613525
1688989
1515597
1915779
1721396
1561058
1546955
1589036
1758461
1729951
1732217
1558949
1836092
1756673
1765481
1645523
1710412
1593502
1652306
1648401
1457455
1611277
1757403
1709372
1791228
1716756
1800938
1744729
1647626
1622446
1790094
1771957
1790233
1823121
1731731
1764556
1816004
1724520
1773264
1721273
1768274
1750221
1802983
1749095
1802926
1795679
1746085
1811804
1682020
1735271
1585276
1797441
1736977
1751241
1746343
1732027
1679706
1787915
1741703
1755886
1810084
1742457
1727731
1704784
1736093
1734092
1796403
1769162
1753408
1791302
1733497
1783369
1827009
1770677
1778026
1930373
1679029
1727811
1879774
1717856
1679795
1788844
1810610
1768884
1809188
1731064
1825001
1824735
1735659
1803814
1808901
1790107
1742450
1800268
1779402
1803553
1800386
1774808
1804574
1830583
1773324
1793916
1919865
1809631
1618366
1818417
1550954
1635075
1730861
1676293
1469915
1805939
1768906
1813502
1705873
1731190
1688500
1837096
1781510
1740063
1841628
1727005
1791994
1822570
1812720
1684186
1768957
1730080
1809910
1799078
1727980
1732719
1812108
1693029
1822840
1688733
1731795
1787507
