2935502
2146266
2104409
2226970
2139315
2156709
2217999
2249810
2168569
2285291
2320087
2256460
2352316
2304688
2187755
2321704
2262190
2339110
2023277
2298706
2239230
2322490
2213209
2314555
2400722
2320704
2216450
2288436
2317320
2260539
2334627
2275744
2250350
2361071
2328887
2245136
2337817
2361236
2320289
2331565
2345318
2332207
2328147
2329317
2299430
2288099
2330150
2332050
2307106
2187455
2325975
2271847
2318841
2302617
2153404
2301429
2253547
2324282
2224266
2302766
1966078
1963987
2032304
2043598
1995257
2037432
1950717
2002457
1910617
2312581
1945027
2102524
2269060
1814876
1806581
2117046
1775085
1900866
1888783
2001678
1952924
1999444
2010708
1981167
1782555
2040854
1863101
2033975
2066383
2011087
1919774
1978083
2016458
2021902
1899867
1981519
2013134
2080124
2018968
2023058
1898283
2028715
1973212
1956794
2019648
2007200
2023954
1973821
2023178
1979574
1943344
2017759
2019471
1936223
2193326
1959633
1864222
1961397
1957142
1877021
2004998
1875247
1955541
1985528
2010013
1919317
1985992
1918347
1864299
1983553
1936888
1958824
2014038
1906186
1960942
1969117
1969587
1949083
1983917
2017041
1932337
1992886
1875263
1906047
2006936
1943224
1890954
1981711
1963329
1900723
2255010
1958803
1844693
1964192
1910606
1885647
1903152
1931822
1900787
1943871
1909559
1896492
1912616
1949198
1973508
2024794
1942747
1958714
1986334
2001745
1960093
1994378
1947983
1886163
1798191
1892378
2162457
2087753
1994284
1985953
2078158
1527243
1741343
1909902
1896851
2012473
1985583
1888193
1857190
2012058
1924527
1990407
2025098
2008717
1945308
2025668
1991898
2003834
1888731
2021333
2010305
1880006
2004359
1987251
2015952
1950408
2006668
2017500
1965932
2003888
1783871
1943492
1946947
1868980
1898962
1993173
1848796
2025427
1999938
1917221
1907990
1828606
2028498
1962033
2003498
1969387
1876057
1969642
1976216
1883730
1987658
1868682
1753695
2232540
2033082
2111306
1877790
1971699
1896531
1952638
1915276
1888876
2012997
1995327
1988160
1970964
1995188
2000048
1828619
1980809
2005812
1985797
2028587
2022628
1994799
1989738
2004887
1965947
2016448
1958213
1980903
1902029
2011093
1688040
1828839
2080042
2007773
2282041
2079990
1622154
1694336
1997524
1788962
1967668
2015688
2013249
1880318
1998833
1940907
1985330
1997057
1997083
2039478
2018428
2058693
2021621
1962839
1992824
2029634
2000884
1987087
2009651
1980998
1946500
2027093
1944210
2000152
1833577
1753049
2014798
