1836056
1569432
1675228
1370354
1387551
1093581
1483146
1466991
1548907
1402474
1574639
1611169
1599590
1515324
1365861
1695337
1467980
1637226
1637181
1688929
1702051
1610566
1623765
1712347
1641690
1564366
1677932
1744690
1781306
1609453
1668586
1630810
1615241
1626936
1540462
1614166
1627356
1531780
1661359
1627689
1562745
1656278
1616715
1631786
1597538
1680350
1512784
1633511
1596931
1692586
1626960
1596294
1689651
1627262
1606019
1621746
1720299
1635715
1693470
1596628
1791856
1589866
1545412
1614722
1636715
1637225
1590925
1617905
1658715
1821161
1563367
1633046
1747737
1635824
1622192
1645406
1591411
1647806
1594593
1662750
1652112
1591594
1687862
1652976
1763366
1608052
1605586
1751696
1742186
1666875
1753163
1664466
1609146
1748667
1579232
1652115
1582125
1674212
1589811
1665757
1644817
1715015
1557531
1747312
2363716
1869971
1691765
1304400
1491816
1300390
1635403
1558468
1590481
1668866
1629075
1369510
1651453
1596452
1529533
1642426
1750270
1655182
1688033
1634880
1665296
1712130
1610550
1680240
1654870
1749583
1710293
1715536
1729933
1736146
1653156
1621259
1659252
1745537
1654076
1631356
1712932
1552396
1682089
1708815
1555509
1567415
1646950
1632936
1647180
1646123
1633440
1652383
1639154
1597502
1552022
1646172
1532125
1492534
1586557
1574939
1676009
1629256
1640623
1621791
1652323
1658708
1477675
1915336
1597351
1469769
1588661
1590598
1615447
1549142
1562260
1608345
1625679
1696182
1685822
1573715
1675342
1701446
1506466
1653268
1573644
1597180
1583962
1524730
1655305
1594133
1548801
1687436
1642556
1700191
1711210
1554563
1501648
1641004
1646623
1412255
1629440
1451205
1385090
1519829
1604660
1496092
1482914
1568343
1466780
1624557
1581770
1566822
1591919
1660836
1600537
1690268
1612665
1600542
1644821
1647149
1566101
1696217
1641800
1459881
1524507
1574488
1578473
1635242
1662626
1577439
1640255
1677382
1499516
1646882
1619152
1484471
1647860
1593026
1629959
1704199
1770071
1681316
1653061
1661169
1540460
1710694
1710729
1676130
1734260
1747547
1617020
1745541
1753961
1624906
1598307
1840707
1677720
1769220
1712892
1711217
1650736
1555026
1505389
1614750
1590666
1486974
1630452
1688376
1515336
1538453
1698496
1579001
1658076
1649515
1417724
1650690
1625031
1420762
1659816
1650635
1476204
1604112
1612890
1417250
1525811
1604883
1340659
1621611
1639170
1405988
1511073
1522625
1359779
1537165
1478462
1513255
1627629
1639201
1567013
1455627
