3665326
2644142
2620596
2364110
2288146
2332795
2302879
2629730
2592262
2512623
2485603
2599238
2594989
2544546
2575033
2365965
2575371
2519870
2710408
2548808
2616750
2623687
2549038
2602513
2510490
2427424
2646801
2530909
2607677
2628065
2569264
2340846
2562263
2388806
2564193
2541949
2574162
2493430
2569708
2403693
2464484
2457184
2665467
2566478
2577878
2465880
2588576
2557034
2409263
2511763
2539844
2581322
2494264
2694888
2407950
2596568
2814278
2698305
2503101
2671350
2374253
2529567
2578420
2412710
2399835
2667287
2589015
2775625
2590018
2743783
2559266
2668384
2523349
2654433
2907669
2739745
2633464
2736920
2872041
2584647
2875667
2614841
2787382
2714210
2697251
2709960
2781518
2602523
2775395
2737246
2732036
2857792
2910893
2752535
2758629
2710490
2847424
2884717
2683137
2641851
2623047
2696065
2790605
2685782
2699754
2545678
2002869
2351786
2751775
2454211
2576023
2517529
2554929
3101030
2367202
2241631
2234724
2415071
2380087
2514486
2470915
2353014
2348770
2420962
2534041
2510995
2401291
2259871
2321242
2419766
2193224
2438474
2442532
2247465
2324456
2352281
2339708
2325826
2427581
2438411
2331714
2406211
2497528
2420631
2474308
2357985
2526419
2325723
2328133
2429231
2284870
2352247
2399331
2438890
2532465
2723450
2394234
2564514
2429331
2425180
2540849
2530127
2395624
2426414
2468941
2528553
2376205
2520329
2481726
2419306
2557623
2424851
2482666
2449471
2368966
2228395
2418875
2210770
2352715
2578683
2264233
2295987
2318396
2298505
2494244
2459312
2350499
2400817
2342823
2352672
2463340
2621524
2530162
2436106
2499479
2484390
2499009
2570507
2351687
2250292
2472865
2285704
2511279
2393493
2494785
2028558
2657037
2333809
2357312
2628620
2220690
2366769
2379654
2368038
2571955
2482676
2312426
2232040
2416371
2227615
2348583
2398768
2487170
2429055
2585273
2443337
2458669
2554718
2395729
2260113
2509629
2410981
2658423
2759196
2461075
2393166
2563125
2364068
2651823
2503666
2509813
2590443
2490145
2544973
2584155
2435533
2600610
2475644
2629283
2386907
2227946
2626134
2484909
2499444
2459647
2408431
2447176
2289279
2630095
2615653
2528892
2297489
2474478
2488710
2425082
2350040
2448037
2086800
2472377
2594836
2388182
2398368
2271033
2575862
2532215
2660522
2542592
2507497
2514297
2554544
2323821
2563924
2574695
2647997
2306154
2532810
2605463
2461847
2452370
2622652
2526197
2312017
2681093
2421508
2543050
2271250
2500091
2367736
2518069
2372288
