2196564
1673087
1976089
1953894
1787484
2030204
2063557
2002115
2010353
1988093
1907293
2028793
2010032
2053837
6042669
2031881
2075973
2007913
2070259
2008547
2040687
2052243
2083232
2062718
2074153
2068473
2076069
2067203
2034203
6125694
2068022
2078043
2025018
2181918
2034419
2179950
2141979
1969854
1899537
2200232
1982548
2035929
2101263
1969694
5542111
2102151
1974156
2096247
1996305
2101919
2082819
2036527
2009399
2099928
2088879
1977962
2024099
2061689
2081535
5962099
2083623
2078183
2078050
2113917
2090059
2079734
2274429
2067653
2083873
2101349
2083460
2140356
2122687
2101819
5823370
2095176
2411018
2245259
1996052
1984369
2014741
1948766
1983183
2023027
2045177
1986760
2251103
2051869
1874894
5265359
2002873
1897506
1920083
1932757
2016720
2008511
2021361
1991023
2006592
2007473
2033633
2073788
1999603
2044647
2923686
2051343
1965736
2027404
1864104
2012139
2020729
2051003
2021224
2040505
2040748
2016214
1844233
1875978
2074234
5548603
1992405
2003363
2036423
1982823
2019282
2048748
2028287
2012423
2041545
2040318
2021158
2039672
2016227
1971016
4421052
2084556
1939360
2139762
1525903
1868968
1665442
1925689
1932073
1953859
2011386
1963043
1877480
2003068
2017074
2004862
1977288
1963900
2018160
2041304
1964072
2004703
2034229
2011779
1994434
1980220
2012999
2032168
2037090
1991589
3757474
2045904
2040964
2030017
1743044
1982210
1883776
1950618
1994963
1982995
2079213
1933570
1973292
1978764
1933793
1979237
1998933
1923898
1897727
1985382
1980250
1933140
1991990
1981216
1999327
1996358
1973674
2011046
1979344
2000907
3650414
1977003
2202866
2430349
2081416
1869855
2035119
2248858
2036183
1963679
2051698
1941965
1848381
2046271
1912919
5036330
2032066
1901240
1895002
1921576
1960693
1968584
1979574
1921887
1982254
2009408
1820225
1879547
1996480
1925523
1975183
2189086
2169011
2066663
1990778
2073824
2140887
2161537
2257229
1980897
1929494
1984220
1832463
1926873
2235539
5126174
1888911
1986433
1954042
2015316
1976370
2025153
1996719
1967818
2034110
2012533
1971937
1702543
1998930
1892803
5145273
1937109
1918768
1985153
1952333
1979179
1933209
1870033
1842318
1880198
1995353
1969761
1902793
1943244
1908879
4961712
1974479
1904804
1880743
1870423
1871760
1910824
1916878
1897544
1964201
1921330
1908779
1937995
1936200
1923390
5726751
6367889
1924499
1900081
1856151
1975079
1969870
1953484
1914994
1820678
1942999
1969479
1864395
1990350
1964879
4505562
