2438785
2594150
2723059
2598412
2586277
2682635
2688819
2684820
2734095
2500866
6387863
2786671
2826637
2830982
2689863
2489080
2354436
2464429
2638254
2254122
2751823
2494182
2586863
2573888
2571092
3841199
2572428
2582980
2522491
2588191
2495512
2413025
2676047
2606174
2698609
2623604
2703555
2527068
2626865
2715085
4660633
2592830
2771634
2342263
2722454
2531681
2624885
2577294
2749845
2656314
2648423
2515237
2644718
2409470
2566896
3738214
2686821
2576748
2533663
2537520
2609585
2549403
2562126
2580611
2780487
2675145
2578237
2222322
2591397
2568473
3728863
2587084
2695318
2590353
2735139
2717787
2795695
2610489
2778156
2656908
2655108
2732911
2533766
2640385
2796217
4568280
2698056
2708759
2606289
2712850
2810877
2760380
2536155
3317277
2376829
2636791
2741470
2369970
2660594
2582742
5694278
2500806
2407161
2353844
2369354
2453706
2511128
2298653
2619304
2692136
2505368
2601774
2447677
2418569
2673588
3680519
2318407
2609355
2421444
2521358
2666319
2467157
2628693
2595473
2473037
2564013
2599157
2737958
2508442
2454947
3678286
2605872
2588863
2288563
2741626
2633643
2800646
2445982
2716970
2496653
2752310
2694754
2320153
2557401
2147868
4732594
2478371
2657591
2679385
2473450
2736426
2700573
2496766
2699971
2625843
2617575
2684614
2578437
2505960
2464121
4947125
3386598
2736355
2643349
2716643
2523792
2567367
2461197
2646548
2694315
2750643
2719894
2534981
2717869
2655768
4126309
2560517
2746145
2548547
2476502
2659721
2685585
2592758
2650929
2562361
2694179
2520101
2622093
2519446
2600431
4134956
2734685
2707186
2654380
2612048
2735280
2827290
2687759
2720098
2522323
3024436
2623375
2352119
2528143
2630994
5213457
2639168
2599184
2359158
2849962
2416078
2336431
2765506
2253579
2062442
2537412
2602754
2497166
2436341
2427435
4124285
2394529
2565836
2491165
2489136
2501476
2480561
2378738
2427631
2421184
2383135
2461942
2351204
2449910
2509231
4311257
2507386
2255222
2485346
2526901
2464657
2567062
2487992
2536196
2494314
2555611
2327880
2475126
2492610
2431286
4983050
2428467
2460970
2495666
2479143
2307143
2438996
2402290
2484085
2104326
2405174
2293698
2343328
2386781
2544476
4841964
2371560
2386917
2295473
2212895
2468276
2516820
2347081
2433289
2318215
2479826
2550247
2516820
2532481
2534946
5059714
2392228
2467910
2345956
2487935
2380894
2467519
2349013
2379540
2443445
2519778
2188833
2206297
2430316
2475524
4040919
2479146
2476645
2495992
2453827
