2622511
2018058
2195433
2391125
2170149
2272680
2318595
2245504
2215556
2261169
2310837
2406882
2358967
2226548
2294323
2356484
2263303
2404877
2363465
2271695
2303654
2235650
2257967
2384710
2434885
2159634
2325428
2326165
2285617
2353564
2393989
2266008
2371569
2299360
2245234
2351621
2355722
2282458
2343176
2310926
2282570
2325374
2355900
2198773
2503253
2582932
2311074
2383881
2375665
2307474
2311219
2318845
2287651
2285138
2267538
2295420
2130782
2179408
2217910
2361031
1993167
2028048
1937846
1978653
1976612
2035648
1989993
1951601
2072713
1963667
1865931
2080811
1769945
1836750
1964700
2038252
1933501
1914184
2038318
1983323
1944333
1869640
1944743
1917378
2071338
1940814
1914553
1912707
2026873
1935975
2012123
2007645
1938431
2001962
2061786
2073141
2033377
1888715
1915486
1843258
1928592
1953162
1738100
2030158
2031512
1963033
1951780
1961063
1881786
1930802
2035422
1825736
1948631
1911366
1925463
1935851
1958147
2030632
2001371
1872871
2047648
1992764
1932310
2006383
1934341
1931606
1915157
1931500
1935867
1926591
1947457
1914724
1890436
1950550
1933367
1940691
1940877
1912450
1954872
1941210
1962127
1867426
1940481
1881676
1948819
1949103
1903901
1984157
1942765
1899796
1951727
1912818
1933077
1951625
1946392
2015658
1930744
1892534
1940582
1847914
1981808
1933751
1780274
1898310
1953217
1975265
2000404
1961608
1866246
2152227
1971636
1954872
1844114
1927416
1827665
1893152
1834974
1846861
1929197
2044942
1921456
1891536
1941772
1955092
1932397
2013121
2013554
1918617
1855912
1934651
1890926
1927757
1932246
1925726
1889770
1947541
1925381
2200985
1747090
1998832
1839000
1913305
1907285
1745655
2073278
1984512
1902580
1729489
1910133
1905260
1945502
1966415
1923176
2021424
1925035
1857635
1910777
1955417
1877655
1927857
1896844
1961568
1765610
1903855
1893547
1921187
1891644
1828740
1995215
1946071
1704505
1887261
1943853
1971988
1873494
1965118
1797250
1798115
1954146
1968972
1897421
1957337
1646125
1858311
1936657
2009128
1960121
1963448
1910137
1966791
1949035
1762479
1964961
1894731
1859870
1916854
1992456
1900477
2090452
1878010
1947161
1801480
1956017
1961372
1955237
1971001
1980067
1811891
1946507
1730791
1956330
1941744
1950596
1890820
1899766
1970072
2078908
1938826
1899965
1891050
1908271
1933666
1940681
1917834
1674024
1987782
1974096
1707526
1808199
1640245
1933337
1665742
1798101
1681522
1906006
1871510
1882141
1888466
1835740
1953646
