3301805
1979257
1872884
2013177
1768359
1925458
1970665
1944869
1969147
1983535
2000420
2068022
2038322
2115482
2039972
2096697
1993372
2073532
2046586
2090759
2073536
2079497
2052692
2028215
2073557
2105233
2073743
2040916
2049916
2084969
2044172
1863427
2020385
2050065
1948751
1892971
2050702
1988686
2133717
2172537
1966964
2041761
2091344
2099146
2094191
1931950
2018703
2094877
1980181
2086517
2075861
2006642
2083327
2077509
2093187
2039741
2050319
2077860
2042935
2039245
2053732
2043557
2036493
2023381
2024391
2029726
2038065
1830557
1861444
1748850
1744727
1942323
1966570
2092380
1846784
1528816
1686338
1850449
1864194
1838560
1861400
1799330
1809458
1841774
1864714
1891360
1882219
1886036
1898541
1892104
1942255
2188107
2075934
1950138
1962159
1789064
1827920
1972050
1825714
1929849
1928024
1962578
1913881
1955404
1995038
1989172
1974761
1965130
1913725
1964555
1972252
1916131
1990718
1965120
1906324
1963027
1946938
1950814
1959282
1915557
1943340
1976581
1911540
1907767
1958294
1894336
1733804
1960510
1736459
1767712
1700794
1723168
1786483
1786383
1757508
1830423
1882598
1842964
1804914
1837164
1851813
1823283
1842710
1817604
1858570
1910305
1803859
1885508
1843936
1840110
1811374
1840822
1785868
1817602
1839057
1743505
1840064
1728971
1780379
1827544
1838736
1876224
1835198
1864646
1854154
1789867
2024715
1855839
1789248
1849169
1786186
1789719
1887849
1832619
1740702
1938524
2080062
2222404
2048985
1848094
1946661
2142347
1883793
1669453
2017022
1937874
1919789
1917010
1967651
2007111
1951275
1897149
1983087
1965995
1937571
1960705
1950324
1882834
1959875
1948918
1913122
1979366
1958310
1871113
1948705
1950984
1865932
1969916
1972014
1932174
1992339
1904797
1863647
1984718
1963979
1827172
1867142
1964677
1728562
2021905
1945789
1925483
1978535
1880820
1910188
1973216
1978276
1886235
1908004
1977479
1908874
1959880
1988720
1952281
1924401
1950388
1949654
1927646
2038764
2067893
1960960
1977541
1957341
1979805
1985772
1922298
1979520
1967065
1899234
1949747
1967936
2066853
1969411
1954507
2004774
1868218
1938664
1957231
1921724
1967055
1866803
1927004
1982951
1974496
1930643
2039256
1962139
1969071
1924375
1965604
1919560
1953465
2068047
1965300
2002415
1880046
2078937
1949932
1959581
1831016
1856863
2183334
1968476
1930568
1988026
1912074
1916837
1947520
1712701
1640489
1893521
1865624
1895297
1875104
1969672
1908405
1792446
1947738
1856975
1833025
