1711049
1872706
1647419
1580559
1858757
1715788
1594235
1738554
1705105
1805582
1935975
1700978
1771549
1846437
1781386
1754279
1771154
2063667
1849406
1696648
1677050
1781739
1769836
1741009
1729029
1908595
1784380
1780852
1943975
1787151
1830456
1867097
1838097
1731585
1854862
1778721
1801236
1798567
1719945
1821025
1867974
1725125
1828108
1763857
1726976
1824837
1748235
2034418
1823175
1774136
1862449
1824999
1633843
1768651
1794649
1704278
1698729
1769185
1725489
1618817
1708889
1749645
1752595
1762731
1733281
1715276
1750976
1721756
1727374
1748977
1735951
1725195
1771795
1696188
1730085
1635330
1634913
2010178
1815419
1724620
1650024
1765341
1764548
1628338
1745714
1709904
1725681
1760638
1712517
1701904
1721945
1748284
1628953
1763101
1769407
1637264
1966737
1816507
1700365
1750844
1759749
1672117
1755005
1784469
1768654
1641297
1607113
1785220
1700544
1615498
1650249
1609039
1755199
1716589
1756117
1698001
1710604
1698626
1698028
1734994
1721105
1725258
1684733
1752165
1742218
1593040
1713624
1745939
1752933
1766372
1724944
1592310
1735594
1717680
1319358
1723282
1664448
1672223
1746529
1688804
1598984
1644965
1607833
1697281
1710367
1653589
1607377
1699655
1675315
1714949
1739718
1647354
1669923
1749965
1702504
1774451
1690519
1679240
1736425
1751988
1643593
1745972
1744019
1719891
1613323
1739699
1605667
2119603
1758061
1766520
1671433
1746001
1674158
1640123
1688624
1620184
1716205
1739331
1655965
1699688
1750901
1669345
1690471
1767691
1691348
1651478
1771795
1659704
1746355
1764209
1703984
1680790
1760948
1703584
1682599
1754785
1715189
1648034
1744798
1732054
1665161
1740090
1698267
1727599
1635333
1734860
1721794
1739059
1641416
1641805
1742739
1777535
1882406
1762439
1697383
1679034
1745945
1717854
1757409
1758575
1725115
1728664
1738782
1743541
1763805
1749445
1710604
1631884
1731844
1699315
1316685
1373642
1602850
1197937
1483812
1589435
1621840
1860111
1686420
1128419
1414463
1587400
1405182
1630484
1622714
1476714
1501203
1685354
1464055
1604993
1692475
1465438
1629693
1682044
1414908
1433211
1385372
1433202
1625698
1360462
1470796
1685347
1430315
1471486
1418032
1445586
1506059
1604814
1471163
1627774
1607174
1511450
1590877
1624165
1496206
1577617
1689325
1647863
1493926
1616260
1680071
1505093
1607204
1672884
1514237
1610566
1691633
1516477
1703600
1612264
1708005
1643324
1647254
1532118
1450454
1595266
1683944
1606857
1707138
1450908
