1671865
1297634
1392314
1127854
1378926
1575739
1484773
1451268
1537948
1323506
1450360
1548487
1461349
1704364
1733741
1339067
1749089
1579478
1440968
1443647
1676837
1413975
1550924
1716312
1573446
1650994
1656260
1660276
1572036
1643395
1365935
1542675
1820307
1441738
1604944
1751480
1676474
1514438
1600383
1318593
1396988
1344531
1234149
1524414
1620668
1427393
1708176
1752558
1588079
1668251
1657687
1628453
1673541
1749010
1759942
1663801
1755848
1800252
1845039
1649279
1577559
1725651
1732665
1719000
1474545
1487234
1723945
1670760
1732226
1714577
1709581
1678471
1590004
1734017
1666379
1616100
1703451
1733002
1605459
1672691
1654555
1628112
1656452
1688806
1626280
1647466
1636200
1642743
1827074
1698920
1537509
1489547
1560563
1647571
1745851
1714457
1644119
1645437
1718504
1668569
1643490
1742515
1638862
1688292
1731224
1623197
1702796
1751789
1614107
1643582
1744177
1611314
1602005
1702737
1659578
1675517
1725105
1616425
1699920
1689759
1528803
1636272
1697578
1643740
1616324
1629044
1597390
1685470
1643516
1680721
1639845
1649479
1543113
1710678
1685904
1610390
1604300
1758420
1599164
1535513
1655522
1649553
1587376
1683787
1702913
1613246
1726298
1601610
1644926
1588517
1557127
1679915
1696859
1600025
1566653
1693517
1616384
1600811
1701731
1568624
1739883
1734092
1767958
1754106
1723407
1508807
1635542
1638047
1648256
1624926
1671061
1644187
1732400
1858107
1677701
1693483
1737911
1763802
1728458
1795336
1678894
1725078
1690861
1390367
1657103
1756143
1695338
1439713
1856557
1791572
1766875
1884888
1559574
1867263
1579633
1669485
1564499
1555239
1514134
1352294
1675270
1270495
1404719
1764970
1549728
1601711
1560645
1417419
1557063
1566739
1616449
1568397
1661118
1563471
1663215
1694712
1659151
1572130
1732788
1625312
1588354
1772781
1553598
1725935
1879295
1769030
1707210
1741068
2280625
1719215
1817942
1759816
1578680
1816508
1700723
1704903
1696071
1817130
1699776
1699811
1604259
1782372
1880094
1738368
1714091
1813856
1715754
1849033
1858812
1708741
1769414
1859619
1638568
1845503
1797830
1577083
1799786
2405670
1664568
1743868
1808502
1651744
1707200
1579159
2026584
1605860
1862268
1671585
1731947
1768612
1616390
1719597
1852274
1731879
1793282
1862773
1741430
1702790
1786022
2643502
1717597
1764590
1683680
1736474
1803894
1804812
1695715
1858473
1799681
1654256
1582003
1717614
1676436
1771070
1813601
1851142
1615161
1732915
1551934
1656638
