2786967
1735039
2068907
1610516
2278584
2180686
2240018
2080146
2131580
2386772
2159523
1989601
2182859
2271074
2382231
2161624
2176269
2282271
2307980
2189512
2240877
2248368
2208775
2286216
2237880
2209149
2297614
2281784
2222692
2614760
2262245
2258574
2221155
2264704
2298349
2321255
2217450
2265207
2204473
2181155
2206780
2045592
2203055
2245274
2432976
2212745
2176540
2181139
2214705
2218479
2191595
2356696
2187586
2326224
2266716
2100842
2245614
2226569
2146139
3305321
1988917
1925298
2049248
1874472
1866314
1924993
1898370
1775015
1843464
2122339
1923870
1877416
1878266
1855280
2473387
1920325
1887235
1878306
1903801
1931680
1852746
1840147
1849579
1750959
1833281
1861450
1776768
1716903
1956996
2660095
1912049
1903236
1681702
1840240
1944127
1862351
1814636
1862406
1761445
1957767
1881487
1814667
1856701
1874339
2037159
1908945
1864823
1843870
1987644
1914924
1805945
1946893
1899391
1852480
1892549
1934680
1838752
1974295
2033576
2544617
2008837
1913930
1890716
1903240
1911690
1832540
1794963
1985610
1857702
1814763
1848212
1869819
1824956
1856453
2381560
1841992
1936874
1866390
1845894
1873829
1755155
1852582
1856605
1895081
1907575
1881973
1820291
1764544
1899611
1886615
1787065
1904915
1887791
1853398
1837528
1860744
1707011
1873154
1888600
1852041
1870771
1816706
1712161
1774759
1836219
1847300
1891360
1882746
1854885
1903267
1871401
1845454
1927881
1801720
1916881
1747051
1865850
1839172
1858000
1946257
1909724
1785822
1941552
1918077
1872614
1960511
1894630
1914840
1952028
1932125
1925725
1944757
1929737
1927472
1946287
1950053
1906482
1909991
1978178
1912061
1918637
1910310
1780900
1690607
2031346
1841514
1842778
1861456
1815575
1833355
1792781
1796503
1741234
1806814
1799215
1894480
1829116
1867566
1838731
1847206
1888894
1876990
1847752
1895613
1827480
1757867
1892669
1885105
1812270
1899830
1789459
1836146
1849886
1819892
1846711
1860160
1908140
1912306
1877800
2663330
1834486
1895450
1761439
1838550
1922370
1886624
1727969
1761289
1668840
1774764
1765621
1851732
1824790
1843180
1834809
1836836
1902236
1837181
1803420
1807335
1745278
1887894
1752099
1720118
1823772
1858611
1702269
1804495
1836186
1899574
1873126
1774123
1751020
1828330
1897357
1822832
1775842
1771779
1798951
1754942
1746255
1432941
1861307
1804386
1808233
1851406
1857863
1855402
1885338
1930073
1916081
1932696
1664145
1838603
1783265
1740409
1758685
1774679
1730255
1905186
