1922179
1535400
1590128
1839570
1998159
2066581
2195808
2038656
2106984
2151188
2149853
2094742
2148034
2175972
2063821
1987847
2116936
1863465
1995640
2052715
2097931
2145621
2120890
2104927
2010486
2207901
2068209
2012960
2034206
2148073
2018576
2175839
2183420
2027222
2208270
2030265
2218110
2154164
2196261
2101890
2178884
2128337
2206638
2160104
2131738
2198193
2117423
2272135
2238620
2193508
2198164
2167973
2164651
2186240
2159006
2166945
2176710
2115554
2259475
1980515
1768809
1817443
1916576
1874967
1881018
1912184
1786138
1889390
1903918
1880898
2074743
1885595
1718086
1893912
1818037
1905590
1905065
1931015
1640457
1953672
1898505
1883849
1925605
1937509
2028966
1956875
1947806
1908706
2067601
1992261
1937252
2022146
1959045
1951929
1995086
1967216
2038156
1987300
2039892
1875707
1953875
2045726
1842640
1985515
2068710
1915470
1996236
2005565
1976760
2041176
2047976
2001421
1957387
1940845
1954461
1912080
1890560
2054358
2020386
2062012
2068356
1999432
2024370
1944076
1906662
1990611
1989220
1965935
1944409
1860034
1948509
1935365
1930050
1949379
1900302
1891158
1932567
2271714
1956661
1945575
1989045
1931150
2046366
2006458
1753710
1855071
1716587
1726022
1814589
1822852
1876291
1798380
1842727
1702896
1805113
1794993
1749149
1799380
1784429
1748283
1800260
1823014
1808713
1795953
1784448
1754189
1799479
1824419
1781949
1800338
1765527
1893745
1963592
1707592
1788297
1456338
1556029
1471099
1778938
1817793
1708172
1697825
1756952
1557076
1712447
1749308
1786581
1779722
1761803
1772192
1825393
1829158
1818593
1746629
1834359
1756177
1619046
1815009
1805599
1817068
1682798
1763522
1680275
1822649
1783747
1728521
1827984
1758773
1673422
1854788
1771240
1799483
1833861
1703767
1561823
1831819
1814033
1823999
1739312
1565174
1723972
1609410
1838850
1842260
1707212
1805334
1815184
1844464
1818724
1834984
1940530
1874061
1797759
1931735
1861559
1835777
1724066
1665391
1727813
2213738
1396544
1597607
1633207
1604056
1656467
1508511
1602901
1551526
1573860
1643137
1658701
1753057
1574540
1589206
1603040
1713405
1584560
1655004
1713612
1596293
1640462
1679142
1724829
1629292
1580187
1596170
1557404
1601906
1657632
1732120
1657943
1663672
1572766
1594665
1700701
1631174
1668896
1725841
1632277
1598294
1570880
1669007
1703358
1617368
1622141
1597961
1587826
1621315
1595723
1594360
1608417
1586737
1648997
1577288
1578443
1598050
1557929
1610297
1601083
1637521
