4321571
3039709
2816949
2909165
2836108
2826406
2785055
2693851
2731273
2620536
6388353
2846881
2770062
2858597
2825425
2782121
2863869
2785581
2829501
2852881
2822348
2639795
2824141
2803479
2864121
5654264
2781132
2734879
2796961
2691350
2814076
2923204
2867730
2803337
2871711
2833554
2866322
2906165
2829601
2865927
5343775
2825471
2868355
2878232
2900396
2790165
2837605
2746752
2895226
2848528
2914403
2833111
2902298
2804582
2897630
5910936
2906086
2784801
2808896
2862712
2831877
2903922
2930559
2857525
2859725
2864546
2866691
2915973
2567569
2723350
5742939
5676258
2722375
2752557
2166194
2612296
2475741
2581066
2669350
2478702
2804062
2732069
2445797
2783116
2815097
6603816
2812108
2796310
2771175
2749341
2859342
2711330
2841138
2795731
2794720
2753960
2859638
2762832
2781052
2756137
6464720
2531966
2812793
2695554
2671770
2807375
2775234
2769852
3093310
2650550
2858468
2847058
2526854
2687865
2762732
6611820
2801693
2807232
2671973
2705577
2842131
2757109
2804712
2771392
2854071
2825487
2824426
2760141
2833969
2926862
5514077
2807601
2370894
3057895
2814967
2676448
2833046
2788973
2778713
2822174
2834910
2606671
2812441
2739801
2832966
5142739
2848498
2803036
2834943
2790667
2801733
2721680
2746913
2772887
2820131
3060763
2812248
2723060
2808001
2770067
5504588
2782505
2853989
2531101
2888616
2750661
2847968
2689772
2771057
2819168
2864663
2784832
2771285
2786815
2738114
5262686
2787771
2735127
2810897
2687717
2793940
2735001
2861204
2767948
2832382
2838207
2827478
2831371
2850868
2823973
5386924
2789953
2818274
2854094
2821191
2756877
2857123
2836277
2814377
2729249
2799223
2743547
2628116
2726537
2496872
5603407
2682210
2761107
2728477
2815448
2800798
2610324
2809485
2787356
2793433
2790352
2833625
2801270
2832475
2744705
5979724
2638447
2687926
2679437
2804435
2703585
2651055
2704985
2765527
2742348
2702512
2758795
2642879
2700516
2694339
5516655
2723961
2705775
2658796
2759317
2743851
2744245
2703925
2749161
2644623
2740107
2701768
2624849
2761967
2372314
5927425
2670231
2648454
2709776
2687525
2688277
2657027
2775798
2621410
2685103
2794155
2746966
2521075
2707315
2723354
5924579
2662070
2471268
2626298
2459208
2541797
2489976
2603050
2536182
2477467
2811923
2807391
2653924
2502018
2550608
5430361
2557559
2773089
2623919
2916052
2679045
2691051
2629110
2853230
2752387
2802741
2773682
2758160
2725569
2843092
5185727
2852782
2666458
2672943
2835949
