4104876
2689956
2836293
2812413
2838511
2917612
2982558
2869709
2945882
2924758
2843200
2805133
2546794
2830048
2849004
2260664
2444974
2887643
2701862
2649811
2770558
2870064
2517900
2600775
2749550
2805193
2674243
2781335
2861871
2794848
2801676
2793232
2930890
2870701
2930044
2902275
2908774
2713408
2733626
2711017
2703206
2977208
2918845
2734726
2856939
2899439
2920112
2831050
2948243
2747497
2914896
2954869
2813058
2726012
2977212
2772614
2734737
2930057
2767487
2674369
2711266
2545742
2798890
2957379
2857084
2848596
2975693
2867928
2902363
2927478
2827269
2909564
2965522
2836650
2958029
2960963
2629052
2823022
2975219
2734737
2962869
2972449
2953488
2888249
2968625
2633287
2905363
2928028
2679988
2881964
2932852
2567600
2938301
2922765
2714126
2670099
2964529
2859179
2968169
2852767
2842686
2845537
2931875
2792643
2936763
2828821
2775456
2919522
2929338
2659423
2959616
2879697
2850842
3170831
2915868
2885877
2934648
2797789
2929284
2578263
2347138
1875679
2581835
2478306
2516901
2626782
2589224
2551655
2681498
2624100
2591479
2642696
2624769
2512756
2647788
2458596
2563352
2567807
2696747
2603306
2677158
2624916
2657742
2602311
2746387
2716919
2701028
2671908
2712881
2662891
2697566
2563385
2604445
2564855
2634811
2590111
2808621
2643142
2676866
2604071
2529581
2684647
2797440
2717373
2757907
2631308
2697712
2647767
2692589
2745488
2722418
2638062
2658110
2733581
2817523
2628120
2649931
2937345
2600221
2603056
2570213
2375088
2275884
2517135
2576411
2675525
2775097
2696597
2712312
2554265
2662243
2598335
2788017
2501054
2584351
2661562
2556150
2610031
2522661
2668556
2622561
2725413
2426854
2609275
2609826
2561452
2614860
2760253
2557966
2391947
2711750
2610322
2763730
2529130
2641956
2513521
2502739
2544645
2523676
2458149
2852508
2541885
2627036
2512914
2641296
2612886
2590615
2611266
2713607
2671892
2722406
2676496
2508791
2541824
2512359
2533341
2560139
2625895
2702986
2695908
2703276
2585869
2689122
2508014
2640730
2654679
2704196
2626816
2708994
2561725
2631465
2690016
2713011
2563625
2694176
2570796
2615686
2684912
2687926
2476168
2549725
2684392
2587116
2574941
2627240
2713156
2709430
2728677
2648217
2685352
2479458
2566687
2608979
2610219
2557887
2651490
2628475
2638916
2752446
2602525
2694336
2697566
2793862
2542791
2742836
2594524
2632866
2635681
2621642
2680742
2707410
2642920
2648075
2724406
2767636
2793375
2451907
2731776
2565935
2695421
