1965636
1391145
927184
1234962
1296613
1249833
1593799
1540188
1592460
1671891
1666874
1659430
1766587
1723851
1769792
1661220
1609549
1664800
1749486
1668974
1681955
1772742
1702326
1710904
1766269
1737730
1692786
1877575
1637585
1748152
1767045
1732102
1559748
1731465
1718517
1591413
1744536
1751756
1712971
1816893
1690751
1733905
1804743
1845314
1784502
1795088
1610843
1774559
1688887
1767442
1793857
1817403
1752475
1766512
1803747
1796448
1660854
1888994
1795629
1811938
1789943
1755042
1811368
1801803
1746745
1793633
1730084
1856224
1764686
1784112
1726342
1810067
1810359
1797396
1792254
1806119
1697840
1765966
1767152
1755188
1754007
1805627
1753693
1810902
1805419
1833267
1835453
1866483
1709551
1776172
1811009
1792719
1764112
1811187
1726934
1757195
1777052
1784712
1730176
1909860
1652250
1448970
1809286
1541100
1500398
1554972
1381545
1447324
1774729
1754996
1741354
1771412
1650950
1728217
1730481
1663590
1799693
1814058
1716666
1777098
1704017
1710967
1698127
1768527
1701808
1687931
1810979
1669775
1696100
1780955
1626683
1749555
1824960
1694381
1596964
1644035
1651094
1685797
1766528
1700706
1770472
1804319
1675480
1725923
1754816
1644750
1698966
1693419
1826949
1692455
1707426
1618980
1714418
1436662
1823783
1649659
1748941
1728505
1783983
1814418
1763415
1954401
1771292
1746818
1674065
1555068
1619025
1745441
1688837
1764677
1707896
1813976
1720618
1605515
1764219
1612099
1738838
1740068
1752441
1694696
1700156
1694970
1824443
1817119
1827523
1740806
1697800
1605296
1674061
1746721
1718130
1683350
1643507
1327267
1812973
1636908
1859571
1660660
1501343
1805702
1690176
1744301
1665657
1653813
1717572
1667614
1742698
1753985
1706772
1740172
1746352
1779793
1736400
1736291
1690797
1812972
1725268
1717370
1702637
1821542
1744336
1825535
1758082
1750327
1750105
1690188
1663600
1778616
1711380
1636843
1650487
1847194
1732471
1666277
1809942
1754268
1700425
1823535
1723332
1666105
1760002
1725560
1810907
1812043
1792365
1647640
1732673
1750721
1786173
1884018
1875714
1609172
1747877
1720373
1680731
1820902
1723009
1633149
1769519
1732261
1630346
1832943
1745531
1635059
1779083
1724348
1671549
1803989
1777796
1718647
1660930
1637049
1776762
1913885
1678742
1688493
1816599
1663140
1776297
1868107
1727652
1755350
1819269
1843347
1814242
1645340
1780608
1711607
1760798
1718199
1682935
1753321
1734852
1669004
1752738
1678780
1455430
1839752
1749923
1487696
