1634514
1578744
1638534
1514824
1554177
1564475
1707305
1673210
1546917
1601385
1628450
1836043
1814310
1700629
1839580
1761339
1734593
1753970
1732515
1784930
1815830
1844481
1779579
1753943
1741129
1822960
1774746
1743956
1815517
1769369
1758446
1731803
1762092
1728355
1766821
1740089
1745116
1642413
1721557
1687599
1723876
1767999
1670218
1649299
1800732
1621747
1710899
1767190
1635604
1799626
1838127
1700326
1738330
1764626
1706962
1742286
1745907
1686717
1843050
1770177
1698679
1732538
1804760
1652751
1738930
1738689
1706355
1669790
1733836
1659155
1722251
1733776
1606774
1664651
1595438
1448253
1382476
1494940
1295825
1299116
1593528
1287112
1462886
1387437
1604515
1484264
1390139
1432897
1480717
1639975
1355312
1364976
1609495
1514203
1515048
1597514
1577804
1583952
1506880
1565635
1649842
1543767
1537250
1581224
1499414
1523650
1587625
1626125
1566945
1581154
1529776
1524280
1412605
1474894
1519643
1485061
1478409
1571629
1577593
1546980
1512494
1592214
1575228
1568449
1571778
1626549
1553861
1602859
1509323
1564928
1570658
1626508
1667750
1522461
1521072
1450384
1300540
1315308
1310731
1302166
1324763
1496231
1378167
1257612
1488870
1387683
1559810
1377126
1189026
1526560
1468623
1470677
1397667
1566730
1572828
1566260
1537329
1586599
1451337
1533321
1516058
1552378
1506665
1589348
1624283
1564010
1553324
1531657
1581785
1553465
1610618
1490274
1429939
1546155
1544080
1574403
1627944
1523970
1569488
1563825
1520244
1455421
1592236
1545045
1577115
1601028
1499919
1586342
1482873
1555388
1583836
1552608
1522777
1451532
1533968
1540784
1569244
1476377
1638459
1113842
1328543
1213693
1298956
1324804
1284134
1288216
1574239
1554051
1547982
1598927
1529087
1429613
1503953
1494585
1550594
1576742
1547499
1597660
1469168
1558104
1484147
1610652
1511577
1550610
1607888
1446914
1557831
1615419
1539319
1517328
1617225
1505484
1406590
1531318
1603783
1542444
1761348
1519388
1543734
1570734
1597455
1632019
1579552
1606295
1515188
1481335
1690641
1616669
1412896
1480554
1517493
1643425
1482663
1520344
1642089
1746263
1613139
1610999
1599608
1516232
1646299
1548568
1609158
1590309
1560649
1638165
1641819
1515348
1608070
1624232
1579975
1541484
1656116
1600732
1608372
1683939
1658556
1564444
1463091
1508972
1484199
1647117
1515504
1416624
1611289
1463221
1609086
1614985
1526669
1610779
1447744
1558537
1345282
1482617
1574422
1423351
1519258
1435787
1474044
1565199
