1596278
1061384
1718370
1614426
1556121
1576457
1612106
1522302
1537188
1739792
1758462
1748385
1736242
1652706
1799912
1596839
1672701
1768216
1747064
1685425
1782750
1749637
1660070
1773921
1776444
1655135
1803831
1771736
1572884
1814739
1741372
1638961
1745797
1718193
1676841
1804889
1737490
1465763
1719825
1754468
1478234
1788921
1739598
1700486
1736976
1687458
1683392
1813088
1716350
1721491
1683300
1760036
1707370
1751197
1772905
1759678
1835303
1763228
1675800
1877108
1715460
1710358
1780698
1698007
1600073
1784272
1723822
1663930
1750704
1730218
1665738
1770814
1690700
1769558
1775482
1721867
1737153
1774621
1672946
1668587
1780277
1703026
1450256
1589649
1936560
1674943
1793223
1708800
1717235
1803077
1628230
1782842
1793602
1756282
1708923
1773973
1751002
1701914
1724861
1746335
1716481
1738477
1727530
1688250
1737793
1761254
1646166
1578531
1629876
1561579
1742387
1688886
1581940
1742475
1639830
1561458
1606746
1646105
1474742
1594793
1572447
1496737
1549444
1631859
1550495
1598229
1622131
1471181
1592264
1651219
1542085
1645766
1701878
1269529
950954
1351615
1342272
1467053
1394248
1753893
1518510
1430242
1570959
1593169
1473208
1556662
1597759
1515989
1527159
1638655
1486723
1468776
1609919
1623081
1565815
1560906
1617792
1549392
1552307
1647445
1543348
1605325
1644560
1567584
1609172
1622271
1590696
1590884
1530374
1598179
1596149
1625939
1551998
1628740
1567079
1556750
1589579
1599569
1557752
1546329
1644015
1628949
1604775
1622916
1510250
1541737
1454782
1599659
1583815
1683291
1597814
1600449
1614918
1555058
1610783
1620770
1570613
1586084
1614685
1508714
1598656
1619927
1520640
1598765
1636091
1551917
1598755
1638439
1557784
1584965
1566758
1581624
1599629
1627715
1560532
1603123
1623819
1558933
1592469
1622838
1536472
1608280
1622056
1588234
1597029
1626664
1479287
1594716
1630724
1504657
1595974
1614313
1462123
1568174
1785028
1576354
1581808
1675127
1523893
1588556
1641430
1551444
1720603
1550919
1590690
1571962
1567755
1557204
1584125
1650614
1553204
1594404
1449127
1581738
1599408
1622910
1422299
1594719
1618575
1324055
1577547
1615855
1368452
1593072
1635526
1548429
1564620
1581115
1503327
1557319
1585944
1549408
1592124
1640286
1504481
1599544
1614624
1514341
1583584
1561557
1482683
1593005
1531734
1289768
1574338
1614966
1454311
1603934
1453936
1518023
1603156
1602613
1526133
1782122
1638026
1444721
1863144
1565161
1482713
1671856
