3343020
1901568
1783595
1762490
1822871
1908723
4893714
1700480
1946209
1721374
1798198
1921711
1944309
1921256
1568218
1823468
1827086
1926343
1787186
1799322
1794626
4504974
1861883
1839267
1713721
1835760
1932953
1842254
1915086
1839260
1818574
1840860
1884857
1768482
1812216
1901676
3875190
1878383
1766351
1656829
1506509
1872375
1738663
1875072
1742665
1592679
1955438
1913122
1880679
1831064
1843037
4936398
1913416
1783028
1802037
1737046
1837670
1865863
1675005
1910544
1774696
1816010
1723521
1837562
1730640
1844417
4660498
1856506
1834002
1776413
1838207
1767592
1929473
1774672
1790175
1747078
1714943
1950092
1910388
1708730
1682514
5380368
1796091
1842743
1854052
1824780
1840900
1892742
1934083
1872082
1914800
1817352
1847623
1863232
1865343
1855692
4261471
2683861
1977337
2633952
2037762
2035330
2079200
2026858
2060939
2095710
2006344
1992684
2061237
2058889
2073209
5524867
2043520
2075064
2058624
2043090
2056483
2058755
2064799
2011227
2056866
2054884
2062150
2059074
2045218
2060248
4253064
1993318
1973124
2004366
2030986
1987336
2051228
1940013
2009013
2030632
2055264
1945308
2030255
1979746
1889059
5193284
1969714
2014408
2008023
1998934
2016149
1970798
1981475
1995106
1956793
1935564
1941309
2013784
1964957
1945808
4899720
1978298
2075373
2094959
2069293
2009795
2062407
1936063
1995948
1936832
2056968
2023728
1822025
1958383
1974094
5028873
2086311
2068400
2007301
2061425
2060758
1948086
2056264
2092683
2100718
2072838
2013832
2108955
2060741
2005185
5201461
2555041
2013130
1883064
1956783
2060348
2054230
2004919
2069218
2057650
2050225
2036190
1991323
1743911
2047592
5167751
2318677
2061761
1885859
1974679
2041230
2046707
2049688
1987154
2047698
2050790
2045093
2078950
2070639
2002920
5123960
2093884
1966344
2047733
1968797
2065105
2064681
1986143
1996698
2060836
2035980
2048264
2000846
1966449
2037771
4183100
1995840
1997768
2009897
1780381
1348880
2081540
2109531
1965203
1866806
2041729
1997671
1887582
1966843
1957069
4781559
1937358
1968523
2016806
2050384
1971300
2049587
2007384
1982803
1990355
1913817
2036214
1995656
1917882
1957100
5031494
1958849
1951520
2067646
1983220
1918658
2033494
1926459
1991388
2063319
1966323
1921013
2062750
1958739
2030204
4933462
2135225
2051024
1761510
1938342
1914193
1958433
1928258
1926022
1953223
1987702
2015934
1886058
1966448
2015774
3784545
1936649
2020014
1983713
2037172
1976259
2018519
1993023
1998220
