3516764
2631320
1890336
2489023
2361388
2223194
2122790
2387730
2628083
2801917
2584948
2641930
2314169
2575522
2592402
2527059
2696581
2528374
2694547
2615213
2785537
2442218
2589368
2677045
2756449
2540534
2638953
2719170
2698079
2594218
2571678
2707090
2685079
2377400
2831540
2363328
2812912
2764512
2857788
2859745
2667725
2834658
2687141
2833847
2851596
2693026
2898698
2733256
2683746
2786063
2714546
2744826
2780264
2796952
2877744
2617773
2917015
2534872
2830301
2787047
2696565
2745719
2751675
2682630
2855634
2767650
2889947
2877756
2857558
2796786
2866425
2880085
2757751
2863730
2768344
2687328
2907121
2819351
2704433
2862171
2882787
2805617
2890285
2872477
2850722
2300228
2794879
2701450
2838765
2792024
2757924
2629745
2621875
2597585
2741143
2670710
2693694
2680009
2660854
2521578
2508044
2763784
2667272
2581069
2627339
2557177
2674913
2629625
2399757
2636542
2684615
2667615
2686215
2482754
2355867
2352535
2342452
2432686
2234162
2408541
2472829
2513104
2465080
2564322
2550674
2438762
2730285
2719803
2793286
2710576
2799451
2772605
2650414
2644128
2636673
2685948
2653798
2469267
2641634
2650274
2707365
2603061
2596340
2637233
2717299
2536891
2800011
2548774
2646209
2749917
2626276
2469742
2455053
2491567
2633168
2704165
2845515
2475843
2639864
2802439
2655975
2551234
2520383
2642664
2551674
2776395
2546472
2378863
2785663
2520437
2538740
2765055
2657245
2548077
2808417
2698755
2617415
2729296
2686875
2524134
2678765
2581313
2411444
2564514
2669764
2511417
2573334
2721125
2655685
2617476
2688786
2557785
2658525
2668199
2558032
2645195
2653259
2367069
2404426
2528853
2441674
2498996
2557333
2610405
2507389
2571228
2555668
2519557
2517877
2574354
2605525
2417192
2403747
2531248
2564304
2539680
2352495
2638878
2531214
2534260
2568493
2419522
2530864
2531524
2505372
2568448
2556850
2287295
2475285
2363082
2381662
2609345
2423652
2369739
2543680
2406893
2620702
2780431
2480453
2193699
2452877
2351532
2457459
2494810
2618694
2458160
2144046
2323066
2233790
2469283
2335685
2445396
2192338
2350418
2439293
2464443
2464814
2354706
2510561
2601675
2594640
2540572
2442519
2522151
2587119
2522325
2589214
2524293
2663339
2560578
2267867
2405082
2382691
2474571
2571347
2552468
2422277
2570454
2282745
2126035
2430738
2570993
2364549
2601564
2644393
2476073
2688945
2302271
2626835
2754617
2688189
2658390
2717059
2660972
2591213
2679639
2609614
2596875
2595485
2579194
