2193617
3334011
2728553
2637060
2804288
2761972
2727013
2600790
2592438
2622166
2727918
2669870
2701822
2737313
2691407
2520327
3515544
2627895
2581730
2666076
2235880
2601530
2426344
2393917
2525949
2473164
2806147
2702027
2544620
2446138
2606080
3543051
2703857
2441960
2803507
2462950
2467447
2389758
2522226
2422083
2442773
2587638
2472104
2473208
2338982
2346697
2919636
2484298
2461179
2398492
2589305
2521693
2450443
2530969
2687055
2456391
2463988
2318319
2537402
2354646
2156657
2683667
2460408
2409722
2446043
2414582
2459183
2373311
2434924
2405187
2423497
2374800
2418483
2406167
2449884
2423757
3400243
2380182
2491179
2750466
2277359
2497690
2726671
2530296
2330876
2504278
2518196
2525523
2450117
2464119
2487708
3233310
2441334
2498780
2590066
2504022
2441011
2527366
2463618
2467527
2305631
2489251
2458759
2428901
2551515
2362692
3249184
2441927
2423718
2352659
2247811
2360227
2812414
2777243
2552262
2237285
2262039
2496018
2579872
2611556
2580380
2755390
2486873
2522489
2562605
2475903
2558616
2559929
2536363
2551071
2434842
2652097
2688235
2645197
2445342
2426382
2740769
2492709
2597485
2548129
2680558
2466678
2354147
2566220
2680783
2626205
2635670
2606040
2660730
2685736
2421473
2667835
2637475
2638960
2401455
2466929
2673334
2584226
2667917
2626957
2636260
2620686
2615630
2643030
2552604
2395928
4245595
4280379
2604432
2647508
2635537
2603031
2654311
2360958
2538359
2668746
2436057
2624141
2390586
2530539
2253444
3986647
2432841
2624967
2625016
2244420
2620872
2626866
2556289
2478562
2647179
2536254
2364353
2415466
2596145
2622879
2723062
2523931
2623539
2638195
2162699
2527190
2591020
2679360
2601310
2553595
2644060
2581156
2599034
2530180
2633087
2974755
2399047
2575553
2563421
2505609
2564672
2865019
2566545
2450465
2629906
2660507
2517869
2378020
2502505
2607362
3088983
2566505
2618670
2557615
2559041
2549493
2613160
2516083
2574346
2617823
2463303
2550155
2575773
2430198
2546320
2945301
2730078
2529398
2603262
2546590
2427720
2560504
2387276
2513154
2546735
2529123
2571560
2551164
2606726
2489639
3330273
2522024
2560256
2619559
2493640
2530750
2624570
2787729
2525244
2555758
2649797
2530585
2283746
2523920
2519829
3267466
2298522
2574984
2584028
2560207
2521702
2559349
2436423
2555509
2623860
2577696
2545351
2537608
2599502
2472394
2566815
2333104
2425750
2525062
2267647
2317607
2450590
2389543
2526475
2525378
2397944
2461709
2247305
2437041
