3106117
2994800
6388038
2949763
2923349
2686434
2773864
2664240
2666775
2721925
2634580
2717200
2735984
2583538
2750946
2256559
2634277
6446560
2977920
2805798
2507605
2685187
2535052
2707443
2823047
2664790
2613422
2922920
2614673
2370779
2729244
2806348
2623874
2668342
2700405
2706330
2673140
2718821
2671685
2706770
2661725
2642474
2700454
2675204
2883299
2687198
2676853
6529087
2678819
2661023
2737629
2483307
2549298
2601933
2444596
2468201
2644494
2645767
2510896
2526962
2591493
2440986
6321990
2648636
2305213
2645399
2781247
2526044
2591776
2620852
2550768
2575322
2581283
2470443
2535118
2553823
2442396
2579898
2683819
5370054
2665114
2574981
2732716
2701524
2659664
2537637
2721922
2750861
2642526
2649690
2726915
2762135
6443498
2746687
2573290
2658775
2732375
2675636
2705209
2681490
2658700
2600231
3008374
2688960
2707510
2747461
2749353
6495972
2767555
2783341
2671525
2526261
2696184
2673726
2366026
2613650
2697580
2675636
2718741
2663031
2656527
2587363
2661214
2697437
2686334
2547029
2378262
2446329
2611154
2703475
2660754
2724930
2751461
2674094
2696089
2667299
2633069
6428661
2818840
2739352
2736640
2698956
2722139
2689955
2416031
2647243
2782068
2753099
2704294
2651257
2743862
2705470
6508602
2671963
2627223
2471970
2480977
2597428
2698970
2674719
2702671
2625482
2684357
2548252
2549693
2594945
2597414
2613996
2729881
2447066
2660375
2552424
2567608
2452216
2677318
2419596
2571637
2567307
2538591
2571003
2190281
2416666
6885851
2668669
2664984
2526599
2682142
2612035
2640256
2633623
2511537
2623863
2680470
2502969
2737796
2673522
2413704
6569026
2813685
2715460
2701726
2649103
2689829
2673143
2523754
2583988
2692826
2704824
2655149
2467663
2802302
2616167
6692129
2667296
2561443
2554806
2693968
2500106
2348128
2574208
2496737
2561150
2717866
2538255
2146741
2810539
2442015
5916641
2676622
2599142
2613392
2622848
2695899
2545610
2488196
2540798
2627534
2654009
2594578
2591568
2718717
2383306
3992319
2729439
2501631
2601069
2697034
2591579
2762551
2754861
2693229
2749425
2701960
2361840
2576489
2648583
2670947
6686129
2806521
2684044
2750857
2709625
2633143
2670363
2724978
2499401
2748790
2695049
2536197
2521270
2759615
2636043
6699562
2751210
2635142
2706818
2803724
2817971
2706930
2673623
2677169
2569386
2590108
2658079
2729321
2720048
2665471
4887884
2674754
2523042
2621293
2663509
2602725
2454220
2699097
2457316
2600198
2680995
2499371
2609503
