2662192
1721696
1896596
2049815
2210038
2197043
2275265
2145682
2155198
2120928
2246251
2256732
2180389
2053836
2179934
2189562
2178483
2239413
2178950
2219059
2193405
2238898
2274118
2202764
2296729
2194983
2212239
2290376
2232619
2230064
2248311
2130564
2173359
2223914
2111338
2228835
2200585
2217024
2109862
2156928
2217119
2209857
2194918
2199093
2186508
2248619
2181682
2138868
2409968
2155935
2349504
2039317
2145812
2237133
2128321
2248098
2244006
2405938
2256783
2171598
2112038
1957201
1911205
2012932
1899018
2003367
2121291
1935565
1917231
1829727
1749778
1971633
1993004
1914668
1928285
1832691
1969452
1925555
2002788
1954469
1911046
1980583
1958001
1930165
1972015
1967500
1862760
1951094
1999463
1951049
1949566
1983383
1842409
1939354
2024112
1899724
1910015
1878629
1989639
2029443
1933174
1950725
1966730
1870070
1825475
1987671
1858094
1892327
1935513
2053287
1930519
1991394
1989083
1941692
1871154
1958673
1821111
2025166
1956441
1901290
1969700
1967262
1953629
1884681
1921090
1966610
1918835
1877461
1764646
1892260
1909224
1894806
1955554
1889530
1853141
1855545
1900685
1921161
1888201
1904545
1833373
1901131
1904487
1873619
1922650
1942681
1839057
1942275
1895175
1900360
1917389
1921358
1825694
1939941
1902452
1974879
1913594
1896121
1858845
1894295
1971576
1842215
1935501
1905435
1910981
1868600
1871166
1809038
1905554
1904229
1914048
1831497
1946081
1904810
1795949
1920230
1881809
1939271
1909299
1891873
1918428
1893955
1916526
1875655
1918555
1807286
1902094
1912026
1909530
1838396
1895668
1895040
1886075
1909841
1778750
1838144
2190629
1834450
1920085
1865767
1818303
1753416
1786692
1759266
1797340
1805749
1838358
1832151
1852457
1927161
1871374
1886596
1793105
1929649
1889023
1774877
1753269
1800432
1675622
1997292
1819200
1748367
1850899
1957980
1747202
1708507
1865974
1655567
1936226
1901851
1745242
2005223
1822714
1752921
2014327
1967796
1899691
1722942
2145028
1774096
1997212
1965922
1781774
1971730
1908102
1782547
2031847
1947369
1834710
1724229
1897031
1695978
5157814
1653634
1615973
1779331
1756819
1874852
1923190
1850954
1843584
1883685
1895588
1779619
1788721
1847011
1733740
1866074
1889938
1935004
1894805
1855734
1713298
1773210
1802588
1903916
1901559
1854395
1863677
1904782
1882146
1850524
1908685
1871914
1832121
1923292
1887825
1848261
1927852
1844271
1843810
1881688
1742941
1761198
1899783
2059051
1838007
1884611
1855944
1851788
