2766194
2672492
2668696
2716327
2659153
2695347
2607522
2573331
2649128
2630645
2663466
2583211
2700723
2687489
2796268
2675547
2768850
2555110
2465247
2585459
2786838
2607262
2343948
2528516
2917012
2482506
2562148
2640288
2705866
2487156
2701859
2703537
2700570
2547607
2694638
2607932
2692008
2763444
2621848
2373785
2759386
2724723
2805824
2747213
2736493
2638886
2816604
2694352
2700383
2736764
2694928
2662103
2787990
2722313
2710914
2720822
2818030
2785384
2776639
2816814
2602710
2709729
2793568
2771398
2738468
2710856
2785645
2802010
2851969
2818625
2877756
2888695
2852526
2844654
2853422
2714193
2808060
2854985
2763269
2823214
2756788
2760018
3194118
2742443
2761948
2678753
2685006
2653272
2767767
2707284
2762251
2706078
2749928
2697803
2711273
2653062
2712237
2688412
2722253
2611293
2845768
2732982
2788159
2702774
2746778
2671671
2727711
2752557
2605932
2728309
2799100
2460159
2632627
2554257
2760160
2700626
2351668
2685077
2837997
2593262
2756460
2634215
2641382
2669387
2690007
2562462
2769957
2758082
2796465
2757053
2827100
2715232
2666236
2719632
2762793
2649449
2723647
2681618
2621691
2720699
2738293
2698635
2788989
2762464
2730054
2677323
2757314
2613304
2763073
2760324
2782639
2779034
2809603
2743313
2597951
2806332
2798240
2246833
2435958
2852209
2746231
2243157
2921928
2643953
2737348
2712963
2754089
2447649
2737927
2486076
2683571
2689613
2824654
2651891
2689407
2639796
2679633
2547479
2753049
2532406
2252571
2239453
2785890
2511390
2578511
2753005
2667172
2716441
2761066
2585050
2713308
2648211
2740967
2762159
2659122
2831150
2845189
2686281
2518741
2774589
2839409
2738249
2856335
2786264
2693792
2768443
2652438
3016959
2842475
2798624
2875096
2655840
2796704
2711427
2550185
2662011
2668346
2672228
2344958
2847440
2578653
2472062
2587227
2549818
2301598
2437066
2750149
2445308
2496590
2577572
2586265
2514171
2539916
2224388
2518540
2589102
2543391
2362185
2544753
2552273
2590462
2592016
2531107
2579917
2495126
2588128
2445479
2599957
2542321
2497566
2494024
2413652
2589381
2607846
2510160
2507306
2646581
2641752
2624135
2659687
2597805
2630424
2590791
2511685
2785454
2648528
2492090
2548706
2488425
2632408
2518576
2530556
2481509
2547855
2562591
2618041
2570485
2591051
2697793
2561737
2502855
2773056
2579876
2646789
2598118
2603382
2597963
2485006
2558427
2677565
2820194
2535715
2569531
2464828
2563000
2552401
2457027
2476106
2526485
2535000
