3397615
1641018
1849172
1976506
1654616
1936430
1907569
1999920
2091979
2092228
2058098
1923046
2084752
2067347
2104039
2080724
2074453
2005644
1970013
1945309
2055598
2069958
2060509
2114871
2044710
1840620
1990179
2033668
2053462
1986278
2092416
2000623
2085429
2001799
1947623
2078996
2042648
2069077
2057106
2093288
1991364
2078909
2067517
2018618
2112158
2056110
2091891
2076858
1896377
1933675
2194339
1970580
1821370
1840210
1864637
1853933
1879023
2339152
1965481
2047503
2012474
1969163
2009889
1983033
1987631
2046494
2080163
2037035
2067422
2082794
2020821
2028324
2171581
2000570
2121180
2088539
2020718
1913633
1930381
1999733
2059643
2090445
1999304
2118524
2041628
1802489
2153608
2086001
1940528
2110328
2077715
2005337
2113637
1985483
2010321
2015967
2072982
2061142
2086783
2088254
1890476
2045788
2091464
2048925
1978604
2069959
1897555
2000400
2191395
1972691
1977131
2145973
1907158
2133242
2104438
2086872
2074549
2083533
2053994
1979387
2079694
2080882
2019963
1919808
2007202
2014074
2044578
2014272
2114681
2024512
2025730
2046677
2092259
2348401
2154737
2091910
2062299
2067643
2024378
2069783
2030688
2107602
2061663
2109996
2074464
2053909
2103129
2055989
2059878
2118905
2064639
2041168
2103672
1980553
2017282
2117574
2065254
2053011
2122648
2068778
2059000
2108173
2079903
2079810
2094112
2067103
2012172
2112730
1929918
2005849
2107680
2080459
2017049
2091294
2095634
2011474
2095659
2115536
1896202
2102799
2097008
1949772
2131695
2098317
1851670
2103079
2086567
2067994
2123734
2268156
1833841
1926681
2111394
2021834
2118440
2120641
2065335
2081528
1982997
2063449
2098988
2033194
2081704
2104694
2078574
2057058
1881863
3125627
2080314
1838017
1689101
1579496
1578044
1653527
1539355
1769674
1739197
1759666
1808147
1784053
1773118
1820428
1807596
1809926
1807591
1796417
1768852
1835255
1793136
1782637
1810847
1808182
1770162
1817871
1788167
1771014
1834291
1792548
1775109
1739266
1664097
1700667
1728637
1753164
1751238
1738779
1757706
1664321
1850888
1733858
1710918
1748445
1740468
1720156
1813736
1718537
1701280
1782878
1749037
1715577
1781118
1764411
1767431
1819985
1566289
1710838
1815217
1755530
1751995
1816111
1754561
2026148
1838376
1631309
1707512
1821495
1747702
1785148
1812198
1789949
1673902
1838293
1789839
1720474
1723843
1806073
1711659
1835569
1807488
1702384
1836368
1738271
1776784
1847692
1839835
1786916
1865333
1821030
1772285
1782278
