1823593
1565399
1619434
1308950
1608119
1786459
1659548
1635202
1840217
1675437
1672155
1681684
1736992
1586821
1823103
1803429
1743433
1742579
1793699
1737963
1682143
1636767
1635221
1696045
1667101
1640832
1697678
1611562
1726579
1719429
1731136
1696656
1687703
1684372
1690603
1698376
1697064
1621005
1677019
1663876
1693266
1711759
1654681
1660532
1706247
1636722
1699432
1695850
1629062
1689087
1693984
1580176
1671107
1696758
1656257
1700153
1670874
1606892
1769676
1695552
1504962
1770252
1774557
1475166
1560605
1500301
1295401
1418420
1468982
1358414
1468999
1563887
1476333
1610658
1593600
1594533
1608831
1522776
1616311
1644293
1633079
1590097
1656568
1656077
1602991
1664329
1652698
1822243
1627196
1693217
1529332
1575266
1669113
1501612
1642294
1647557
1535327
1680976
1644814
1575784
1810719
1694930
1656458
1716116
1716010
1662115
1728177
1724063
1616096
1725768
1714542
1648114
1632503
1705206
1646089
1606935
1575377
1668135
1546765
1656623
1648422
1595024
1713910
1509255
1669743
1722507
1695189
1658544
1824343
1695841
1642418
1664456
1699136
1583686
1779773
1738727
1600222
1782898
1653988
1731837
1767574
1685862
1655393
1785390
1745567
1612585
1784159
1698996
1788830
1708088
1637563
1548586
1711095
1522662
1750983
1716763
1555623
1634076
1711770
1662645
1683856
1713812
1708806
1767793
1561851
1489111
1650331
1570577
1440497
1655051
1713039
1447788
1739877
1668033
1663132
1657806
1649754
1549801
1684659
1713406
1596520
1656107
1676507
1544713
1633592
1649524
1515002
1558495
1733976
1706265
1678079
1719444
1544231
1707602
1727454
1761408
1657592
1715954
1690041
1657035
1723477
1700302
1616638
1716458
1737143
1711744
1658505
1684628
1664633
1705414
1562507
1680996
1714762
1576505
1684685
1810941
1702384
1634613
1718142
1727658
1778609
1832847
1769410
1658201
1664411
1482910
1514653
1409785
1480560
1589631
1663763
1636371
1565786
1574852
1485094
1571173
1531121
1638941
1786370
1702978
1618372
1907227
1771358
1654181
1632389
1732774
1679192
1687762
1708557
1600676
1708174
1664896
1647338
1645171
1736196
1774698
1635650
1683687
1560152
1644855
1680288
1673067
1585855
1687102
1603612
1650881
1678225
1672464
1635048
1678881
1747220
1642126
1728863
1569407
1703016
1730986
1702999
1643052
1719198
1699373
1639297
1763773
1594892
1664318
1743708
1707284
1697045
1740184
1565831
1634723
1736489
1672354
1534072
1738616
1650771
1754032
1645221
1587157
1669018
1747508
