3135767
1708369
1885739
1959663
2021188
2009000
1970141
2002825
1990948
1966541
1993071
1981502
1975914
1928002
2007265
2023065
1878491
1980941
2006090
1883547
1925649
1728360
1835032
1943170
1892159
1819219
1966570
2002029
1977743
2012259
1998609
1932243
2003905
1938173
1955026
1939902
2023615
1916295
1908748
1901252
1907247
1914055
1893904
1929267
1888517
1899931
1897098
1935186
1971455
1914352
1878945
1936483
1990201
2104697
1915980
2105037
1791230
1635294
2058587
1969200
1937567
1897143
1959099
1994950
1899504
1969644
1972169
1964320
1896235
1977539
1820970
2019059
1964280
1912198
1969504
1901354
1976922
1961527
1897014
1921022
1892912
1983341
1976727
1896782
1996508
1919651
1993748
1984060
1917929
1951255
1974654
1910355
1959917
1973539
1937116
1971633
1952310
1922052
1939545
2079534
1904238
1965103
1951338
1931469
1969553
1940989
1966450
1939812
1989262
1895011
1875108
1905191
1963373
1985735
1927063
1783625
4222185
2029747
2155679
2034349
2008711
1889468
1968341
2059196
1967250
1959733
2011838
1987018
1979994
1906808
1971407
1977861
1902732
1995817
1972634
1972298
1991304
1932826
1975127
1852460
1924709
1944434
1995157
1985138
1867387
1976876
1688094
1840703
1764032
1909699
1975956
1951155
2399844
1934138
1942332
1884170
1997669
1872728
1936203
1896182
1984120
1950786
2006807
1876426
1888158
1896727
1927353
1894808
1899018
1855120
1896510
1923498
1912243
1873713
1905112
1903154
1885083
1924862
1913966
1905508
1904464
1842770
1893192
1899471
1819470
1839945
1920345
1876315
1877072
1906663
1909042
1869043
1916249
1910361
1899181
1906257
1905193
1881864
1915398
1809721
1879491
1880614
1874861
1901951
2022060
1923174
1900338
2208423
1846629
1913409
1916128
1838476
1906319
1971410
1898222
1845660
1899385
1933448
1902922
1901578
1913198
1911815
1900878
1928453
1913646
1882811
1924429
1903428
1908569
1932570
1896475
2176777
1926510
1899564
1904128
1939430
1893983
1887745
1911732
1893548
1852422
1930287
1915476
1886927
1919187
1871355
1901765
1922978
1890511
1891187
1927994
1698100
1845098
1831309
1693813
1729471
1596890
1674519
1762152
1976006
1953632
1983679
1786501
1968048
1993244
1985463
1946443
1980428
1979543
1959049
2011846
1969311
2015674
2020633
1981954
1947205
1895334
1969203
1947406
1885715
1965836
1939907
1979928
2141048
1957109
1904891
1964129
1962619
1985428
1968090
1901192
1942272
1995431
1965583
1982533
1986054
1955247
1990190
1979418
1946780
