3622128
3060178
2742669
2798956
2808022
2685614
2780850
2835923
2751544
2782627
2844793
2843557
2752155
2819562
2852076
2772217
2735391
2609516
2790035
2609803
2625423
2720349
2665077
2603174
2658464
2755769
2624676
2796431
2645897
2774015
2714506
2875859
2663573
2750315
2741169
2567583
2683393
2732425
2642323
2609823
2718964
2861323
2750190
2713446
2715908
2730946
2732129
2744485
2711818
2691538
2762809
2774425
2641358
2146344
2507784
2874812
2863928
2633818
2368738
2796156
2531965
2598377
2580772
2722230
2836448
2734055
2694490
2682460
2657353
2466682
2721745
2739134
2798610
2635547
2666372
2476179
2864570
2471592
2542495
2491981
2584616
2620728
2637492
2653923
2489894
2862917
2662137
2681785
2614028
2537821
2609216
2652144
2528614
2621212
2711908
2528235
2568041
2674259
2611385
2427153
2713478
2597756
2670243
2611275
2601359
2242386
2081838
2296848
2461430
2263378
2444144
2516299
2579917
2511597
2589637
2663137
2519130
2417794
2706073
2646738
2718089
2490430
2507540
2599512
2753070
2559631
2708940
2633687
2759785
2584216
2759860
2693272
2626865
2427973
2302987
2222286
2780125
2406205
2381729
2484914
2612486
2654102
2873767
2576982
2620946
2832080
2804935
2640677
2718204
2574228
2871513
2609463
2587778
2533997
2655146
2548022
2664574
2625999
2671698
2468742
2649458
2482781
2637098
2623397
2596632
2551984
2645091
2538442
2499230
2637493
2623953
2642658
2660774
2551502
2545273
2512191
2528101
2477326
2642612
2425685
2396136
2545591
2615929
2405929
2662983
2530546
2318339
2606212
2612768
2382960
2358824
2471383
2446965
2617832
2541597
2470895
2625413
2606227
2455240
2635219
2644863
2566542
2636402
2583893
2506865
2663852
2725989
2270960
2587981
2027198
2604352
2232802
2692728
2545647
2498361
2277013
2504354
2401221
2604622
2419459
2610352
2639694
2497615
2426279
2571199
2443102
2593872
2580007
2527323
2543303
2634305
2581268
2596063
2673386
2488681
2561175
2651998
2440310
2545677
2537036
2606453
2560015
2728716
2532511
2570413
2587848
2530655
2576735
2558063
2377726
2301180
2519453
2718701
2519807
2572873
2485677
2597695
2702195
2597491
2483687
2433815
2337074
2487675
2574867
2496177
2546584
2512417
2606458
2391372
2623848
2628962
2486017
2568041
2473979
2418661
2477671
2535970
2451886
2485738
2447251
2532501
2419424
2497273
2525015
2447509
2397869
2533731
2506780
2487510
2503751
2534783
2386473
2449595
2477036
2423525
2422966
2239248
2345640
2406643
2456666
