3179518
1829808
2018442
1860712
1810248
1940877
1987399
1944320
2033080
2008518
1960365
2043653
2195323
1980703
2081382
2080624
2057929
2058728
2026927
2063743
2120042
2093939
2061211
2284372
1875773
2069417
2116832
2050917
2071393
2015338
1986238
2025693
2013173
2079007
1927962
2061954
2053212
2068430
2109897
2099150
1999221
2039992
2139021
2005448
2000459
2127051
1977744
2041632
2218093
2029897
2185853
2159733
2093231
2172940
2034073
2061533
1938360
2035763
2103895
2038347
1967553
1945922
2049113
2032260
2002001
1942450
1987843
2044255
1927420
1973174
2062803
2021000
2201361
2005358
2037357
2091255
1994707
2121436
2071759
1981483
2008239
2024654
2138737
2137135
2000215
1974773
2051100
1950872
2223717
2024320
2128060
1900965
2021572
2102685
2301352
2112918
1956818
1950636
2061912
2173346
2023779
1939705
2094698
1910856
2018451
2092946
1895552
1973661
2097167
1941445
1842189
1882785
1894871
2037760
1898881
2051168
1894851
2073842
1714945
1840065
1914991
1908882
2007579
1914075
2048873
1930858
2020229
1924278
1954777
2030133
1988868
1937542
1955816
1807097
1935548
2058560
1921142
1927561
1922009
1970988
1933557
1968109
2048415
1873601
1618485
1628599
1473960
1507930
1380650
1549272
1662365
1658603
1622702
1619002
1831593
1628214
1491327
1629958
1633798
1634144
1638725
1507807
1645408
1493586
1620720
1624499
1476826
1624300
1517637
1475220
1624398
1629844
1638589
1622907
1652418
1621839
1630087
1518234
1629408
1639048
1559695
1625208
1498307
1645175
1618078
1635799
1657486
1584719
1628688
1660817
1640579
1624088
1518457
1619654
1637692
1679223
1615456
1639924
1668658
1615242
1616632
1545241
1614973
1619262
1682193
1540733
1622607
1678229
1633298
1615890
1689385
1624110
1628602
1666546
1626712
1623957
1490219
1630149
1631100
1655178
1624258
1624463
1655487
1619302
1619551
1634800
1634415
1623153
1653129
1305970
1512746
1689309
1881214
1749914
1663351
1589144
1629197
1661305
1540401
1611658
1640175
1619078
1607958
1655562
1759049
1664233
1634728
1833961
1676380
1621174
1539513
1791341
1843745
1935762
1919114
1797080
1717387
1869888
1932455
1791077
1854325
2251176
1835463
1902987
1830273
1780362
1801419
1781357
1630585
1773916
1793324
1728078
1761510
1802729
1744430
1755440
1743519
1746765
1761840
1648142
1707615
1984417
1742425
1840429
1647030
1408823
1906334
1781790
1682310
1687205
1639731
1781036
1763560
1760407
1744750
1701261
1719835
1730134
1705704
1766891
