4593191
2967165
2680699
2850577
2759154
2570796
2550199
2680196
2803404
2739407
2724908
2738207
2730592
2691886
2703990
2818670
2576253
2419658
2540305
2509323
2930110
2654061
2433095
2533648
2741778
2472306
2765307
2732562
2618150
2595801
2776075
2182757
2699976
2620766
2648830
2763133
2805426
2589755
2618141
2802763
2806888
2758892
2789483
2847105
2735152
2804406
2808133
2816240
2921423
2675817
2751770
2872484
2893599
2670635
2876693
2840085
2723116
2872848
2807901
2684245
2813048
2823488
2779723
2854201
2844159
2768848
2886003
2818384
2621989
2849717
2826479
2651235
2879274
2799266
2719192
2839563
2608644
2692671
2837095
2801994
2779728
2845065
2720298
2798143
2907509
2819017
2462542
2644568
2928799
2737102
2887131
2795404
2740167
2770282
2769473
2562110
2854407
2779990
2646331
2716313
2561726
2679752
2714938
2640960
2701341
2870142
2685172
2685001
2812212
2765891
2808201
2862709
2829057
2623889
2863470
2445152
2403203
2610779
2758066
2627089
2598818
2507932
2590127
2452195
2478780
2767673
2616256
2582108
2628790
2608139
2589847
2580294
2706324
2678373
2714126
2581006
2627738
2592529
2729162
2613026
2638675
2667610
2648911
2655161
2692221
2629266
2641217
2623171
2641160
2571841
2679547
2723915
2628421
2594449
2611120
2559146
2732623
2650361
2734842
2701725
2736898
2594392
2711122
2720870
2687339
2627681
2567080
2660719
2706920
2659817
2716978
2689410
2687782
2679536
2684731
2730738
2658957
2993863
2715347
2722345
2678146
2812894
2763483
2607118
2467808
2447551
2662042
2659636
2604558
2705077
2637335
2502632
2706895
2605549
2474913
2620876
2594876
2491302
2687759
2640894
2610424
2683199
2680521
2613881
2703896
2688179
2555054
2640586
2651374
2637909
2702592
2576307
2334980
2765546
2640077
2499786
2473838
2429979
2462784
2637959
2819032
2692086
2750733
2763029
2653451
2656644
2614206
2627614
2690462
2794033
2600360
2796227
2760242
2633685
2844201
2762773
2616554
2772542
2810663
2469478
2767601
2773652
2745262
2793107
2690203
2533092
2691207
2782319
2749375
2733358
2774776
2521044
2852509
2747510
2708933
2828420
2756662
2762767
3025121
2669235
2682526
2785026
2828478
2688797
2873405
2801811
2569175
2637813
2728643
2634504
2882354
2682860
2576536
2612406
2751447
2678359
2712913
2752904
2609358
2752914
2738208
2612657
2721826
2724112
2518598
2461092
2501319
2624317
2797443
2497249
2676075
2705107
2649128
2657718
2746615
2593931
2687210
2590445
2679559
2678651
