5854110
1884443
1963685
1998115
2068006
2003877
2036678
1967628
2035845
2017284
1987273
1987142
1989297
1997637
2011974
1962416
2032965
2032494
2032700
2012074
2024412
1962668
2070783
1997785
1972437
2055255
2049877
2059336
2056384
2086535
2161546
2067935
2082889
2076345
2055955
2054907
2036559
1960572
2064156
2084957
2063174
2052714
2098200
2054219
2024367
2350563
2046823
1981644
2092330
2050650
2038904
2035780
2008103
2002839
2064174
2028459
2034775
2042191
2017926
2026720
3087731
2242555
2054480
2023199
2037794
2070070
2055260
1987075
2021956
2053600
2029196
2027768
2047640
2015176
2022871
2913871
2031460
2032483
2039994
2017480
2014160
2046170
2046323
2042114
2056507
2026914
2047480
2058987
1952079
2041916
2045834
2056192
2053642
1963612
2025624
2044433
2035635
1898272
2037545
2045384
2012643
2024434
2044433
2031898
2025040
3264331
2003593
2043108
2045916
1936845
2034588
1896660
2169219
2018299
2048809
2138401
2028404
1982289
2056574
2003198
3395642
2015150
2063854
2055199
2031331
2021209
2050650
1981868
2040690
1597712
1994019
2032041
1940948
2019074
2034735
2078979
1981896
1945035
2072525
2204057
2025450
2039194
2016199
2031824
2063095
2092871
2043154
2057490
2009947
1910456
4369118
2034996
1820881
1691120
1980808
2009924
2069311
2014846
2058573
2069145
1951403
2028114
1958855
1995110
2032375
2992345
1992033
2025533
2053424
2026634
2031910
2042573
2017709
2023383
2029440
2014626
2040424
2037323
2007315
2038841
2689146
1928975
2074063
2026630
2019150
2003102
2037620
1991557
2036360
2046260
2028710
2307383
2055811
2013213
2035673
3230084
2026150
2044287
2079995
1868387
1992059
1980325
1952082
1989887
1997439
1958548
1987436
1963156
1961303
1839161
2900815
3575069
2004573
2033701
1941379
2285041
1989783
2103909
1986823
1983239
1970833
1854126
1491631
1988038
1932075
3662287
1980439
1961855
1991334
1910191
1932963
1999098
1910452
1961933
1993994
1973333
2007357
2009163
1976643
1943029
3639841
1970659
2030961
2019364
1974368
1989869
1966572
1932612
2004757
1967968
1985134
1984423
2009206
1975417
1997409
3617217
1978723
1989073
1959573
1967082
1933627
2006819
1970933
1993719
1999159
1987576
1952976
1899318
1975409
1910436
2039294
1906902
2056735
2425865
1994119
1938612
1964993
1919014
1962003
1947252
1903132
1890515
1900102
1886626
1942248
3584219
2024095
2063340
2040919
2062908
2001703
2013010
2003962
2078885
2092359
2049958
1993784
2068109
2030070
2108621
