2451758
2011053
1820052
2130079
2142566
2259306
2357111
2328224
2287984
2171072
2093303
2330862
2306204
2187951
2309808
2108240
2187806
2289832
2016818
2256362
1986339
2168742
2252937
2247202
2336089
2363245
2370984
2384740
2333161
2332451
2293638
2370206
2344365
2176386
2336488
2333964
2254974
2346830
2274863
2333552
2334608
2293094
2355785
2353894
2420956
2355252
2350125
2161739
2276477
2334428
2315525
2401905
2317279
2234142
2353661
2332694
2396589
2378875
2307659
2350466
2020459
2008970
2008825
2040290
1998489
2107686
1993123
1990748
1911101
2100170
2047542
1962743
2231374
2040559
2037860
2037848
2016449
1997933
2043881
2015888
2033396
1976432
2028091
1998721
1967489
2015783
1970139
2022526
2059751
1936633
1978275
2045259
1949085
2059922
1940128
1942031
1973818
1767392
1898217
1981763
2005360
1986839
2024980
1986770
2077316
2044015
2046263
1953680
1989352
1976167
1994280
2052670
1995388
1946202
2084531
2011963
1986480
1991383
2070905
1859125
1776849
1934172
1912833
2045404
2022620
1974979
1944654
1811932
1947728
1826938
1985260
1999843
5414802
1908482
2029619
1825206
1947199
1998813
1953951
1911378
2001561
2003383
1909905
1938518
1951346
1936578
1971262
1874028
1863130
1858514
1839290
1941992
1897041
1911692
1948637
1877558
1934611
1875147
1925257
1965039
1906228
1903184
1963410
1854651
1922804
1968919
1944932
1986869
1921907
1838725
1926711
1944242
1951128
1829546
1968078
1879033
1829328
1944949
1955990
1947369
1934552
1871867
1944131
1971677
1922169
1909448
1965871
1960283
1958685
2106227
1907295
1934040
1954602
1948677
1925730
1837669
1860430
1896181
1964249
1800760
1954318
1928574
1952231
1736693
2080441
1791406
1954915
1871838
1904522
1884657
1974759
1895518
1926361
1963639
1932933
1748046
1770979
1905461
1948972
2405140
2019256
2064394
1997310
1968889
1856095
1906966
1893249
1901787
1765986
1910043
1795984
1813689
1814130
1915056
2086439
1914991
1952602
1752433
1923602
1964162
1868512
1950752
1950651
1949419
1947681
1970693
1947007
1897668
1934782
1882851
1874696
1922301
1921102
1948150
1964248
1975253
1912898
1900205
1984803
1908068
1957786
1948876
1904762
1947076
2060483
1961369
1906580
1976768
1862546
1897806
1932926
1899736
1939154
1978481
1890115
1944026
1985473
1943252
2171800
1921787
1961299
2023803
1965670
1944466
1958908
1899751
1955333
1969650
1930526
1905147
1952143
1764076
1877460
1942346
1997456
1942299
1970552
2033580
1858897
1954218
