2002185
1479762
1473142
1698034
1654348
1502543
1835938
1650071
1644658
1508127
1942506
1670768
1700166
1625071
1622426
1781760
1620438
1723361
1727808
1672410
1736874
1755980
1694913
1847237
1700448
1709252
1800610
1756410
1890169
1689746
1811937
1775047
1817271
1832810
1786235
1686692
1763824
1662861
1626016
1694911
1724084
1906855
1838054
1812336
1750498
1833696
1805319
1789260
1773052
1786479
1618821
1755773
1756752
1721588
1708124
1793271
1654126
1758749
1853146
1792275
1721703
1798622
1766908
1734798
1687360
1719226
1732534
1673980
1732889
1582637
1526426
1683536
1709668
1631683
1673453
1709538
1866967
1764811
1922356
1902237
1637973
1443044
1670873
1581582
1514075
1741102
1732327
1550065
1777959
1704567
1628625
1702054
1565746
1750059
1610770
1815371
1759829
1830772
1809576
1728994
1849871
1744386
1736456
1802479
1703428
1812202
1789755
1727442
1739690
1807452
1755576
1792130
1708323
1672128
1737885
1677422
1773431
1742385
1755129
1735544
1695858
1530380
1836325
1796420
1679073
1747086
2056481
1795952
1739959
1708436
1759700
1707441
1803316
1669675
1764649
1813892
1493174
1555415
1629232
1597201
1763575
1672889
1533007
1640406
1532344
1599412
1513354
1732981
1548040
1587415
1647136
1610036
1597436
1635859
1449874
1687614
1670897
1595268
1658626
1517576
1606129
1727499
1678746
1527944
1735009
1629157
1535107
1520536
1735469
1588717
1631612
1669176
1571526
1554535
1554225
1519679
1559366
1573935
1631966
1630398
1576719
1655463
1719895
1616595
1673721
1588515
1606006
1568801
1637426
1586273
1552101
1539912
1700237
1655256
1582185
1643713
1670023
1647577
1714817
1725094
1791370
1623537
1476731
1609713
1632320
1628078
1578291
1647212
1617285
1601066
1702353
1674193
1661042
1720750
1619971
1619828
1730202
1697553
1634362
1587073
1687244
1713124
1691600
1616967
1401656
1736919
1700601
1586450
1817291
1677353
1682001
1671036
1651442
1626150
1695997
1687107
1678784
1675404
1620558
1589215
1592146
1905908
1633037
1719914
1645126
1703349
1650171
1673872
1701382
1777609
1763154
1712520
1699788
1626063
1689088
1648739
1594195
1597431
1610911
1550337
1632676
1552987
1606905
1681436
1452375
1590108
1431674
1585471
1491326
1542604
1581225
1630225
1679454
1594442
1638155
1600451
1650910
1652609
1392714
1413397
1509860
1400064
1583210
1432430
1439635
1442093
1549953
1477673
1544704
1496954
1621785
1549311
1479123
1586831
1590601
1545871
1591990
1564471
1544634
1583997
