3104167
1944278
1803801
2045994
2026370
2010572
1952892
2052648
2051553
1981945
2056834
2077040
2060117
2073721
2028823
2015786
2064940
2037296
1976802
2058901
2035502
2056546
2043059
2074401
1974164
1987215
1894807
2137976
1930627
1963014
1899094
2029103
1950760
1979162
2028559
1925190
2045821
2027055
2027065
1988363
2036265
2058414
1864951
2013503
1988629
1995369
1934753
1972581
1978098
2038825
1973096
1993413
2022225
2114782
1988199
2032947
2085331
2040955
2045080
1766249
1934496
1990961
1968908
1971969
2047887
1999239
1904716
2057406
1982759
1999879
2027396
2025284
2037110
2037510
2075910
2035439
1946461
1993609
2056082
2038070
2037253
2038210
2033256
2031426
2042880
2038060
1792620
1980008
2146818
2026742
2270777
2060611
2292410
1945829
2066711
1863895
2033949
2174253
1758370
1926487
2058074
1979264
1872258
1988668
2081513
1954951
2014886
2067050
1990965
2049222
2020794
1992122
2046786
2054185
1971307
2008801
2065706
2020663
2040784
2062989
2041322
2010201
2023899
1948302
2033100
1976707
1985754
2031814
2065985
1986925
2031391
2069931
1918857
1968330
2039951
1990180
2276541
1932556
2052506
2046780
2081696
2049637
2070179
2009305
2260155
2076284
1943097
2057636
2099811
2283455
2077340
2040746
1993832
2038605
2052409
1879879
2042472
2003792
2023616
2035469
2044880
2051516
2016030
2035103
2046031
2068779
2008035
2050654
2041009
2051686
1923817
1842565
1941691
1975020
1905213
1999039
2018524
1996644
2082050
2080059
1794897
1950484
1935327
2088551
1864929
1816021
1732795
1871651
1933136
1927847
1972818
2022182
1989829
1909282
2025195
1949504
1961887
2010785
1990574
1919746
2020428
1926846
2006857
2016705
1806207
1982122
1921302
1979946
2111548
2421046
2061562
2030664
2022132
2000843
2020123
2082346
1951167
2012731
2032893
2046585
2003002
2002548
1950890
1954085
2049670
1878689
2089786
2066086
2027239
1982032
2068270
1953034
2055391
2021853
2097304
2038393
1962561
1822794
2314816
2151895
2049752
2029293
2067918
1904427
1936630
2007095
2018695
2066015
2066656
2051493
1888898
2066909
1971818
2060919
1800324
2009366
1935984
2020379
2019793
2063560
2093165
1950267
2076681
1939523
2006278
1964561
1835854
1858249
2075187
2119157
2017068
1933742
2068429
2012158
2078784
1965174
2064992
2059195
2068374
1973462
2059800
2079037
1932737
2054166
2065210
1914757
2104694
2158286
2028919
2318204
1814667
1836275
2254425
1994312
1918466
2042272
2018010
2065516
2079950
2076072
