3224273
1866810
1517873
1964638
1899848
2061486
1887576
1771623
1887215
2023020
2021613
2028574
2082544
2109647
2081042
2070166
2055301
2030959
2070833
2004686
2071374
2077873
2096071
2017285
2068970
2031266
2066189
2111641
1991146
1940094
2078353
2101744
1924459
2070633
1915435
1951802
1980680
1821386
1992320
2021643
1990400
1991730
2054122
2080673
2096424
2070263
2104044
2029570
2084747
2074401
2036715
2155380
1961743
2003782
2082446
2120449
1975823
2078117
2108197
1946106
2094417
2035677
1937738
2052027
2061197
1891662
2090078
1972617
1999459
2053417
2030510
1963131
2108511
2142394
2082387
2071261
1961280
2054913
2090000
2125646
2084659
2091666
1999282
2034956
2077463
2102947
1946081
2073491
2014826
1978497
2115987
2266673
1972237
1757056
2076737
1993553
1803809
1776479
1961616
1960281
2069117
1971326
2070549
2044633
1986950
1996853
2136708
1965282
2055233
2095199
1962421
2056861
1973023
2017603
2004200
2106882
2042128
2106838
2087831
2011366
2061596
2083466
1935906
2076924
2023402
1995801
2055833
2028286
1974297
2037043
2051659
1947693
2058097
2082668
1972653
2059824
2112600
2009387
2066393
1967646
2031791
1973527
1955684
2012727
2031213
2037859
1979972
2022513
2190234
1997423
2044612
2082844
1931253
2117801
1812716
2028141
2048793
1854221
1832671
1847831
1930572
1836145
2065819
1923426
2071648
1888355
1993520
1877771
1976325
1950396
1902775
1984989
1985701
1984513
1975422
1957973
1835367
1972410
1986736
1908446
1987546
1882922
1984219
1671491
1793815
1951114
1910024
1967030
1944872
1874832
1920260
1944031
1944735
1947567
1918847
1805615
1986746
1975048
1828389
2008753
1933865
1906981
1947381
1973750
1980542
2060592
1835742
1993007
1928942
1899585
1995092
2013682
1942806
1953640
2010248
1933741
1897195
1957178
1986456
1991607
1968972
1911421
2063742
1977493
1985663
2116987
1955403
1962820
1969868
2035897
1927522
1977938
1959976
1926986
2001913
2045159
1940826
1936672
2004063
1856282
1983843
2166635
2068663
1953563
1978860
1745554
1939742
1832348
1829635
1950762
2020927
1798473
1990687
2004826
2145354
2006842
2014629
1835901
1957346
1980522
1816726
1987546
1941612
1931055
1842522
1977063
1765243
1974137
2050003
1774537
1992888
2020756
1948301
1984662
2000025
1867562
1957497
1839428
1895616
2012292
1931026
1814742
1962333
2039660
1971593
1963550
2001971
1859188
1725650
1776958
1990683
1861103
1839362
1832614
1889432
2093369
1881754
1997542
1818249
1780989
