4736234
3041373
2672217
2764960
2832818
2807736
2832923
2709423
2808051
2842216
2571380
2828468
2676538
2797820
2719232
2413422
2724738
2781985
2481531
2492526
2308574
2526301
2622737
2757279
2719569
2695333
2727439
2861242
2752384
2794217
2796033
2897013
2793139
2524652
2845710
2794030
2610801
2746347
2703029
2725231
2723567
2766843
2893255
2725039
2803822
2639427
2862428
2730694
2638838
2884968
2616405
2502178
2735156
2651973
2956346
2730841
2697403
2868384
2820437
2754635
2583201
2689718
2802096
2835003
2794807
2786732
2730490
2748928
2812657
2727689
2753549
2824603
2729888
2714940
2809153
2727038
2878905
2662471
2621090
2672903
2633825
2703813
2661492
2699220
2730711
2561070
2797787
2625761
2745529
2696032
2791232
2673695
2772820
2749109
2645628
2731713
2559008
2559769
2807730
2283888
2200033
2793399
2525568
2701585
2793835
2579294
2373813
2649932
2408344
2725628
2764560
2724947
2759885
2688672
2739830
2541887
2513561
2722629
2635463
2620671
2745105
2700113
2708406
2742571
2848627
2760451
2796986
2669756
2850603
2665943
2688993
2764874
2824073
2699620
2799367
2602834
2816771
2683439
2679132
2742539
2711363
2714144
2744224
2675801
2870902
2725518
2738201
2777669
2606544
2900860
2864752
2758440
2806217
4485512
2950896
2826867
2847332
2734630
2861932
2829271
2675377
2748975
2770755
2841884
2814284
2718132
2925523
2746014
2637957
2779905
2757204
2807947
2755400
2945250
2884464
2572349
2698397
2798612
2856263
2712827
2310301
2599084
2895844
2788864
2962786
2814461
2841928
2742409
2927655
2754307
2830411
2708209
2867056
3136094
2781850
2736392
2914597
2820786
2828762
2890958
2698046
2686283
2869652
2504806
2687292
2278790
2716727
2816352
2881393
2821420
2593683
2957827
2789737
2790180
2804120
2820026
2784319
2720369
2784216
2870102
2628019
2602320
2798815
2801412
2755148
2823737
2866147
2700267
2615898
2787304
2692103
2840401
2952851
2735157
2704199
2763701
2771881
2762197
2810287
2608529
2784460
2765992
2794139
2665518
2824527
2843157
2883852
2612157
2752104
2583783
2713077
2371393
2794832
2755713
2579168
2603943
2765412
2674756
2671602
2652932
2609546
2714897
2884022
2705308
2577823
2398773
2720276
2714213
2723820
2615076
2657800
2662843
2589235
2485307
2739343
2417264
2626274
2547933
2581205
2475627
2466154
2539751
2476343
2604925
2552164
2571088
2607950
2646614
2443458
2595663
2663158
2491755
2390346
2640380
2752754
2520792
2399231
2562666
2517531
2641345
