5190379
2744731
2727293
2614326
2757676
2691966
2706681
2790277
3958466
2692721
2832453
2888518
2705176
2457760
2675580
2678925
2597401
2511353
2254514
2702730
2500038
2517369
2620313
2507798
2687942
2502701
2689615
2558634
2574962
2609161
2576820
2621246
2633035
2561538
2271036
2642972
2636176
2597092
4977983
2654880
2690603
2743927
2600293
2671215
2651546
2679527
2713612
2614212
2730292
2720153
2664455
2591578
2747083
5206808
2708730
2655200
2772573
2657920
2629545
2696294
2617029
2512218
2746776
2576065
2483087
2707221
2684951
2780991
2735742
2715912
2692423
2709269
2648395
2494090
2569500
2643672
2689094
2702746
2839091
2668046
2687190
2627731
2742420
4415589
2749427
2652665
2700453
2644185
2680221
2500940
2586819
2658126
2752204
2765477
2676196
2703285
2773912
2708862
5149918
2617271
2659332
2391332
2602781
2561278
2540365
2634459
2608175
2665485
2686436
2497207
2685096
1948975
2496784
4214671
2579543
2472368
2303662
2324584
2497193
2205170
2571822
2188338
2460343
2692609
2530869
4415259
2611030
2341618
2470038
2593264
2447686
2573664
2475484
2316838
2364677
2548869
2474481
2509863
2548448
2698773
2562134
2536208
2623542
6553498
2544785
2358012
2500370
2528318
2576098
2386403
2595946
2575220
2584518
2693126
2602552
2380403
2653936
2661728
3287252
2528138
2408837
2524825
2719081
2487481
2573184
2620729
2559593
2510151
2677282
2475526
2493067
2647263
2616910
4136832
2645786
2579686
2633665
2521988
2632195
2540677
2573768
2445263
2623901
2716437
2627535
2550431
2656661
2674055
6634858
2781184
2666631
2627679
2688069
2617849
2638329
2656082
2615818
2653716
2705442
2599684
2701740
2601479
2692316
2968312
2576755
2645515
2628609
2675006
2697776
2609290
2531380
2580458
2615579
2647285
2689041
2567840
2608630
2637035
3657051
2525814
2610738
2604698
2650480
2598135
2580805
2635420
2651777
2610577
2687550
2620524
2636440
2628815
2524348
6565923
2662625
2687030
2590762
2651899
2493525
2612889
2569359
2640210
2553848
2661076
2688060
2354026
2639751
2530245
4189278
2578384
2692912
2533221
2666086
2549182
2508832
2624879
2552237
2580418
2592398
2499417
2593428
2647974
2585421
6670930
2685736
2615728
2656542
2686602
2737912
2764741
2599445
2593279
2712403
2750290
2698632
2628780
3042676
2689201
2718441
2704866
2629146
2635419
2755207
2592286
2698876
2738447
2573713
2497145
2629515
2607628
2744304
2651580
2695786
6769456
2706942
2646626
2551283
2698146
2550325
2599615
