4441984
2826705
2380215
2776467
2231713
2572665
2310195
2379612
2660914
2344158
2495445
2540809
2587146
2463022
2247962
2265612
2114344
2601908
2510448
2575601
2661893
2429018
2695840
2300884
2349041
2826005
2709790
2746671
2500028
2528845
2634567
2526056
2479601
2655714
2718618
2685850
2663075
2644844
2530607
2621053
2780661
2606390
2564344
2686347
4371990
2353736
2390978
2538027
2518078
2288567
2390077
2380358
2363985
2526919
2381918
2391391
2543959
2464409
2418332
2416125
2289607
2360957
2335170
2538744
2507892
2559768
2488599
2521298
2442634
2474200
2634330
2472039
2445668
2408925
2645278
2438163
2401623
2661514
2596780
2544746
2519782
2456677
2455031
2566590
2467646
2604409
2580888
2499193
2742470
2641361
2380919
2700227
2584452
2500549
2553690
2470521
2510937
2580909
2844583
2591953
2585317
2550513
2539987
2590947
2599972
2455756
2613876
2414155
2490974
2486489
2378408
2530099
2203656
2182016
2646540
2568718
2552549
2229902
2504831
2398836
2311449
2633590
2577549
2460769
2392681
2491830
2421988
2602780
2397928
2631914
2604827
2466409
2513490
2411318
2531043
2425065
2489668
2562029
2558753
2453107
2505831
2468475
2514763
2491516
2507839
2608099
2638228
2486001
2417015
2577012
2523313
2461142
2564979
2336685
2591879
2618661
2495967
2743181
2494788
2500301
2558683
2548763
2550762
2631072
2668263
2221625
2714550
2351488
2410848
2549273
2330971
2462725
2540093
2570100
2409668
2621818
2687567
2526989
2486778
2725441
2556015
2415111
2465262
2374726
2544482
2549007
2656370
2570258
2569824
2524086
2586268
2521390
2633813
2678528
2729941
2643582
2479547
2550589
2468122
2460602
2590617
2460288
2530170
2544676
2547951
2684022
2577269
2442387
2576509
2491972
2524103
2635578
2449959
2282731
2515428
2303700
2613224
2654993
2630339
2459257
2554739
2455079
2588192
2543830
2597169
2465159
2579469
2546759
2544373
2515056
2438287
2394122
2722671
2376331
2308590
2710154
2489395
2317827
2507569
2427672
2507869
2333862
2675770
2537053
2312270
2272201
2557663
2539279
2462702
2496306
2519151
2246357
2482802
2591903
2569794
2336718
2680599
2584178
2617737
2431609
2409296
2356248
2695941
2602833
2489236
2560742
2617802
2548527
2534771
2514487
2412028
2408375
2511570
2495606
2577558
2494119
2424137
2510922
2464303
2823464
2537794
2425369
2427826
2607499
2456468
2506241
2679208
2491436
2549739
2492494
2454544
2332034
2635346
2516859
2492518
2581731
2473322
2406180
2376291
2223506
