318326869
194627521
132538887
101772858
99752646
100057515
105908217
100042521
100777046
101370540
102064188
103639876
110187446
111344805
100108288
101109005
104928938
101723727
100507955
101555725
99662155
104109799
99524324
101453394
101214847
100724511
103647721
101125523
101632141
124894255
142047522
114178608
99640094
99510943
98362566
98408439
102641007
99528072
99011764
96884850
98493421
103798495
98104355
99311387
99324522
98664569
103148048
98464516
101509065
98454782
98822976
104078858
98671933
100169709
97781128
101083020
103665669
98205855
97986611
103811855
103068483
105085592
102942574
103916269
101403327
103335017
107177305
103508724
101030550
104518716
103124843
106042751
99294448
103384413
103507623
103372944
108028555
103983135
99674604
103620161
103623008
108157316
103895194
100804634
103528421
105613379
111769454
116467059
111349709
106325355
106150662
112362045
106677868
107122005
106436850
107157147
112851709
106546122
106660160
107319554
106021245
114289045
106704890
106926105
107902479
107707703
109145294
107357262
106366414
107587850
107335600
108173684
106413519
107230526
107623883
105916424
109597533
104901212
100136125
103661042
103457329
106890302
101749394
103389695
99465259
102166631
98180988
101723307
102122438
102452053
103417329
102358548
103080009
103727862
99395410
103330413
106423288
102357435
103323506
102934848
102215314
105507822
103565493
104767827
103217027
103564596
108490771
102280106
103254053
103866538
102066725
111812022
102663094
102709606
100762725
103135868
108110839
101929538
101989460
101898372
102469086
107280194
101631316
102477924
102162256
101364355
107621233
102615196
101394152
102917668
102426529
107075156
101734659
102896079
101917880
102245623
106474849
99359745
102503551
102637625
101943169
101165490
102118992
99868191
100365639
102278176
106273894
102322920
93785958
101948510
100544559
105019044
102571269
103562090
102594202
102710781
107906567
99482277
98544858
101296946
101848486
101213938
103577218
101827474
103552016
102141084
100030428
99568155
97044352
100133144
99447772
104557362
100994400
107728064
106167035
102511288
105716592
102211330
105208194
107336179
101905208
103432843
101779042
106567264
105895455
103173168
112086321
102517494
103005715
106734070
103205133
106696686
101309342
104430250
102550031
104502449
105943386
100943812
101277782
101144220
99016539
102188523
102311418
98515198
98283150
102177151
107734897
102054090
102380982
99334663
102166160
101766397
102227497
100411130
103291611
99336900
102068819
99883519
99727516
103086847
99659867
106355165
95749937
99888690
99676392
99838585
103360530
99374946
100930968
99615194
108796613
107566065
101854699
102021712
103030212
101283114
104592903
101218727
102564125
101351310
100867632
104958064
100958456
100600484
99710663
101498234
104569509
102511736
102103104
101424785
102438917
105682898
102585757
101408463
101160710
100884793
104946843
101444895
98784307
102948018
