242470253
124744178
92893725
75209354
70766004
74758558
68709579
74296123
68545040
68384968
68549738
68590535
68830761
68567737
70503228
68740714
74133265
69093141
68958954
68997960
68670987
69019540
68726187
72899545
78366762
69970139
68859488
60940277
68807734
68783866
68972663
68915946
68553940
68506885
68011132
74015684
69541922
68924092
68474524
68682390
69099769
68633355
69112185
71045851
67639492
68937967
68759132
68857647
74093492
68775026
68843034
68639871
74149269
74500558
63035693
68583342
68528834
74066162
68829153
68851886
68940777
68942234
68748128
73870641
68750611
68307590
68958906
74350365
68878313
69074977
68819673
69347486
74341117
68704070
72427902
68846046
66087107
69148161
68828291
69025186
68792172
68484205
68684039
68514095
68786004
74055190
68709526
73066831
68586523
74170967
68677829
68367958
68337359
68305142
68850879
74694235
69351693
69800447
69634907
69657301
69568997
69970739
69661318
69693267
74939829
70106889
69320058
73650939
68466781
68391895
69372943
69487235
69665017
69814307
69819262
68600703
68602831
66097677
68529348
68378742
68886561
68580348
68241778
74307958
72604636
68882653
74156555
68453923
68764722
74212545
68657444
68639830
74118953
68345232
66866822
68781622
69706441
75036798
68936714
68503109
69056620
68914927
68843176
68669029
90940386
69213347
70159716
69844161
69972791
69737461
75563422
69840738
70014533
69793011
63625556
70084959
70222925
69455422
69956422
70222473
70047182
75575965
69230462
75440768
71228582
71763839
71408376
71612162
71463000
71404058
71008976
71401448
71543212
71280218
76328727
71387861
71425158
70703926
71479302
71336626
71487544
71603600
71578844
71436049
77366178
71471670
71691449
71589439
71470874
71542561
71406122
71550834
71341554
71154364
70224107
70713772
70479138
70391797
70466940
70649535
71315763
71581525
71415452
71396617
81433427
71440384
71710447
68932350
71622118
71493815
71332511
71569470
71299960
71642020
72807006
71275477
71396557
70947163
70834636
70281832
70254141
70153761
70250128
70139590
70600334
70355877
70665104
70502849
70623114
70430656
70550789
75586935
70272777
70444057
65524318
70315651
70370478
71102364
75535052
70525249
70509462
63942427
63850128
70129448
95901585
70414382
70224256
75475118
70358128
75748124
70130501
70157939
70370534
75549847
74962365
70395886
76589682
70343118
70342406
70502022
70811414
70336915
70542577
70437795
73659041
79083118
70435296
70063448
70365520
70533111
70207812
70157139
70205023
70700526
74495996
75200821
70290383
70366128
70645582
70389984
70184261
70351409
70143619
70456151
85223928
70641662
70391528
70664256
70268089
70418519
70471857
70539035
70179917
70164226
92160557
75226217
70192782
75863095
69972896
75612844
