326352395
199923294
129391433
100216958
106437265
98390584
97598044
99236883
99235342
89185147
96595666
98226284
97878386
97814040
97215563
100158602
98345021
97890210
98235642
94687308
96869255
92632506
97912415
97865071
98062384
94945726
98698897
98466506
92422454
135537059
157211154
119099804
96121692
96124945
96243735
94815678
96055505
96793630
97107349
90996681
95266774
95473920
96138812
96070840
96153277
95097748
96386408
96254679
95950411
90644100
94846738
96659727
96243020
96794691
96882176
96294717
96194135
96048869
96410068
88977332
96024551
96217099
95895972
96202261
96019197
95341375
96189179
96659046
96709467
87612078
96574611
96217795
96292122
96671449
96387125
96612305
96828513
96722852
96667836
90821290
96834100
97086302
96638509
97649123
96175799
96415616
95963305
96739447
96326073
91652522
99588072
99200443
102130358
99901659
99973953
98923238
99732634
99939244
99704797
96333895
99062526
99536523
100074623
100106698
100009130
99160447
99408044
99920135
99670723
92147599
99673724
99719357
99736704
100259174
99741129
99734786
100358765
99759206
99550428
92831369
101083877
101018147
97938058
99320771
102079150
102081939
100724629
99980455
101424663
99934154
99176864
100167988
101483165
100673422
100499196
100826855
100112799
100669458
99866287
94468578
100334336
101136381
99135332
100869785
101206870
101855640
101384812
101783890
101424985
92400889
100624791
101237049
101787634
101543220
101396821
100992108
100983882
100970938
100858930
91649003
100746086
100076621
101075263
101029783
100906218
100389089
101182776
101109266
100970034
98450082
101244297
101160007
100391070
100151348
100712869
100855111
101854265
101351884
100969511
95779287
99320814
98894318
98834452
98918119
99266978
98780217
98614704
99131979
98787035
85421428
98133327
98590969
98829911
98011743
97643050
97780041
98144455
98096880
98309947
94030723
97199705
98027246
98006241
98727459
98291360
97125224
97971490
100211501
100224953
91214494
99030133
99976635
99645398
95688936
99686067
99387917
99540662
100080918
99500665
93154482
99245535
99099349
98880475
100417478
100024759
98612539
99098344
99445754
99376160
93438631
98982417
99715708
100537761
100211542
98902341
98970914
99702428
99590480
99345325
97654669
99802211
101190209
101258934
101773573
101203307
101144779
101632555
101285002
101333577
96102818
100996270
101280427
101539639
100943838
101199182
101715637
100983535
101600592
101136413
95788337
101264768
101862029
101253167
100584328
100894898
101565948
100946498
101120445
101280469
92405602
97855971
99826273
99311693
98718755
98915898
99046570
99802763
99651493
99419302
91452058
98896494
99572856
98823494
99091174
99382055
99471162
99801199
99471732
99497377
99202907
100565047
99514315
99643266
92078837
99537930
99279667
98883171
98786162
98718848
99181789
