310033551
198938651
113893200
100535205
103591299
98384671
99340553
99782443
100111577
99759891
115228788
100456509
99832509
101094041
98929831
100065184
98949048
109832694
105392618
101886094
99562393
98143341
97129571
98827221
98190285
98934752
97990560
111113994
108844047
127843806
111691754
102791694
100517852
99978962
101958374
101910277
101696875
101564490
101677167
101661127
100207555
102915228
100810870
100811682
101797465
100487101
100879545
103852654
101208692
101625739
101051330
101801403
101707449
100074647
100202395
100016661
101575597
100411165
99604604
110333840
97676412
101016256
93356929
102287438
100388312
100359972
98606352
107287533
98853801
98925672
97092884
96649468
100318952
97280312
96788645
100871941
97298291
97096679
96972883
100224886
98014693
95449585
97528205
98324251
98508463
96446493
96510820
98604948
98705033
101500232
118733438
113611648
106660785
106076866
106830483
106533435
107686000
106115996
106034980
105557901
105417803
105753628
104806264
104560821
103080640
103250788
104093494
103680653
101733587
103707184
103683276
104505574
104636201
104297528
104779046
104479355
102877864
102932948
102989461
100191146
101144240
99776002
98979788
101065715
99029969
100192628
101697170
100256082
100622742
101598840
101116411
100780743
97093690
101565254
100986949
99541186
101591764
95982801
100500785
95667775
97436206
96771896
97002849
96379461
96800670
97489521
97491626
97022281
96802301
97450096
102158048
102449602
101536614
101713526
100686333
99536510
103854970
102908616
102684164
102878897
102629919
102915907
102700045
103620021
101714326
101822748
102947501
102733699
101877640
101826658
102873831
104400985
105138436
104063878
106501324
104531469
104644164
103380747
105438115
101332370
102661171
103206374
99992692
100123591
100939013
100600476
100787116
102419263
100431993
101107140
100722974
99814402
100679836
100404361
101758640
101226256
99430404
100384508
104238923
100943779
100583191
101739179
101939883
104051408
102966984
105345220
103896649
102304612
104168245
103164231
103276898
105156988
102692773
94486977
102725777
103289626
103213584
102135807
98918342
103175207
102648109
102949670
105030489
104173197
103859985
103033099
107254286
106409918
106576370
106536270
103554937
106347018
106324347
106226624
106203708
106759359
106810015
106673677
102399057
102735302
108510815
107587170
107793920
108266083
108142607
108561194
107282665
109166313
108277629
107633164
106182329
107614863
108391097
106745509
107759876
108549069
108063308
104602576
108359218
107876890
109019101
108400231
108312046
109375050
108489343
108663670
107568298
108150971
107893596
107460717
104521201
106645121
106331851
104450769
106229845
103119117
106358533
102874084
105992847
104606519
104096787
106551448
102727485
105393124
105630619
90443278
105449592
102310704
102491757
103421055
102568114
103178563
102179281
102752690
101252529
100887054
102685838
106799014
103432346
103724613
