230025466
124156066
79047701
69605309
73032751
68390676
68433900
68232399
64895661
68338815
68359350
68537789
68181655
68355078
68729411
68417225
68583230
68249429
78135383
68160947
67895649
63967365
68411105
68294147
68479849
68578405
68495880
68168790
68156890
68505758
67343803
68522408
67920960
67828615
68392215
68188500
68246151
68104263
90487234
68339459
68239165
68347868
67649173
68235101
68247360
68164704
67812749
68035960
75185575
68171570
68123575
84231239
68266146
67998623
67911858
68236366
68594779
67865864
83878271
67993290
67140203
68312564
68294287
67927716
67967398
67936132
68349407
67936705
69758234
68191743
66794273
68054744
68063418
68255954
68244091
68228429
67884149
68095141
72410115
68513492
66253856
81080729
67668841
73802118
73814042
68306490
68422298
68428591
75093026
68536767
67113365
68608672
68278455
68134371
73303189
68316675
68165973
67878661
87165670
67769518
66941583
67802207
67692862
67274412
67809316
68176083
68016042
68342315
65595562
68042098
73464811
72151358
100333135
73472626
68130040
67915230
68342205
68257712
83350640
68790611
67829272
67948115
68069258
67863097
79658154
68165531
68484335
67741667
82077148
68087749
67061917
73809269
67794495
67750735
67837506
67838967
68041169
67605159
76833452
68498520
66879721
75260074
72364858
67984458
67969550
68025831
67857492
68475989
70279898
68652711
67126033
68746806
68226822
68474262
68838209
69170713
69069797
68513365
80563138
68958910
68837643
68728194
68309092
68871025
68500669
68519378
69017016
68437140
88587954
68550174
66955430
76434972
68423507
68771841
68893730
68578866
68610331
68941830
73875021
69086484
74232144
68726654
68209610
68448157
68581978
68989800
68867312
69812403
71605082
68692426
70460478
69870660
69914798
69750123
76191539
71034354
70185844
70118383
75999931
70543738
68179814
75323639
70129999
81059933
70174193
70051273
70452610
70643459
78050843
70050785
70205798
69890578
70350251
70773669
70029682
70439652
69958131
70032872
81121353
70356988
68715213
76093206
70301344
70293674
70691869
68595443
70211457
70615588
83655137
70306454
67548179
79080088
70617638
69561574
70452165
70762922
69989701
69932896
73586931
70698808
70053309
70402038
69849786
70339128
75846553
70415432
70501167
70435759
91174058
70469649
74699166
70360788
70431371
70190985
71345589
75906476
70740631
70061454
79157724
75541919
68763939
78871611
72161485
70529080
71844772
72489058
74821442
73038349
73183109
76569738
70529150
71009421
76990717
72774457
72623065
78652422
73349685
73035599
70515176
72909697
75309471
71062048
71607827
72867626
74628830
71112136
71193766
71007414
80718491
71253443
70018833
75495586
70894438
71219477
71315254
71030890
70727013
71390960
69374930
71592514
