319691558
203025380
114684402
106958674
106008534
98584394
106995503
100092102
97680118
100336768
100454819
100350266
100395090
100170402
99877522
100258802
99786414
99717109
105868572
109386907
110188162
100383907
99769556
102819233
101830860
101463268
100754390
102120928
99526260
114221367
133175308
122736619
100030548
99073246
101499415
101623489
102603612
99693606
99175467
100534069
102167339
98711300
98334907
99169928
99511115
98217016
98713828
97856935
96302563
97390490
97597190
97573578
96890098
100779260
97860719
97587162
98436269
98849552
97074177
101728046
103485810
102947367
102001626
100924280
102394535
102374321
102519675
102801659
100726703
103207688
102350986
102800368
102396025
102805747
102495726
101911123
102993362
103431123
104429808
101236519
102114532
102317998
100904975
101412292
100917373
99486797
100501698
100601863
99510134
123981888
108261704
103500975
101702452
100567918
100769297
100032412
100165109
99790297
98384062
99867561
99814499
100129593
99765029
99230231
99969662
99958778
101309223
100686125
100819167
100330421
100791927
100173127
100578882
100723313
100895210
100592294
100823164
96237562
101946078
100693258
103204896
103088111
102367267
102654359
102473612
102414873
102806527
102348780
100844907
103594135
103115057
102414887
102855123
102784127
102538230
101990226
104357337
106732005
104745353
105511813
104823151
103104501
100271862
103658990
103203156
104040321
104321951
104192182
102535964
102477643
100581512
100061560
100751956
99611877
100481529
99845042
100695101
99109530
98857681
100038184
100759537
101249657
101426753
101084176
100611209
100552131
100223167
100171096
101242823
100539476
99989928
100129871
100371313
100195882
99744865
99584960
100263827
100090222
98618162
101857487
99712503
100692268
100295688
99914284
103913515
101949145
102332315
102024092
101472884
102624871
102941183
102889029
102836038
101967847
102224005
101951357
101901777
102229369
100362608
100695903
102097040
102005902
100530524
100297501
100569567
100209265
100118784
99534999
99832059
103903509
99939034
100102126
100229137
99994660
98975293
100083445
100739372
99829530
98061814
99790835
100601046
98023588
99520895
98950717
100253105
99960664
100678105
99572726
98580139
100207468
99921701
99539758
98802687
99654360
99218121
99989533
99316218
99162488
99539121
102168901
100576933
101680934
101575347
101747930
101861234
101409580
101513538
100619245
98455030
101777066
101532455
104498059
102586348
102588467
102477615
102319268
103025053
102941349
103576747
102994100
101811364
102155273
102320398
102661624
102691209
102100898
104277560
106524374
103178476
101862073
101136237
101867839
101319981
100968444
101514941
101366977
102034476
105167607
98969744
106133499
105115577
104763218
105524572
105232771
104881389
105322060
105944810
105693830
103422573
107299152
107060891
107835294
107053416
107730959
107593911
107929179
107262105
103027429
104789000
105904232
