232129397
123034102
96177983
69514084
66092299
67951202
67155828
67172102
67546423
68154856
67380170
67530557
67590768
67507382
67711007
67534274
67500879
67083978
67673775
67284535
67436611
67447859
67233425
72577051
67086634
67344789
67259575
67384542
67519028
67294070
72087221
67279037
67577351
67613290
67145308
67232705
67314956
66999555
67493663
67437303
67315479
67397049
73141748
67512149
67217852
71485729
67469654
67316829
67360373
67247265
67425432
67281195
67319023
67387640
67365225
67235004
69505963
67404795
67595266
67870953
67089735
67392119
67586507
67135899
71017305
67245478
72732225
67245299
67356660
67209581
67517737
67269272
68799301
68399810
68064912
68756331
68525157
73824645
68331888
68043974
68665647
75905376
68344798
73694502
67377372
72776152
68151127
68008600
68725410
68443803
68137331
68352211
68463615
68148210
68166204
68247888
68019050
67729525
68504147
73760430
68233905
68061788
68686316
68306712
64556777
73721033
68419805
67954428
67735362
72598579
68110716
73668218
73789259
68103047
67007250
67383226
67177456
65833044
72558641
72457572
67710179
67221718
67368886
67356971
67108684
72592475
67414451
72624079
72899606
66993532
67342692
66874307
67383226
67359305
67385022
72686478
67470135
67303087
67305886
66873857
68236390
68192006
67960395
68262393
67902057
68404695
68539195
68128383
68252863
68125654
68244356
68373715
68333575
68240951
67749279
66949701
66724528
72221405
67172172
66765010
66964512
66944741
66802909
66978577
67269553
67123465
67104567
67253804
66886846
67177709
67085790
66486045
66591020
67045431
68032331
68083893
67173870
73475837
68082135
67041884
67932722
67470667
68395899
68213125
70601799
68118453
67829291
67874553
68170423
67728770
68173755
67841731
68093244
67944084
68665409
68231030
73255544
67370219
68434333
67969750
68859572
69260171
68705902
68688199
68273015
68679110
69121278
68212022
67846458
67440499
72895706
67490385
72749700
72635959
66921908
66855679
67233647
67288834
72733524
73307574
73223307
72744316
67097607
67260052
67422691
72750319
66883584
72972858
67456641
67296791
67574955
72801535
67475141
72619553
67043153
67525000
67547235
68056726
67659658
67528927
67491075
67510247
67663319
67277286
67659895
67254460
64911583
73482110
67679573
67131733
68495553
67629786
72734269
67478028
67316896
67699357
67543802
67410416
67515943
67672902
67426266
67876170
68014801
67534133
79816675
68129680
67483383
67566231
67323551
67254707
67085102
67432984
67526885
67228586
68021988
67064929
67354675
67230886
67244639
68256845
67659401
67244192
67019888
67263330
68027996
67221878
67366767
68248864
67174533
68085711
67110569
67030416
67947934
66877832
67711781
67400971
67372652
68206674
73509078
67329413
