234509997
119475802
92755221
70444542
66904291
68586629
69188316
69007185
73947158
68501857
74136840
68538525
68467812
76216457
68699852
68011505
68489220
68271814
68600894
68426058
68645031
67905565
67766795
68315826
68097123
68136657
68189320
68712197
68302644
68019994
82674389
68192863
68112021
67879118
67970868
68325919
68227250
68005915
68742398
68200467
72181960
68052651
67997778
68279041
68090255
73463890
68499410
73189537
68327898
68189448
69130925
68463074
68401964
68546638
68420972
68397580
68354106
68177787
68230310
68202288
78017592
68048626
68091368
73902317
68471630
69363957
68004993
68306247
74044526
68107641
87368427
68782676
68148168
73827298
68083383
68590085
67946939
72756375
68179356
68149659
68639065
73520054
68025860
68215239
73709310
68630524
68035605
67954173
73849895
67981341
61875779
67728967
74153345
68692929
68169845
68531386
68057410
73972585
68441197
68370146
78872387
68333233
68240399
77472465
68392815
68526694
68509229
68195237
68441238
68008143
78828468
67899922
68052535
68442231
69112908
68954251
68277682
74342953
68601126
68510056
77485316
68268907
73731500
68057138
68235849
68662077
68608519
67856748
68405852
68461657
75633641
68131269
68304198
68658451
68728389
68523873
68463726
68360364
68229223
68796534
67312579
68451015
68411155
73708122
68390187
73918695
68212251
68269721
68349333
67988437
78264902
68392662
65436794
68461604
68221874
68094454
68349771
68119350
68482822
67905235
78811326
67961959
68150794
68232014
67950058
68260082
67936920
68187223
68218350
67962824
82467216
68191462
68042090
68008299
69091902
68721987
68832624
68766462
77641120
68771853
75513594
68732242
68875910
69133108
69413770
69533693
68978090
69108651
68893689
68724477
69517027
68923008
68634069
69333328
69136079
69321013
69100070
69570531
67242804
69276973
65077299
69026267
68966332
69321906
68909535
68772675
68876689
68955901
68552192
68660395
79120939
68715066
68384762
68673158
68991517
68619945
69428806
68900155
68863209
68822437
72762153
68746635
68862152
68851933
72046481
68443466
69160321
68642710
86396895
69098579
68425057
68874568
68440040
68626377
68998397
68746184
68404919
68917211
69045021
68607461
67302771
68875792
68350379
68124841
68974885
68760333
68664387
68742447
68859604
68792319
73367370
68650801
68856589
69782945
70242380
68678220
68804394
68973733
68806836
68911900
66933887
69248587
68606985
68953493
68759589
69194595
68917253
68744576
68661414
69007212
68281520
70060282
68807735
69075409
68610921
68654108
68639701
70083613
68664657
68745422
68754317
68933714
68708857
68681903
68826176
68764971
68782658
69030308
69244983
68760336
74317872
80440148
68842556
69106291
69844894
68739011
68805042
68945360
74275881
68678846
