233608153
117257719
83609373
72227717
73449063
67985972
73450374
68131327
75750595
74475222
76167530
70714891
80266101
70418112
76415841
76682075
73300650
73144623
76856371
72961316
74109521
72918957
73444021
73279619
75318467
75848768
75634670
73727516
75794110
75949127
74856731
74666824
73304662
76325109
74176609
75167547
74237085
74563003
74778623
74352560
73744051
74859490
73597611
80296641
74537001
74199258
74409892
74426563
73283167
80292183
69889872
72368580
69962491
72368811
74056778
74057366
75013957
72266282
74080913
74346515
66793774
75678292
81418358
74501913
74210985
73114656
74205244
74125577
72634033
73785420
74246447
72568369
74264736
72098020
73928462
73886490
73851706
72170929
74092504
73333506
73416524
75786216
74921794
72785001
74399877
74461146
72360850
74010708
72401789
74655776
74563015
73985188
74281798
74163178
74009542
74132073
74070185
73878441
73966649
74018787
72836402
74446028
74148773
73216677
73616326
72414872
74012674
74600712
72317052
74070939
74860889
74060485
75283586
72212887
73677929
75220432
74061460
72380834
74370708
73920352
77107023
74722473
75229189
72391255
73834913
74638008
74389578
75809369
74058962
72446558
72712554
73755284
74080074
71969584
74511078
74523245
72823829
73918602
72646473
74575868
74069121
74144998
80228964
74425894
75524272
73993154
74176550
73220077
72661958
74268366
75204551
76010099
74561736
74415971
72387503
72900389
73272224
73353598
72447479
72538094
72719055
73794085
72363125
72582222
73937288
73791912
74079699
75762104
75315151
73777116
74019049
76353214
76213091
73391270
76424386
73488529
73729058
75574793
74030305
73312596
76550765
76288884
74488584
82716648
76118003
72591064
74354108
73600287
73735393
74296597
71877563
73817249
74281230
77062283
74340801
72883720
74597357
76232104
72302403
74214278
73900502
72322376
72507353
73895430
74455162
74812676
76547218
74348304
72853480
73966942
74197943
74183686
72430986
74264833
72501986
72879373
72514078
72609264
72497782
72323564
73965544
75796141
73108343
72827039
74157881
75419211
74752134
72210037
72472063
73375395
74170922
72429662
74008862
74534327
72507766
73110653
73872403
73320302
72411076
74025315
73935709
73594527
73836131
72328328
75892163
74417949
73464038
72346051
73579316
73758225
71862379
73895476
74063389
72472753
73804048
70324501
75258961
69626718
74716126
72346035
73943711
72456479
79342309
76460048
72337590
72213489
72456792
72410091
72276808
73044145
76949118
73064512
72236724
72413112
72362395
72169765
72398497
72415159
73308929
72739336
74753070
75171200
74517555
72237743
72432026
75717622
72538184
74436957
72808603
72796980
72515714
72620503
72655265
73820570
73431319
72949966
72434919
76037351
72540446
72300004
