233978575
128154998
84011267
79714165
72424162
68166679
68569888
72435089
72480077
68084342
69117242
71919001
72504170
68244297
68694339
72635406
68386485
68157630
68247214
68147666
68308295
68549240
68381928
67722235
68111272
68573743
68317001
67940878
68295860
73990458
71659231
68048040
77277156
68151489
68566638
67994865
68091219
68148662
68450356
67822531
68036184
76435441
72346030
67775872
68157289
68340296
68263356
68305870
68141176
68390762
68057564
67986124
73693626
68091014
71829788
68189141
68210164
68075811
67929036
72458134
68406750
68066405
67780496
68146783
72110942
68265286
72060150
68328841
68328815
68440467
68415573
68265701
68446240
68201822
69497129
68025389
68244773
72463618
72716305
72405224
75656628
72325779
70184962
68161848
68404820
72351667
68001023
62272050
68273559
72444581
68842351
68102068
72542828
72397228
72389558
72372299
72395208
68239352
72616345
68542610
72175762
72118194
72610769
72606268
68610006
72288823
72497878
68332515
72556514
72617638
72763335
72087414
68722631
72264316
72488754
68329962
72458364
72232366
72401447
72495246
68334028
74541546
72674462
69890179
72371489
72259360
72208781
68199218
68604194
68237895
68148941
68668608
68307834
68302179
68192663
68548073
68619436
68447003
68224364
68395181
68443882
68473997
69031472
68273728
68411023
68572294
68552260
68365259
69006624
68823397
68650066
68552437
68468086
68382021
68363101
69460525
68707353
68531784
68561778
69017232
68334196
68595204
68349216
68662905
68561643
68392683
68486388
68427017
68236462
78061799
68816731
68512929
73820701
68546146
69972416
69480531
69754878
69741893
69700126
81252642
74177716
68343650
93065463
67995559
68307740
68473158
68258032
68473558
68354853
68288887
68258540
74141948
73417736
68484739
68649997
68439767
68787496
68770237
68571895
68381727
78350389
68298389
68827349
68388100
72838330
68866853
68857911
68383998
68520180
68864679
79851842
68568801
72655150
68202552
83491584
72428072
79449011
76133888
68379893
68392513
68241162
74144386
68536178
72526777
68529549
72284745
69855431
71013899
74963044
69532811
71002066
73882570
69932485
79271964
69861292
69342791
70305032
69859469
69719704
70107009
69846448
69811595
70077067
70133344
70970758
69672636
68643709
69544014
68360784
68016585
78745352
68349033
68212027
68602244
68160917
68325212
68826587
72405223
68432384
73833584
68653519
72232315
72501601
68359851
68296200
72231200
69179266
68175133
68229724
75240837
68030408
73654938
91243258
70550599
69369137
74944113
70929888
76111070
68701286
69108353
68104369
69881690
69366510
69553503
67576278
68593994
70579741
68782447
69077494
68556957
68058456
68402169
68441815
83572579
68495310
69035361
68468886
73620517
68525251
70569171
