222607639
121530279
86892656
74935509
67558478
66553171
67853772
65325345
67668852
68012221
68051977
67828360
67620551
68435726
67601592
67969454
67787464
65224943
68024472
68336795
73376506
67929478
67742748
68874257
79027834
67702503
67795648
70595116
68176347
68453310
67640428
70775234
68417420
67697125
73724652
68317264
67685915
64623947
67695727
67726596
67904279
67620079
67625463
67918729
67575855
67755124
67785349
67640819
67839225
79948183
76660924
69372396
69191720
69513157
69268930
69769421
69315799
68933101
69339043
77804198
69364437
74995703
74747975
70249863
69282144
69318748
69538509
69974235
69339360
69306680
69699349
69218843
69414147
70428698
77675616
81839330
69184072
68579830
69193325
74733312
78642399
94431145
69369484
69136250
69343270
69000197
69316680
69038671
69221077
69458195
69606387
69312797
69605103
69485669
69271589
69517735
69196332
69334204
69211031
69440450
69325858
80446827
69491188
69744753
74468373
69615722
69619153
73874033
69304673
69656420
88445118
69718188
69154661
69468655
72464866
72375145
71444497
71997637
78079790
78871231
72508978
72701918
74599839
72852219
72453550
78700144
72888352
77755118
73209564
73410184
71624459
70723277
75613196
71718226
72159286
71975603
71186630
75914895
71611452
72801769
69145548
72999028
77315086
72712129
72886573
72395648
72161487
72486831
71676314
70300876
71635575
71715495
74590639
71650484
76412315
71720819
97945386
72611546
72524689
81376870
72500878
72784397
72794436
71684018
71664918
71816814
77509167
71825830
77523654
71595474
73975834
71829211
74156607
76628477
71966495
72348959
71740928
76629353
72285009
73116424
71958078
71971926
72272521
72052664
72108915
71798735
71744459
71415049
72147672
72071075
72264240
72300834
71958486
72059219
71863085
72177756
71842862
72158958
71821595
74482930
77490476
73904010
73948713
73237901
73914589
73637522
73723527
78322946
73861996
73560447
73356657
73985260
73794578
78151814
73745960
73342396
73402709
73775085
73668912
74893740
74470935
79574096
73753380
74242712
73955263
73954627
72554150
76403755
72740688
72214041
68719296
72150104
73143849
72972427
73143622
72910096
73368706
78596810
72922610
74154851
72676731
72458212
74603366
72034055
71709460
72436012
72471758
78741203
72338443
72368891
71898147
72069846
72519310
73105368
78040965
72746513
72897264
71089771
71955061
73409205
75961940
71809945
72392138
74506798
72882292
73545189
71886475
71286776
71574569
71719718
78693362
72253565
71930097
73569775
74171270
71752254
71790376
77871677
78643300
75021612
73236996
74605211
78326537
72443692
73869499
71836362
72136554
72605552
73421708
73879299
78824745
73831529
73589074
73532738
73282267
73477254
73565848
75080517
73699131
74975342
