327901575
206068169
129759234
101155405
108322322
103876909
106721893
109445697
102964031
110581350
102801129
106846728
102761609
101550095
111403051
102644345
105414062
105556706
98727902
101356894
98553424
98870232
97728954
98083199
102747556
97933319
98066730
98209215
97998048
114567220
109015267
102955664
101992200
100703747
107002782
100224372
103189832
102962204
102748248
105621235
102083295
103084766
101882049
102253080
105877346
102601561
102430324
101909948
112247296
109836703
101786540
101798802
101180406
101397009
106570376
101980989
101560300
100719966
104285115
117533865
113701703
104793415
98279139
100095385
98773584
102774978
102282964
102668655
101383915
106382584
102115635
103651157
103415152
102901900
106365930
102324180
102326027
102482319
101864670
105231172
101980059
102012721
101826672
102668305
106434803
103429096
102866127
103472679
102921529
105540277
99627692
99736769
99943077
99153339
104299121
99477791
99963165
99949222
99428161
103639292
99508795
100881822
99148667
99231936
104797102
99686523
100068462
99871433
99306458
104254164
99497088
99279489
100442611
103204821
98493773
98372365
98824547
98707699
98783241
106998794
99303810
99301411
99192147
101462454
103765615
98260957
97491746
98301021
99500097
105176842
97722387
97884234
98291518
99922194
98971327
102788689
101235096
98553645
102469833
106598433
102454220
101975970
98379553
101845593
105033621
98502213
98724535
98536760
98094206
104294193
103095292
104225849
102850817
103748402
108759664
105227983
102038497
105285168
102969998
105427171
103235568
104562957
103538110
102704531
106905700
102363854
102500289
102894239
104467921
108703340
103279153
103483119
102689466
103566162
106889698
102852175
102458847
102647421
102510497
106711134
97927599
99056359
97458767
97544037
102062385
97991499
97712552
97289235
97196437
103879001
97670511
98474838
98675068
98748300
103048097
97742332
96385891
98623126
97645428
101673985
98028496
98789288
102906406
92431599
104137329
100139721
97328625
97827083
98774076
105232740
100458165
108307109
100618659
101270502
105371307
99990659
100087157
100110048
101845863
101835734
101056616
102501298
101579904
102365635
107958997
102308979
102284408
102017496
103177089
105660837
101779599
101874766
101881754
100949976
103068128
101178581
100699839
101366424
100565566
97570140
97355083
99753327
97451198
98029051
103038725
97471282
97470993
97398219
96936976
100804026
98313260
84098584
97823651
100312910
100981282
99822660
96464088
101830704
96785956
100049166
99798618
100167635
99399667
97738173
100540369
102286835
100357585
101955223
101019737
110001270
100637028
101052633
100838501
100657504
104942986
101511548
100713597
100595505
100448975
102317188
100735644
100645708
101278024
100518457
104486125
100365017
99795433
100247460
100404938
105150880
100702623
100928814
100537822
100869245
105160741
101624163
101041628
100744132
102081609
106699234
