297068063
199280651
123680659
95143064
107110696
102651627
93364256
106728166
102751153
94768131
99784792
103153579
95950872
96165210
96372765
96602737
96130690
90796958
96330850
96274081
104933948
104651622
96551882
90465363
96875425
97292274
105329626
106483748
97436308
112118869
102367713
98038124
98360287
98163703
97005977
97320367
98880728
97990455
97175938
96680698
94310510
98338604
97116879
94897000
98186620
96971481
95955312
97243534
96278034
96407754
94216073
95790185
96151878
85175066
97266252
97029481
97275132
95853672
95952530
96011449
102972521
102094058
102699065
102093638
103257163
102955783
102889966
102614303
103511562
102268926
100727270
102389515
102529899
102919926
102962533
102616874
102796295
102371728
103110443
102969603
95671538
103293386
102953628
96835906
102387699
102993858
102540535
103136390
102898446
102568014
97600973
101714367
99686502
101289802
101043157
101403929
100914699
100522490
101263989
100879589
98868111
101216163
101420734
97014424
100157319
100968410
101598012
101935120
101676291
100246497
99963543
100468956
101485732
90758625
100205883
101093892
101052612
95874243
99870357
103090241
99400282
100733295
100454301
100914892
100695865
100877502
99856785
100844139
100642844
100628545
99058217
98885789
102430346
100432385
100070354
100342377
100353272
99509550
100212573
100804162
95744744
100708527
100513959
76908461
99079816
99971694
100311093
100398746
98894219
100466813
98851173
102007903
101955482
102261401
102229343
102640906
102098018
101846944
101709443
102192664
103041661
102034308
101740513
96659410
101361951
102218682
101789428
102350131
102346303
102475005
101643869
101862056
102544855
94508387
102361031
102106137
102055660
102411717
102033921
100907347
101544769
102006729
101690936
102279808
102203044
101987601
102035612
102181457
102009141
102133927
100887594
102181193
101826294
102135743
101965802
102388149
101964316
102434457
101957444
102532448
101028854
102394605
100990261
98667521
102738529
102673586
102117054
102047872
102064123
102767468
101062187
102121148
102392409
103226889
103054596
102948037
103308930
102801316
102467007
102611428
101336031
103018342
102502983
97454418
102306496
102396004
102614984
102843387
102842236
102903437
101754265
101778941
101929527
98304168
103087525
102368243
101921074
103447094
94759069
103224186
97942566
103073659
102876232
99776649
102812846
103284248
103333743
102917641
102879966
103345496
99914407
103503463
102999117
103646376
103068125
103022429
102736373
103206397
102636826
103346819
100685697
97348080
102977411
96299672
102005790
102727625
102243212
102457384
103320195
101508925
99377987
100262703
100697458
101622686
100136171
100771999
99495403
100261180
100602577
99556417
95547046
99855622
100178467
100089238
99339027
100632643
100184729
99782290
100488533
100558824
99695425
100243470
99644626
88939578
101040571
100324341
100006202
99911027
100128098
105070231
