241481101
137973349
84830869
81584122
72309576
69913933
69169065
72152135
69479020
72485260
72353324
68946120
72574267
69127946
72546412
68623558
74175397
68643312
69056703
68876147
68819050
72086204
73783433
72484253
72350098
72084826
72606606
72054970
72345153
72178008
72398579
79559995
69051402
72533145
69076854
72214413
68454072
72277023
68196152
68767145
68312558
72243463
68462474
68084557
68424081
68634786
68451257
68263416
68471239
68330844
68503265
68693093
68211958
68355036
68772780
68755883
69226707
68546982
68764112
68799751
68728417
68689487
68734909
68503192
68975756
68552047
68747902
67976927
68827261
70574370
68867605
68365622
72266215
68705685
68621552
68618058
68480507
68867895
68415070
68485309
68621482
68465819
68817991
68436169
68495235
68715404
68499296
68631764
71105555
68455189
71596803
68824141
74966377
72591292
72575579
72205937
72232879
73545356
72844060
72369611
72585272
72315300
73471918
72369046
73030521
73012210
72810660
74043248
74248208
72614333
73916552
72261662
74105127
87643456
72366861
72488626
72816860
72124909
68411067
72732305
72311487
72203102
72429862
68562893
68361985
72701538
73330505
68659455
72873241
68738016
68752939
73038363
72834136
68971792
68705935
69042617
78175721
72756659
68971339
73034548
68607371
74318791
66041428
72547192
68652719
72592105
68318093
69805614
69323597
68918246
72422316
68630026
75122648
72462424
68483575
72352926
72446147
72139593
68809818
72450093
72890537
72564946
68681132
72347921
68888996
69555735
72192558
72003110
72547292
73254871
73209756
72737095
72451828
78351482
72975757
72769918
72598900
72276857
72848117
72682685
72700724
72515420
72653268
72169991
72682624
78138665
72152848
68474648
74344414
70616236
68926782
68799707
72220121
68626599
68585875
74448980
68782170
69020104
69190484
68927952
68794000
68861699
72433161
68577704
73182251
72727913
68460057
68669225
74345998
72937069
69048616
68962877
72534598
68601456
68486194
68595051
72456102
72185156
69095137
68970716
68943293
69310383
72171441
68926737
69004979
77796516
69023285
74431689
73088330
73092393
68579537
72051139
73915511
72074644
74358399
72070810
68624887
68665743
68857190
77591917
68851342
72032721
68909120
68903294
68255335
68487936
71875739
69020467
72538199
72546019
68600933
72288168
72731561
68817783
68838941
68644619
68632238
73357597
68480092
72286950
69031938
68970116
74424237
68259370
67904254
73156965
69082908
68687008
68907736
74396953
68871946
68559035
73827663
74489314
74396626
68966218
68711350
68838925
68995502
74263452
68583435
68621620
68762167
68725730
68703986
68772302
68460941
68414898
68640272
68478057
74467363
68787761
72336266
68416577
68503989
72286257
68678059
72439768
78169554
72663520
