226388891
113836232
84402398
74975573
66486291
67078556
67067273
77106571
67157063
66973678
66905595
67105910
67042063
67083273
67371590
67227075
67451554
69966023
67502353
67052943
67096744
67026217
66830806
67156348
66803324
66952051
67327560
73880342
66965439
68083917
66909655
67426520
67104628
72181344
66813088
66644149
67016011
68715641
67474894
67055263
66906111
66890511
67610067
72340805
67383086
67222909
68247285
75218813
67381540
66942697
66980593
67167458
67091037
66866636
66980756
67132500
67616902
72844169
67066063
67433917
66742348
67374913
67414290
67125524
66819020
66958192
72602921
66680498
66981873
66882695
67353744
67091028
67101724
67604268
67456716
66917616
67207124
67940012
67491872
66881977
67369676
67083952
67579988
66979776
67093574
67138170
67361430
81495215
67374451
67008797
68126901
67146862
67227789
68083117
68259688
67404671
81965751
74540818
68023253
67724990
67426923
67437080
67371628
67414893
67741571
68247061
67204000
82073982
67126795
72170390
66975677
66991072
67418511
67257849
67495014
67216445
67823675
78392589
67121768
67309477
67956927
67215459
67314304
67823722
67388626
67651910
67215748
65300542
67400064
72717260
67368221
67252072
67482879
72870055
67359803
68232697
67321420
81515058
67177966
66961625
67055557
67299052
67808053
67272370
67562344
67013623
66845968
73957736
72855103
65764987
66768297
72768824
67585576
67764958
66573458
66784471
67454877
67312172
67839869
67494864
66719763
66663372
67785395
67221225
66704624
67285009
67199328
71335931
66950977
67102036
67953633
66982181
66368477
67292571
67067847
66754158
72476638
75805029
68303807
66919555
67395388
67257283
67512233
67001131
67108023
66844265
67513422
81772020
67704573
67079180
67110315
67358787
66906542
67009037
67383812
66936436
67713077
69103330
66874663
66774716
66748587
66610375
66873069
66965101
67189030
66917031
72721413
72440136
67499457
66865371
67156796
67680731
66944133
72564963
67036523
67521755
67006843
79788190
73566651
67199456
73315516
67375508
67660326
66924614
67538282
66803234
68282063
87826471
71364219
67035914
66735088
67135412
67038094
67891739
67144148
66905928
66936893
78257085
67423359
68030584
66782735
67522093
73081932
66993671
67249222
67113473
67424262
76023506
67263449
66909262
67367302
66836633
67923420
67500859
67698606
67579734
66925240
76620157
67944984
66785925
67359887
67442238
67767842
67018643
67063115
68031804
67494518
74521672
67340134
67132635
67552298
67633549
66987749
67568215
67633923
66998043
67402954
71439884
72700374
67588123
67040104
67222742
66889705
67022692
67235400
66926481
67121378
64302840
67040525
66885351
67128757
73917690
67350832
67467932
66921727
66790492
66723109
69668390
67874657
66979342
