718624247
489690815
96446822
92419080
95639977
97140263
96818208
100550067
105750446
97655531
98448898
88833194
96733094
98259248
96786754
97375952
96469026
97104703
97133863
96914150
96836969
96742230
96884734
97128220
96716008
97008343
96930490
97329041
97328500
97544002
97743468
88447198
97542934
96979349
97579354
97044772
96859781
97551139
97531143
97566140
101963641
97596030
97864912
97163984
96689056
96672419
96900240
99891198
99240010
98158099
99672459
98637559
97543719
96999938
97081433
97006332
96656439
97279718
97128086
97353600
97406355
85262647
96919363
97182376
96916780
97011614
97139908
96908070
97155828
97020192
97047413
87192653
97157032
97167294
97527010
97518347
97400076
97782055
97425090
97465003
97510303
92488932
97486592
97158227
97092259
97264746
95348870
97235565
96477627
97198658
97465151
90991618
97240387
96666166
97552822
96795556
96973580
97279317
86006231
96516069
97180326
90890061
97750793
96890521
96935457
97546992
96601516
96716638
96687213
97349010
97547968
85868116
97201441
96893522
97057558
97372810
97193158
97105495
97149167
97341079
97285926
93612490
97388722
97435545
97362618
97111976
97095184
97164112
95911839
96942820
96776384
92447633
97407060
97494114
96874674
97667055
98957128
99239055
97379765
96625683
97180900
96674726
97021973
99205017
96850995
96978846
97611793
98589205
97578036
99336380
100027933
96167387
101915195
96620394
99068664
98971055
97386289
96757626
96795629
96626553
96765463
90518935
96521848
96793868
97551599
97433942
96932244
96973837
96787932
96850371
96746292
95771584
96719009
97192499
96853602
97111131
96719032
96960258
96864850
96890467
96969736
87843382
96897264
96974753
92766969
97257596
97117675
96545085
96813648
97926303
97078858
91400501
96686443
96746303
96931171
96585516
97010801
96990007
97308534
96626488
96695439
94085202
97032624
96602095
96950121
97057525
92883247
96836511
97346826
97704927
97284416
93370017
97150257
97456283
97018626
96882038
96604617
97377106
96831903
87008383
96864592
89557610
96759441
96757122
96622316
96980685
96728922
97506332
97442208
98316389
95755098
93124993
96853031
97339079
96762762
97117433
97237119
96782733
97017407
96727862
96890599
97348058
96929372
96791803
96753563
97245726
96713820
96833048
97133749
86541892
97362255
83525536
97115720
96952949
96829034
97029446
96919718
98341983
97205291
96845637
97027896
88946265
96581372
96416387
97027774
96154508
96859677
96749146
96639107
97086782
96897247
91552345
96719372
97443812
96812301
97101470
96452306
97230837
97006119
96850689
97214058
94002728
97387875
96880928
97176864
97555929
97138546
96801519
96799829
96481479
96536467
85677264
96600908
97235818
97337500
96498244
96890604
97393499
97782762
97052753
