317093945
213550976
129502583
107921996
99381152
99810668
106167900
97613085
98763927
99114876
111900925
103377126
96125094
90869685
95241477
95813433
97049995
98434049
96326246
95771788
96954598
94797010
91886457
94384298
96834305
94785026
96153667
94383981
97014646
134753921
112456279
96494371
95210524
94913916
97256702
95739871
96723299
96090340
96291091
95438569
98190406
97510680
98114302
97729780
97469396
97734324
97947630
97506425
97075879
97240450
97211976
103851369
96631829
99047853
99366076
100778912
100542732
100456102
99227660
104382629
103766236
102662525
101169607
99498159
101874722
101629401
101376937
101737079
101248690
100136145
102743820
101390322
101623011
102445428
102601035
103285027
103505506
103429535
103571126
103056244
100666889
101162211
100686944
97166000
99137050
98981997
99228550
99972976
100226471
97380049
100054229
98789477
98587952
95823247
97999667
82855136
99366332
98590999
98559155
100259303
101602143
100256440
100106166
95188953
98104580
97213484
98611361
99126555
97752375
95010728
100780668
98022563
101503864
99547750
100364643
99808779
101351378
100810960
100460322
113024961
103012896
102673913
99416134
98125488
99848625
100094987
99556020
99679275
99356715
99637380
101697449
99187783
99162699
96596863
99569574
100244697
100826929
100273112
100430807
101824807
101191573
100772334
99779767
92472902
99910917
101362836
100172867
100042979
100143815
100375163
103338539
102298531
101036960
97965747
101329497
101158571
101727247
100734871
102705894
101127594
102568814
102291759
103085801
101725413
103084932
103157279
104022747
101940133
102456975
103976740
104110049
103030707
102812497
93107886
101180606
102127435
102586495
103793761
102648226
99600194
98367376
99280106
99720720
94111885
96832827
97592750
98446597
97252326
98755717
96954705
98412118
98063172
98553759
95514754
98032692
97650049
97038019
97206696
97347662
97796724
98521006
96833848
97805473
93519646
98247336
97615640
98698251
97442615
99537705
98568883
110373481
104149244
97816157
98714278
100569517
99930488
100469836
100630490
100425668
101202754
100195546
100685418
100349495
92630809
100117923
100116409
101145262
99323353
99760703
99428370
101298034
100692142
101484417
97695190
100207081
100949803
101108376
101437505
99868171
102044602
97912531
98509458
98009852
94772580
97025270
96907645
97465406
98219068
97481619
97856806
97445600
97693862
99348529
94615093
99200949
86228883
99922048
99130871
99543805
99478763
98526431
99246831
101621497
100044400
101464734
101869811
100975447
101694344
101194705
100878925
99682949
99983604
100122847
96635391
100083050
99459785
99134305
99782817
100621646
100975026
100390701
101268169
100929525
97526521
101574023
102303660
99977162
100322771
100560677
100498548
101048734
99829593
99697734
98763767
97665605
99803691
99667817
99411656
100049259
103164646
