504090863
739441011
98051475
92307503
94020137
102669927
102787946
102201262
103035988
102768424
96910956
101226295
100717006
100017186
89679756
100632924
100097440
100148460
92308213
100073503
100113530
99672223
100058179
100132183
97164292
103255748
100131230
96427719
99975337
99617149
99488880
99670916
100887321
102604570
100598988
103425223
103131296
103547597
103368894
102846145
103179255
100736368
100880651
100507322
94886591
100145772
100702367
100279689
91271387
100699067
100124900
100045130
100177347
100641537
101121495
100286432
100147446
102354691
97067974
99777410
100093013
100311822
100429622
103303454
99795053
102814608
102984143
102725441
102599907
102759776
103246168
103500085
104781943
103064293
103083059
102487207
103039830
102367868
102700594
87494593
101764181
102557302
102973957
101525364
97452535
101680854
101124597
100850887
100366556
100391052
100300623
100565984
100446098
100350272
96967082
100018529
100043472
99889968
102928334
103382037
103201001
100779672
100653045
100921323
98006489
100630125
100645895
100380901
100613310
101204920
100753636
100699280
102394886
100815117
100683749
100396016
100885000
101232700
100526176
100864826
101041964
100642088
101035267
100590023
95968814
100531005
99949814
100579808
100962070
100513349
100840823
100584934
102373451
100950300
93241023
100155866
100769953
101252091
102937096
91011864
100784264
101136367
101674118
100790923
101383628
100436889
100736942
100902720
100453028
100967589
100963744
100873573
100892376
100587295
97887680
100785965
100588349
100623486
101355378
101198856
100411734
100192874
100265000
100715475
100589768
100367570
100407685
100378314
104223286
88362944
100269832
100812630
101018378
100578590
94798065
100534685
100385192
100651088
100791103
100651111
100811474
100985991
100327863
100396171
94221769
101221140
100185139
102807087
100805372
100805434
100578515
100288031
103742277
103257734
103448504
103663347
100839698
100452400
100999896
100930083
101111331
100573913
100873141
100113414
100902983
100892168
100846437
100803263
100899692
101236094
100346940
100612452
100540506
100729068
93392018
100116036
100719007
101098655
100894504
100782694
100704823
100963251
100955389
100131491
93533483
100281291
101301410
100242755
100206178
100995225
100764422
100683063
100913445
100089574
91089134
100761731
100364128
101930798
100414469
101344569
100797333
100493643
101004826
100861551
101172884
100686031
101299193
100965504
87345363
100909871
100742382
101341884
100916523
102200395
95203327
100672239
100963146
103753212
99951991
100826738
94861319
100964059
100674628
101780807
96628668
100588163
101435976
101106492
100645956
100595772
100223013
100246653
100488046
101025096
100370425
100769806
100255617
101674431
101156272
97691417
100395039
101044516
78918969
100388275
98886000
100696564
101323301
103107755
102934353
102195676
99053087
102998106
103110893
103045100
103253540
103326515
103059937
103763529
102711231
102670609
