318992484
205260343
134778921
96290565
95621233
88249121
94498720
96088594
95051503
92420876
94712914
105597303
93166570
94668385
94242680
94034320
94864799
92053643
94791776
95442024
94771656
94613484
89598008
94906327
95542863
94218392
95094978
93974788
94433844
114095921
116241282
102925969
91332174
96636900
95477147
91220067
96482927
95401974
96229929
96328229
94475417
94451962
94012149
95204689
95084492
92703597
94905700
93997527
95034216
92920509
94218886
94167730
90749557
94229462
95776994
95110435
95239200
96041271
96455357
123369729
104178519
96939981
92859403
96991942
96418832
86945778
96510003
95780607
97782578
96397269
98922026
97171244
95677404
97185180
97536083
96922821
97589569
96377900
97508869
95393114
98592119
98280264
98303876
98116781
99050609
99505935
99209570
98370312
99794103
98617259
99815189
98938308
94943372
98932383
98202831
88282995
98138596
98689260
97222753
97385471
97481856
95314083
95941350
98637727
98993515
98654605
98335434
97579837
99924898
98298851
98061442
98509729
95786066
97929571
97558803
95160823
98754947
99739204
99753449
98184242
101453747
101140991
98474969
100314870
101394641
92944780
99477864
100434857
99385169
101091957
99968514
98989445
98387621
98506958
100306647
99690128
99437597
98908334
97359294
99444533
99688585
98840214
96704773
97856875
98267311
98209394
98934428
98333989
98117088
100728738
96893190
95793650
89289962
94908587
94216518
86754398
94725751
95610638
95902464
95032775
95575026
92722784
93370587
97362468
96898475
96966218
96632667
97198392
97090622
95299974
96425690
95645251
91409761
95036538
96811890
95265624
94734907
95755124
94933184
95391300
96688245
95958092
96772242
97505562
95935886
89566253
96049832
95367183
95671266
94796895
95802517
95375317
94579047
95438849
94875004
95340970
95746304
94944882
95181269
96452193
89667675
96894339
95192388
97069961
97678193
96866072
98023887
98448920
98610386
100689181
97532468
104568211
94305781
98533067
98482529
88648965
97813003
97775947
99073984
97026172
97111343
96951807
94725076
97521476
96369164
97317460
97283876
97393475
96701417
95207340
96672012
98660337
97291457
96452816
97507843
95205067
97065381
97211914
97479239
97660908
97159275
96963090
96044408
96920446
96675467
90579643
97684128
97090954
99678125
99110545
98360014
98705772
88134088
101575083
100319529
100403331
100520451
101908492
100642571
101482585
102053174
100799589
94689171
103410932
101864277
101701936
102149295
102435506
103125581
101471601
102893108
102252460
99815112
102580471
102222297
98628793
102831177
102476238
101995216
102574490
102065466
103511298
103198675
103058598
103995751
104095266
103890796
104375847
104481607
104122360
103534940
104173232
102304649
104103334
102201737
102593825
102202087
101888331
102037893
98277265
