327445858
207482852
107578655
100596689
106341364
99983003
127429555
106615529
96583711
93813578
110378338
119638562
107395676
100705665
100493979
101329635
100887784
101195259
94455795
101005616
101037031
101154504
100659774
101130932
99682757
100685223
100504851
101208085
99868887
99908580
124796994
114085341
100418639
100070354
100409354
97991216
99462476
99394944
93671177
99953553
100051017
100323163
101298102
101317987
100761051
100143329
101412620
101378151
94260916
101736983
100960130
101420396
97576407
101645746
100297065
100684389
101061440
101626116
95622550
112330327
106823609
97027967
100571207
101534854
100336752
100578025
101706340
100669514
97143274
101394894
101063524
99122603
101176465
102025700
102611018
103726490
104160144
103496394
104770688
102421041
104606446
103859490
101493316
102469270
101970325
101647487
101925880
101739197
100561301
101947538
100454866
100948459
102449410
101480484
102035614
101468656
100904359
101974134
105303923
104701531
104333492
101784253
104404944
103512118
98129262
105410748
104295020
103793256
105315530
104950374
104876063
104962824
104638518
94370891
103398912
106147703
103367306
104328366
100424185
108157802
105236109
105982514
105729784
107027954
106800582
106282590
106765220
105169979
106534606
108959282
105636778
103795563
105233193
107206010
107455795
108235816
109575806
107336512
103305352
105824437
107994852
106139793
105890100
106044981
105903600
105812797
107772403
105518668
106689100
105619058
105437594
104679978
105431571
104897249
104857690
105687827
104309621
105901311
103825544
108483589
106205665
106949549
107582137
107408169
107271453
107453498
106925225
108187512
103099575
107522016
105661350
107679710
106141092
107429557
108062220
108669472
105763253
107322004
106410816
109653669
107597524
107419587
107176360
107690666
107098729
107061914
107454061
109654007
106840141
107732496
107080904
106910834
107211394
106351099
107986067
107005984
107089637
107952075
105480405
107934613
107994508
108506400
107135994
106299680
107805934
107704078
107756359
109132826
104535678
109675286
106731521
107875490
107885554
107838939
90797552
108219472
108380307
108478424
108460606
108706485
107473051
107868857
109620986
109084356
109181511
104937303
108186085
108468640
108292367
109293120
107808540
108585815
109337646
107759054
108265332
109769519
107252666
97358843
104931903
105355278
106226892
107495806
106574314
108131757
107776292
108199015
108853931
107471249
107473926
109539478
109114286
107853187
109482082
109607128
109264926
109383087
109036514
110272462
107822561
109022747
109071591
109174052
109434575
109428825
105897579
109472816
109499054
110899647
107352707
107934794
108389000
107932016
108608809
107571317
107721219
107406118
107003669
107451258
107571265
107820181
107845787
108723147
107483117
108239761
108072953
108184418
107808218
107981672
107578165
107708865
108462145
108813212
108759781
108459714
108028832
102201822
107901699
107602294
104777290
108314240
