238432040
122269805
85656707
70459126
67422552
67781112
68245757
66784799
67919651
75523492
68163818
67833585
67932829
73672492
68060631
68096049
67944773
77930466
67976983
68051190
74906719
68116800
67885007
67944535
67600935
67830479
67998014
73118953
67796663
74608141
67979174
67929605
67777561
67838748
68951838
67880674
68324774
67917033
68079792
68105326
68498794
67880530
67905072
68281050
68143814
67790218
68042281
77097780
67698228
84959457
73030871
70213626
68965398
68906682
71077444
69200959
68405278
74255023
68078344
68337314
68113208
68170435
68037086
67999498
67803804
68177642
68056831
72469258
68192173
67855554
68138832
67711347
73584497
67993027
68117504
67972455
68426793
77546010
67959091
68213851
72451847
67986073
67978207
67869445
68117356
67875249
67807950
70181892
68068425
68403676
67939410
67810141
67877669
67998433
68074871
67962897
67849942
72955850
67759547
68562299
68197642
67750914
67750263
68046228
67865758
67973974
67762359
71504399
67755084
67965811
77363718
68165689
67981921
67648630
68014272
67959349
73317201
65136530
67635236
68978111
68026129
68000078
67854112
67920677
68157974
68106873
68913744
85607293
68106608
68468393
68407281
68130258
73755998
68017297
68224405
68075253
68098897
71104283
68287552
78682842
87822167
68488496
76423128
67674400
68543035
67950807
67920562
72165699
68077909
68223289
67945911
68264531
68172520
68059174
68022641
68380417
68097178
71928346
68096425
70142063
68399626
68120530
67990780
73283608
68183060
68068229
68131981
82480432
67919136
78798472
70836146
69092717
68139075
67819674
67789285
67955641
68024729
72204949
68011539
67945651
67955590
67928269
73597275
69864439
69490870
88575583
69346831
69789658
69303896
71968795
69188729
69424702
69608536
69808378
79949739
69259001
75060896
69214713
69591908
70919213
73230651
69920128
69259303
69552497
69137725
69232037
69442780
74790599
69711758
69487181
71268807
70606548
70881891
68954148
69335316
69097833
69026840
75911289
69827442
70266826
69202698
69486562
69600380
69456682
69452778
69678453
69299359
74372477
69518776
69837943
92470984
69759375
69565841
74655870
69845194
69753874
69708413
83407465
69636472
70605766
69479249
69560511
69865452
69464799
69466547
69315144
69556549
76458407
69584906
69710071
69605826
69438130
72065758
74053127
69275312
74924306
70569206
70248507
69651499
79003911
68905702
69655055
69916794
69986286
69548272
69596245
69619651
70248978
69869597
81609428
69277255
69114624
70404747
69450373
69117888
69092929
74252389
69343411
69321218
69413308
70016787
69436586
69144008
69324536
69507740
69287999
69513504
69093544
69472351
78693736
81133942
69584712
69662976
69514215
69921606
69573986
69702583
69172734
69345148
69510819
