797532421
656914997
97358068
90923811
95802126
100820203
98350246
98332537
86359024
99160052
98491680
98774751
98559141
99864321
98586145
99294045
94220908
99558391
94986632
97890943
98050953
94093761
98618766
98588958
97957836
98036310
99414382
98276017
99015502
99476388
98091163
98735693
98415963
100731225
100756315
100966904
99368990
97978771
95396436
98398016
98263844
85520971
98352980
98106720
98254162
98199778
98407030
97997611
94054323
98046851
98156044
93566644
99531060
98184328
98595049
98145532
98241922
99203815
96082017
98200887
98328981
98411013
98281333
98159637
98241410
98136148
98436680
98307730
95965155
98274335
98404154
94760733
98424209
98626569
98705611
98659780
98261671
98344140
90353806
98806516
100606483
93216605
101030056
100665094
100709482
100732021
99390062
100429661
96657197
100140789
101021376
100984770
101054768
100670327
100852802
101932567
100963464
100499367
91757061
100905070
101063887
94516300
100913707
101149725
100905397
98849780
98555341
98621772
97539036
98462852
98444163
87671630
104513963
103495008
104532299
103842626
103521254
103430707
100276606
100456635
102878109
101532364
100790016
100915311
101635492
103116770
103087280
102603026
97871848
100462657
101452896
101195656
98374113
98166365
99860234
100380923
101302934
94548947
99038253
100443553
100516736
88586363
100501317
103285258
103457386
103246358
103352480
97686359
90561454
103145570
103099790
103326729
104193132
102918342
102989352
103202624
103265626
102974972
103768702
100390304
100355573
100699629
100415887
100750595
100370589
100320657
100225896
100385147
100733451
100332131
101400933
88697579
100543825
101280727
100404323
99889848
100885448
100026987
100333528
99975117
100113361
99793546
100345845
100111991
98988008
97685886
101162006
97510684
93114372
99986993
100266418
99965365
92546205
100565597
100247960
100486493
107481804
100147495
98458492
100039172
100526592
93769775
100200618
100315613
100144643
100186660
98706112
97521624
93925499
98779959
97412805
97704582
98012584
97679019
98252692
98250804
99405186
98234813
98502641
98046863
98075823
97793758
98475324
97961652
98446788
98826508
98349213
98981358
94718180
97531749
98096716
97363444
97481539
97651359
98120928
97867148
98001813
99214429
97065662
97463797
97723314
98052952
98088059
102379591
102747768
98122938
98634172
97106431
95971625
105490663
99815643
98060730
98572113
97861778
98823867
97667461
98080455
99841332
88802068
98005752
97791589
92746264
98289825
100913760
100761051
101199418
100948839
100803087
100107646
100761901
100746709
100463129
99367409
97524337
97851970
98360357
97741352
97663955
90802933
98387036
98087206
92126556
97947540
98212333
97659911
100708357
100658627
97825604
97595683
98099529
98032414
92423519
97781325
97869667
97946468
100847326
100850549
100824598
101093142
101053017
