701293502
659282423
91802626
91851343
93620905
96321327
101531792
93728250
94711326
90341269
95906582
95937286
95295993
97868188
95320684
94098860
94555538
94464510
94118519
95760396
94533273
96999502
94466528
94114293
94703233
94448069
90690890
94801561
94274982
84381943
95009687
94877987
94802299
93898345
94921948
94485855
95038363
98885642
94599976
94740445
97393004
97624927
97062722
97104468
97047614
87229481
97091463
97881646
97054642
95084127
97395566
96978559
97052849
97164905
97909812
96970717
97251977
97541936
97957738
88512789
97035400
96935007
99951142
97738862
97077241
95045852
94164406
93949944
95395238
79586492
94407581
94800655
94773428
95434971
94143136
94231390
94408311
94122343
94303400
86844292
94804761
94754962
94801902
94565809
94630431
94556706
94861540
95471509
94398583
79545284
94741832
95177476
94645803
94724313
94415506
94184812
94192867
94923263
94176661
87302170
94207409
93993003
94573993
94664119
94437501
94447963
94666323
94056654
94773146
90751829
94495860
94201159
94362420
94156396
94172999
94050620
94390029
94786402
94977603
84517246
94427420
94055993
94279978
93950851
94115448
94471915
94089321
94150288
94556430
90900934
94678132
93833666
95810188
94224757
89626760
94161015
94116994
91367904
94691186
83193026
94339114
93996042
94339316
94510014
94012521
94149867
94434425
94196248
94389802
75156921
88064952
93077140
94412461
94462595
94192278
94447019
94200453
94489754
94601610
84702937
91291868
94466695
94313935
94327570
94117438
94164603
89983928
94116303
94372653
89233602
94159251
94269140
93928260
94612888
94180216
94022674
94293386
93939818
94584187
87036479
94177073
93942289
94003229
94356514
94566049
94262733
94585531
93968684
94482137
95825555
95649606
95530883
94322646
94261432
94088688
95063211
94727453
94279832
94184865
84074211
94219750
94161850
94723621
95104943
94892741
94436171
93979788
94032809
94018238
86884561
94570673
94454369
94436149
94478326
93893764
94012405
94691166
93969992
94584264
92327434
93794437
89912392
94810332
93951926
94082517
95419578
94370204
95457770
94734598
94375779
96188731
94654153
94183232
94283357
94428181
94423184
94315815
94670308
94793222
86103027
94359912
94347471
94132128
94316005
94362362
94077290
94443486
94466061
97420026
97278109
97776350
97554980
96922450
96828367
97723736
94340475
95701526
96556021
96946057
81122732
95079356
95235503
97697297
95798046
94728860
95266163
94865874
94389173
95021199
88295423
94424387
94637516
94794909
95232512
94571001
94509452
94516149
94722249
94898148
85512953
94792979
94370805
94995635
97669405
94489775
75857871
94777185
94439612
94607302
92061893
94416941
94526453
94864268
94530108
94906841
94447638
94340453
94254168
94291377
83939422
