300433350
198167029
118837892
97495638
99487195
109320136
115432465
98653979
98479712
98519643
97381219
98139402
98577446
98078103
93345246
97966044
99555314
88046610
97838352
99536966
98752904
98355051
110265919
106351958
96286891
98659057
98236711
110199623
104586076
112757736
117810925
104844065
96597683
98280302
99275408
97707038
96679003
90617491
99179642
98384238
98882539
99015613
99085279
99859010
94587176
98587600
99106491
87831010
97652016
98213970
97512507
93381829
98619670
98148305
96705966
97572849
97425503
96788868
96919359
113221043
107392102
101960985
99596707
102370960
103191142
102295925
101858308
103386189
102964715
102952856
103442048
102923138
103306309
103271252
101520985
102262960
102918853
96107068
102190132
103575432
102480057
103171433
103010610
103067335
100967491
101786859
101702103
101417505
100202471
98374305
97989562
97593321
98498093
98272432
94974092
98518900
97272581
97158953
97917871
99853670
99884560
100000408
100266197
99422041
99257625
100452550
100519760
92097327
100559516
100180747
99303433
99562390
99952270
100184696
97759277
100295284
100495450
100204229
101067852
98558507
100312002
99859395
100688740
100235789
97585462
100797995
100593990
99629116
99571979
100165722
99695085
99777409
100096860
100116164
101553713
99812805
98088242
93853903
100144347
99621350
99931110
100433613
99583094
99694687
98958264
99758265
100039719
100307657
100354220
95195274
99691653
99650191
99791848
100338669
95270733
94785726
100208583
93523303
99695614
99634280
99659032
99550546
99776278
99975984
97368914
99682783
99556150
92048503
100075840
100331750
99899774
99503347
98068379
100356568
97517561
99747778
99876964
99964137
99923378
97099046
100865421
99522641
98442327
99069528
97777507
98751061
100596860
100976342
101230443
101179427
100812501
101551946
101397424
101524159
100224709
101489966
101904262
86426469
101343178
101657807
103411609
102906684
94768087
102298176
96179404
100664085
100905987
100454498
100695441
102923669
94475845
94728176
95060163
94604590
89934558
94945475
95064179
94860890
95188439
94435640
94819968
94592035
94736668
95214274
94599958
95806821
95580490
82659867
95675722
94870308
95862074
94950991
95677186
95071168
94599232
95705038
95231430
95724859
96099817
94985006
100079439
99511316
98973241
99482373
97972636
99541893
99834337
100138756
100071790
100017024
99665189
100377204
99593847
99584171
97941483
99543007
99701637
88917446
100106666
99987115
99760441
100210300
99201228
99760126
96662263
99638333
99844429
100270086
99948937
97774998
99872213
100316023
100273528
99761623
99588298
101105832
100004870
99264245
100247696
100545072
100450936
100158071
100246575
100237749
97296385
100519806
100108630
87406393
100269447
100957028
96990748
99842407
100429464
99973296
99898923
101990878
102481748
102740433
102472671
97691197
