697944289
716927216
99809133
94157139
96723310
103521210
97630737
97383669
101734705
99108496
101172563
102915599
101265330
98194417
94241679
98498456
99571634
97690274
98717776
101494758
97592453
92601238
101531678
102319507
103898471
101738130
103322598
101318877
98460491
101375962
101412915
102690166
101168338
101034337
101129528
101349733
101225508
101684012
98007785
101335882
97412464
104346577
97787471
101906684
93843000
101086774
101753925
97567523
96862627
97939350
97673764
106955617
97580027
99333682
97363094
97422707
97962376
97433379
96585715
101454133
101268248
101067167
97480791
97969549
101153609
97157956
101594257
97378939
96908740
97443039
97066268
93532594
102299980
83258604
92234739
101339072
101574924
100996618
97169205
101101543
100865679
104301081
101182228
102879529
101041425
98925642
106000427
97243404
96987214
97586964
97268773
98005457
99683080
102396545
97663332
98315064
100579660
97430077
95987202
101353081
97993745
102262088
97597508
101308627
96971891
97601870
97227960
97588020
97729155
101265016
97443738
102118609
101198639
98702936
97569293
101937602
102000937
98687398
91795986
98452708
97474660
105752180
97971367
101969406
97868333
100798322
103023453
97639341
97393064
97285907
97757516
100909551
97092540
98043169
93881580
97485699
102417944
101493663
97714485
105131762
97415893
93811405
97784291
98322826
97845193
98226636
103682389
97613923
94775611
98144262
97296344
102531430
97147642
97378710
97193102
99590763
101655972
97739604
97177707
97823208
97580412
103584260
97768318
98346236
93047644
97820504
98447799
97855867
95384186
97610465
97464629
102441439
101718268
102539171
101752433
101469658
106428441
101466481
98417073
98212765
97970304
107024096
98084422
101790705
101707984
101364325
106177646
98052891
97574842
101506361
98155145
102695569
91525094
98826255
91250630
97805469
101959327
101814919
101926627
98139964
101298503
94454379
101659359
97868100
97818764
101549918
103440113
98510266
98408973
98509814
98268096
101361458
97884997
99395179
97631264
97361094
101899042
101047472
101122954
100635348
97102754
101792087
100916697
98007086
93155707
99108465
102127659
98246168
98329038
97925677
97821483
102979998
97957314
98020867
98102411
98263478
103158536
98069140
98253718
98461357
97961525
99090312
98136173
101974164
98418882
98005644
105633065
101800219
97821394
101391986
101895974
102159572
97830578
102384403
94325821
101905456
102592130
106234261
98683373
102149544
101587262
106658889
101452719
100885130
101504674
98174309
102232289
104728849
102521202
102445003
101767601
101538322
101923854
102117046
101493887
101969390
102327849
101758972
94861631
101749924
101464464
107612245
101659833
101574819
94781785
101635766
105377286
101686846
101640202
101536352
101768563
103064974
101854368
100027958
101566569
101744056
106520652
101648851
101398307
101554564
