720317919
443533329
89820302
85193776
91744373
97313014
97510730
104592718
98484542
97242484
97866554
92485896
97142722
97381634
97295729
97648786
97361649
97163624
97186710
97566076
97317096
80704518
97416013
97111156
97198394
97361366
97413483
97308419
91442634
97595874
97416705
88374498
98560437
97121937
97256107
97028194
97293551
97464477
97116135
97188732
96217902
86143708
97221127
97130071
96972243
97039526
97037985
97201296
97133127
97031539
96885941
80723876
97424533
97096539
97040016
97246856
97155675
96868972
97125534
96944609
96962806
84494332
97096860
97223407
97282815
97299894
97371747
98161711
97337194
97205049
97029088
93029234
97132022
97078590
97608324
97411700
97075687
96893487
97518309
96971543
97306176
91985078
97311902
97121594
97418705
97121331
96854460
96796597
96720521
96910077
87390842
78287944
97289445
97004220
97198304
97447773
97031431
89533532
97083292
97301947
96872146
82173843
96996378
96971802
96940150
97119494
97083464
96904201
97024162
96880230
96883087
81125023
97008062
97219908
93880165
96873077
97376819
97192776
96812903
100944411
97490804
79405051
97304210
98272686
97505551
97446929
97570954
93969424
97076180
100178889
97196328
86588671
97444290
97393148
97087287
97023630
97520815
97290226
97180365
97150168
97150762
90678214
98095493
96835979
97068335
97134095
97395737
97068348
96903276
97287277
97288662
79668273
96861343
97091578
96949435
97017908
96917563
97591925
97425272
97520617
97258098
85540636
97272778
97054035
96922708
97250700
97338693
96767621
96951309
97317963
96937055
80031003
96909919
97291778
96862122
97082270
97097806
97378713
97193892
97642620
96999998
88073883
97371873
96954916
97248527
97442259
97497441
97465433
97694956
97166059
97065319
88695716
96809654
97289541
97374208
97185580
97240218
97001468
97643928
97262483
97997350
86541499
97980138
97554430
98078254
97116334
97558507
97016076
96955335
97296950
97792021
82459309
97371418
97306869
97208356
97066002
97286737
97118675
92033688
93789041
96987737
84347400
96796267
96856367
96912627
97415199
97126347
97010841
96517679
97767925
96955948
83704695
97066958
97042723
97556756
97039223
97269560
97071749
96814429
97187593
97061624
85522222
97131412
96845647
97079098
97600648
97083270
97177920
91229376
97115877
97171075
83141131
97072528
97088499
97469168
96986251
97657274
99309797
97396214
96916819
97814481
91416776
96958825
96937509
97162258
97040371
97252226
97186799
97467398
97044941
97188008
86648771
97047306
97629051
97453170
87430848
97009279
97757866
97226020
97558226
97081461
88720559
97592590
97342297
99783405
93215758
97355254
97929678
97706822
97528509
97359813
86297562
97329534
97356532
97225081
97976940
97244772
97347768
97237321
97420337
