309428612
197274937
138098515
98043214
97212169
97513886
97563823
100942749
98540546
114223937
112389207
103656108
97809702
96578755
96493488
96536860
96546568
109136974
104641808
97523596
90463483
96208308
100869119
96492625
96731954
96892908
97076622
95001230
98621619
138624984
98543675
97329166
103217654
98640162
98178961
98473112
98828641
99353052
100020115
98061770
98063685
98268071
100701259
98407970
98306426
98558030
98540216
103305332
98254011
99311200
90645568
97939438
102365908
98210016
95401231
98294940
89955607
96160904
98747988
97511264
103727924
104027136
100750582
97592715
96469784
96716468
96112666
97943489
97464160
100619221
96647981
96062087
97687703
96641630
94766996
96451304
95647017
101316825
98976200
101971467
99484581
99041392
101600460
99228933
98825064
99998716
93268709
99185884
101646088
100624965
105604524
98160444
98490524
98258402
98900123
98803021
98915102
103887297
101036712
103449199
100338914
100136918
104622895
100684571
100447360
100421517
100298760
102536872
100859468
100831732
96998636
100706936
103114236
100577631
100364441
101215859
100987662
102652732
100970762
101560871
103837171
103573628
107002181
103733488
103766530
103438114
103824751
103777781
104910078
104119227
102867648
103681267
104164094
102996172
101387839
102247689
102402839
105047440
102420252
104404542
101634359
104558026
107550781
103568990
104661353
104305001
104250033
103466324
104026425
100798603
101546346
100388299
103930786
100143539
99936779
100589847
99998455
102127571
100481588
106082614
103325040
103439674
106827005
103146998
103080979
102640804
102355491
106099103
102624832
102792963
98690103
102208982
107104503
102624971
101104113
102526609
102523384
104256429
102710719
107766645
105002391
105302744
109132931
104975790
105261321
105577283
104160660
105721162
104947320
105941890
105782066
105556206
110156089
104566323
104408132
104411457
105259027
108030043
105776929
105911565
94317640
103069759
108125910
102820228
103080925
103419356
103578164
101659634
105699411
103226825
103029437
102662902
107013564
102554829
102211518
102546753
103186024
106658253
102292220
103802156
102743814
104045936
103989186
103988033
103920354
103839165
103453008
105116474
103981039
100357386
97517639
103789237
106995152
103484166
103225584
103515119
103594738
107429417
104394472
104743109
106690978
103309566
108059853
103588643
104091694
103800808
103804492
102364993
104128422
104943779
103414063
102949705
107849472
102796665
103216807
102943357
103266235
107515257
103193484
107246514
103506553
105759087
105742779
105956849
105598487
105181810
105793714
109737798
105593839
110184408
104872210
105052028
108907335
105709969
104431908
106902057
105144221
107545647
105358818
106232121
105630319
105395111
110808427
105937628
108219815
105736228
85980443
105343903
105701747
105980926
101991580
106552433
111063053
105450471
105194385
105110901
105661396
107364794
99937238
99159117
