323752923
200929755
137334170
103492286
101450777
101542037
101022833
102087489
111332239
109840329
101183083
101491264
101111619
101444789
100594044
103076224
101231061
97237802
103423179
103078575
102655708
104060340
103661663
104154157
103368778
103224336
104235530
104131246
104035844
152810520
111700617
103103332
103274204
103978532
103207603
103314471
103070129
102798223
100375938
102881703
103556643
100685819
103539772
103079843
102653978
107724469
106607373
109330132
102220401
101441211
101359360
101996072
102467528
101575572
102838284
102482501
102235253
102244036
102327442
100166315
102806906
109890346
103733409
102539666
102873052
104175695
103711004
101594114
104545890
96824224
102321128
102621611
103213438
102501940
101974624
103073299
102351198
102000170
101964569
102208238
101806169
101732385
102993801
102686928
102541799
102718704
102423915
101626635
101856410
101202104
108930092
115881761
101565580
102475184
101846868
102716184
102321013
102707634
102430651
102311560
101402081
102345995
101676676
102327960
102268967
101400145
102296025
102630781
102490355
101752140
102314549
102264090
102173829
100772344
102376882
100243264
101148847
101922774
102050208
102533095
103434352
101982188
103265557
103508723
103573728
102781394
102222496
103656300
102094581
101290482
102587534
102012748
102761306
103642391
104854947
102751569
104347019
102514675
103494535
101697592
103094730
103237203
103022291
101725447
103520705
103126242
103591156
103965551
102945940
102386030
99150983
102097181
99303889
99234229
100950405
100472106
99485041
98788532
100750733
96617576
100790815
99463242
100392750
99720805
100239525
101302609
99647091
100829287
100088626
99751359
100511920
100148799
101244330
101256000
100195093
101279110
99673358
101674674
99655995
103751680
101509268
100530768
101992137
102550700
101571669
101570849
99817547
102367780
101213580
102076019
101325117
102473457
102267605
101900442
101222635
100931124
103016213
101009450
101609744
102301033
101309336
101132295
101524086
102239871
102252190
100836108
101068275
101436309
100989674
100374404
98824969
100540190
100027640
99510884
99874097
99359319
100811006
101649653
99876444
101022975
95413398
100928362
101576630
100237040
100832024
100952180
100229394
102201920
101059801
100245794
99757279
101235676
99748139
100819980
99445680
101488024
98647291
99931626
86817328
101063453
102632481
103185451
103765605
102948143
105071383
103134102
102573332
102954906
104013540
104285941
102435993
101929622
103578170
98956026
99704856
103301980
106141470
105167449
102076151
104987288
105371088
103698452
106591240
106647859
106407927
105250403
106099651
105403644
106133329
103861976
102806943
102479646
103364698
102031433
102436418
103570923
103828002
103196794
103316531
103150346
94944671
102157646
101905431
104011483
101750339
102243976
102027400
101720016
102188507
102919094
102494014
101346095
102125251
101784177
101601711
99032500
101713253
102715950
103384312
103268352
