734049020
591168583
79149077
86203623
93781087
97936998
97681152
97680132
97529867
105082754
97262458
98240081
85587092
97219776
98369243
96595029
96649743
96770682
96715255
97082570
96775858
96679065
81806321
96935953
98304053
98046811
98501960
98385565
98108930
98218958
97391107
98631251
92385142
101482450
99122002
98383404
98340454
101354802
98523779
99164176
98002036
95845338
83329209
98680242
98897175
98534076
100047543
99150676
98290038
98345322
98936242
99344261
86210835
98699777
98652836
99188463
99424810
92369414
98563255
98300062
98715086
98796527
91925790
100005126
98711452
98714397
98536992
98895951
98509009
98549080
98408761
98427956
79936689
98453769
98736095
98539263
98444940
98565586
98061018
99305110
98339071
98709853
90115960
98591565
98801257
98687778
98720423
97947346
100035282
101348449
98380634
100184814
86431379
101321674
100347117
101606538
101208831
101171381
101469674
101446618
101831813
100491126
89925575
98617075
99041960
99006139
98497259
98291203
99768143
98618370
98501190
98757402
86890689
98694014
98296562
98699821
99586035
95243914
98418775
98356962
98227925
98949695
82214022
98159198
98136086
98299304
97941011
98322421
98509769
98828411
98482902
98629753
87741181
98447504
98409390
98456557
98737334
98423716
98552168
99301435
98281808
98681064
190671872
98874875
98618359
98060911
98357548
98531533
98429145
98556537
98464682
98400919
88814090
98473679
98052417
98697198
98544680
98186322
98984631
98970826
98371601
98360315
95003481
98738133
89547342
98079606
98755212
98871006
98656477
98438289
98269649
98535555
91456960
82160174
98243402
98391368
98212467
98746701
98521053
98366368
100393245
98786263
89906320
102248501
98655696
98378460
98701507
98536068
100396126
99178531
98686136
99125156
89520251
98366773
98528772
98415477
99063194
98416532
99514894
102752063
98460786
97858557
86411315
98237633
99441870
98602379
98806996
98338731
98460995
92639251
98425010
98510762
82490294
98250143
98559218
98352767
99146789
98216565
98461067
98650899
98545414
98515522
86906162
98511696
98289462
98001646
98298315
98079206
98094904
98231488
97923045
98383263
89161944
98077413
98690575
98618146
98259244
98329962
87699638
98771743
98712652
98203457
88251128
98438720
98321174
98453864
98438492
98458669
98514420
97987865
98477416
98400809
82782610
98574634
98914347
98652401
98301144
99629913
98484279
98351240
98072613
98937709
85743454
98541476
98907115
98964808
99073288
98753783
98462319
98389211
98586326
98416642
85146242
98360707
98401144
98691036
98118408
98239965
98720765
97961121
101009731
101228209
93750206
99995258
100975087
101035986
101066788
98551243
98921973
98885359
98485267
98909158
85301538
98604917
98427256
98727023
101062401
100656599
100726271
100233276
