816549291
759103901
92586525
93351132
100048413
97961166
104755745
102203131
99076563
98097144
99762014
108292913
98488653
102165984
96591961
97953516
94036297
96405980
101428021
96052895
97230956
105072226
96195766
95905535
100066556
95687215
100919510
96355906
100185747
95722791
96115446
104712058
100093463
96158014
100374641
101160264
100602719
97693110
100338931
92776863
89067066
102114632
99986540
92500153
96556718
104266079
101658882
96476498
96175727
104243077
96035438
103254445
96164398
88631710
95743254
96282307
109522084
98837813
96004056
104117307
95931316
100095706
101530419
100299617
100159143
100236067
109305558
104019765
100304132
96204661
104263116
104645113
104703576
102711561
103014581
106713068
102485431
103238032
103197177
102938374
103356808
108202432
99510057
98916449
99695830
98837759
100352727
96202423
98909413
97585148
98947116
100339505
98628188
98927213
98964580
98573464
102329046
101130949
96316159
95870210
95932585
100615612
96136578
97233985
96151840
101433525
100557843
96059206
98166918
95963319
96128203
96798843
94226517
96557327
100646898
96134061
96935852
96078519
100345458
96060325
96246566
100519972
95976407
96154631
104658742
117334980
111177008
98504969
98736137
101185292
98831506
110673850
102715432
101932517
98823856
98807804
107644798
102859679
98977050
100051928
101207014
104640821
96221477
100462955
100331546
100910224
99877228
95956506
100262488
99968441
99954459
107076420
102174374
99971203
100471830
95956446
100643592
96018869
100337714
97384896
96417333
89945107
100367195
97835456
96213412
96222372
90342513
96437694
96632037
100167698
95767934
101175786
96506747
100373919
101035831
96326549
105452985
95580802
95890266
95570744
96252951
100195238
96392097
101489356
100210360
95925857
101402987
100092319
193890698
95371269
101642218
104670238
96037227
92676533
96068896
100353549
105400218
100475728
101415093
99168846
100026897
106034886
103515207
102757059
98735336
100468181
108111556
98616631
98852641
98631532
104164774
108368798
98552108
94446824
104630695
98177456
105208601
97547377
98784047
93589378
98365170
95872708
95775469
94431497
96181135
95496157
100361748
100033472
102824264
98527570
98827880
100332204
95681110
94158364
96062015
99927190
105111742
96528140
96212082
95860684
98819143
103077424
98746935
98771619
99391240
98830078
96919865
96803711
96944997
92029966
96638076
100239031
95894256
97202438
97351025
95817702
93615852
100986640
97401888
97049972
95974563
99946478
95821595
95766473
94774104
96821942
96447823
96855514
95762712
95829545
95974761
101927822
95918120
99864486
95931404
97241168
100009445
95720861
95748647
96032434
95887784
99999918
84096890
96675330
100326992
95936347
99414877
99130621
98744798
96745363
95987991
97970278
95807070
95439035
95797118
96869056
104057212
99276723
95948665
101385752
