682841908
860947972
110095684
95545762
100908015
105521074
109612581
110293903
110430778
111253605
110556730
111038670
110696230
110785400
111160792
113666239
113966421
112379701
111247391
111064598
111643496
112549199
111388329
111799734
111163992
111539061
111130516
104539731
111140868
111291374
111506021
111837404
111392063
111617945
91130275
113173588
110915324
107497120
111460299
111308963
112003177
111300166
111619942
112233098
111261118
87517857
111420450
97728467
112350359
112581219
113116325
111305783
112219264
111278792
112336670
111326795
110981062
110995928
111277415
110801254
111506768
112795990
111639119
111334899
112092677
112307311
111671356
108350791
112173751
111120418
111411142
111565945
111135458
111288430
112231873
111305429
112561979
112217068
112587185
111254576
111322432
112410655
111771317
115544645
108937448
111167279
112353110
107830313
111328509
111327849
110978274
111662199
111227498
111723367
112986997
119189083
110763240
107696158
110735085
111008348
110669624
110837712
111279232
111480711
110864640
110979723
110979249
112132949
110615299
111533250
112618266
111247146
111788413
110726853
142550418
114548445
113780559
100622764
114053342
113656348
115058274
114557182
113990108
113724713
119413098
110588013
111223217
112103299
114095614
111661326
110799532
111406187
111454816
111120707
111620059
111075347
110921593
110441721
111501737
111522333
111910644
111378186
110845226
111207455
111031817
111042496
111656299
110127165
111312676
114617251
109412921
110693881
110308112
111480489
111131654
111489306
110872986
105676283
111532743
111673266
110943547
111382481
111190829
110773508
110702111
111249795
105892169
103251246
106922086
111317957
113453953
110646244
112093321
111524175
111302041
111062713
111490352
108255681
111372501
111733771
112435963
112624835
112296424
111194371
110704389
104725421
111703718
108102683
111253318
110911912
111667232
110643660
110979467
111066743
111045412
111328191
111996677
113122402
114338777
112379302
114023481
111612815
107113549
111135921
111443074
111662918
112072341
108676915
110623458
111271860
110541740
110988116
111627950
111165679
111243074
114069053
111688528
101723272
111243169
110054172
110816304
111127485
110541432
110110296
110984686
111731667
110278794
110354028
112613055
110586673
111465398
110639677
110941607
110542082
110078570
111126228
110476490
110511048
110224206
110326917
111224011
110830431
110526963
110797705
110669134
110937521
110538162
112005249
110952719
110607026
110987490
110791172
109871329
111202759
110492036
111505028
111138446
112176459
111447421
110282552
114383450
111049500
110182307
111046564
110246928
110641912
110563153
108859645
110464036
111023825
110563191
110894039
110398012
110583255
110589125
111584333
110633896
108547286
111750445
110612445
112446351
111421010
110913423
110651694
109554657
110797911
110825288
89484716
113290839
110732280
109270505
110631401
110813654
110883585
110814649
109915667
110981561
111059652
110537748
110693118
