316415678
202029670
137666521
98561495
102736197
100714130
101870006
102524880
102109767
99046209
112981537
107953099
100654873
102805616
102010388
100997881
102976151
102133978
101263455
100332191
99939818
100756998
97034355
100820915
101509598
101369826
98111907
100851951
102506167
122861833
109570514
101420092
101769911
101053574
99365588
101146981
101948634
101494019
102566547
103688502
105012856
104701916
103044924
103702878
103604223
103162204
101739076
99000853
100232330
100616429
99935057
101119295
101178828
100418951
96920141
100714637
99639417
99910376
101425753
130279798
102633736
103016045
102340013
99415953
103179438
103878027
103624878
102899369
102829966
103677953
102989638
103089831
102908248
102350060
102264360
104744974
105930739
93273803
102226969
102355720
114943120
110701987
101239406
102610201
103939294
101668753
104290506
99221624
102689960
105672758
102952506
117340117
101425113
100127663
98937611
99710892
99884961
98489095
99019146
101131518
99944319
99299219
100778709
100709572
100614716
100353614
100803574
99879078
102957179
103290993
105330585
103013193
104726354
102552784
102485622
100671488
103256842
101323739
103382721
101639301
101764939
107084960
100894597
101508355
100556291
101798896
100755613
100346704
100876099
102102265
100701338
102480280
101726098
101447139
101724575
100565046
101139016
101158864
101193001
103782623
101606673
102004500
102179412
101412738
99474593
101716599
102120741
101861530
101804635
101159364
99196677
100273767
99938903
100924491
100712770
100994569
102348385
97399055
103066338
101844205
100887933
103345112
103990352
103813800
101010271
104057133
104291132
103246132
104345804
103527730
103064479
103528626
104318230
104101742
102734108
101579897
103766320
103064254
103063950
106208525
96851474
95884282
98747377
99415286
100918022
98683324
98011105
102419260
97112604
102411936
98831325
103079170
101776861
103140367
101829529
103038057
101776682
98167843
101410659
101255956
102123382
102762836
102680020
101732726
102301331
101803384
102395414
103189673
102665585
107041211
101380385
100335757
101507948
97580512
101693278
102352371
98830802
98336568
98886024
99120013
97652130
96910446
96941422
97054109
97870834
98364593
97512963
94977273
98285623
102421785
97564406
96543441
98400434
100573262
97723916
98408258
96436795
94950610
101219842
101376727
97290311
102687123
97962093
97677307
98234683
97777780
97479689
96523643
97385968
95431197
99286105
99445858
103086387
102690384
99354676
99643910
98348127
102124816
102885174
99009370
103800872
104045483
104029263
105816098
104218903
104201229
104016389
101340618
103500662
100874474
104731454
100991195
100941672
100915434
100721383
101553749
101682650
105116158
104985447
105225022
101038081
104533342
101039053
103586809
101158367
101010997
104301487
96280451
100281690
100886878
101207168
100581839
101038592
100647009
100049213
101423378
101195952
100873935
101040726
102676461
