279625547
197228526
104971737
97244280
100154912
105664870
97125607
98775028
96582439
100339075
95650614
96878893
96453477
97428597
97954466
97848147
97989442
98528804
97773799
97110710
95449909
98279568
97673556
98480816
97946318
97917849
97397619
98044645
98877827
176390698
121163149
98721337
98756693
98191115
98480141
97942346
98863299
99527385
98315526
99078879
97664641
99003350
98610241
97861378
97819158
98303056
97939855
97911576
98646504
98130263
98380871
98160082
101290263
100205889
98965239
100075801
99866897
100360275
98504594
99198496
115530061
100590178
98967516
98531476
100706610
99099517
100062587
99038415
100335926
99324748
100260614
99437464
100170627
99622786
92552456
100639444
98917284
100929605
100717462
99924577
100545785
99385744
99887016
100245385
100572654
99962914
99009072
101311006
101706567
97628534
97563908
100863792
99299054
99243863
101468390
98189830
100858098
100285688
100496634
99565011
100749443
99656302
99716940
100466891
97377119
97699408
99660871
100326076
99971228
100091661
100090848
98689003
101366965
100585467
101058641
99003178
100079497
100239342
100283908
99509882
106006111
99773239
100693419
100497517
98933073
99995736
100802057
99439711
100562133
101149080
99219578
100667497
101704991
99703186
100933156
100969772
101567340
105059687
101572631
101297719
100748436
99110882
101549225
101620080
101761325
100209537
99286642
98301194
99737963
99444706
98939605
96912614
96495997
101282177
100514463
100550630
101468498
99757908
99279844
99557269
98211092
98133337
99207169
98227198
98374959
98902742
98738497
98329416
99335954
97940485
99145406
98245463
98128617
98357814
98899221
98130225
98648840
98096878
99543306
99074137
99135074
97192598
96416170
98183695
98732538
98996360
98244157
98704566
99396351
98716087
99344729
98249449
98823219
98844590
98011790
94187252
98693222
99413522
99004388
98549880
97715113
99152786
98744725
98625004
98991303
98767676
98656801
85804352
98536273
98480157
98255455
99247667
99372369
98196278
99577646
98282908
98720599
97771462
99035474
98366062
99269938
99340812
99519632
98851583
98854547
92943108
101102692
97218443
98849942
98394226
99626467
99676210
99781594
98339356
98598822
100170412
99956964
99765997
99518742
99099782
99558559
97866064
99618404
98394885
99647655
99145289
100318615
99641891
99747833
99376281
98168611
99537899
98295401
99483156
98521017
99283523
99354699
99727487
99790639
98626002
99194402
98181937
98949916
99475385
98989512
98749505
98890262
99368050
98180743
101162433
99586641
99289973
100475709
99637783
100476568
99315357
98682546
99108489
99406271
98618950
99331594
99716048
99269132
99358074
98032379
96989444
98881855
99195389
100926715
98722124
96212595
96046503
95914846
96790953
96024471
95183400
95786466
97574285
96248418
97052366
