319409882
160411180
135110126
97444471
109426958
100085747
99209567
99070337
98224083
98327571
97798594
89003429
97481007
96526993
98557018
97770845
97541932
97563515
97592107
97230465
97820141
108458401
105468144
96195620
89909506
95977361
98317035
96804329
96522439
110117896
122764667
101474572
96789957
91935495
96500746
96433855
96576004
96080006
96523459
96647391
96766538
85555726
96322838
93348874
96092600
96586089
96449643
96669916
96217816
97666229
96966684
91469539
96756597
94015125
92962153
96722808
96375560
96996153
99000180
110410546
100940942
91305036
100697414
90899556
100509256
102972985
103046986
103747157
103093241
100624017
102358077
94993187
102576610
100997192
101944016
102320943
102547615
102638736
103066285
102136165
102218601
98356707
103162577
101544812
91681423
103599905
103957029
103581453
103316039
102329036
101179693
96366010
101350571
98570795
100905808
102130362
101570474
102067979
101590257
101639068
102047525
90116550
101691588
95439882
96263780
97782868
98141900
98228772
98037590
98304050
97301129
83539345
97456623
95433468
86541657
98070642
97743959
97746339
98163350
101565539
100505820
91445998
101169272
97699425
101304488
100956641
101309874
101389321
101064518
101470496
101342739
92189028
100310989
99689371
101058039
101169377
100925590
101044261
103321886
101537161
101591788
93122946
101023178
99440183
96712281
100987218
96334089
100771017
100936906
103452354
101848725
101590297
101957602
99994197
101840142
102040433
101475349
101605934
102620043
100169608
103699517
95217254
105345352
98856561
104728761
104967686
104404742
104755851
104915278
104365718
103131636
95092187
103507775
97856234
95892078
104997315
101684645
104863322
103395025
120092404
112963012
100361438
106307868
96211945
105059374
105373734
105270830
105697558
105706513
104299099
103641758
98430078
103958488
101926369
104512052
104112101
103628745
102946668
103338869
103846628
103381058
99938246
103441790
100998428
98738141
103646793
103614077
103787410
103955889
105161159
109496339
99025721
113402771
107801806
104059964
109422028
108418858
107360714
107553785
107709998
107659229
102692166
107548420
101774474
105501267
104435176
104183237
104263280
104406902
104670356
105367346
93866444
104555131
102068306
97878700
104310388
103986482
104456952
103911959
100693619
104918719
97454950
105501345
97751719
105749404
105800383
106973460
106241931
106838082
108417278
106983783
102938676
107365771
105825529
105625408
105736700
105152452
105561501
104944333
105998198
103798488
96185859
103653273
100394467
95800618
103686501
103530126
103655372
104517109
106990847
104110279
97015977
104496037
102011020
104180039
103803208
103038052
103589669
102809882
103710566
103542277
96586473
102806324
100258970
102286085
103624064
88329066
103253026
103613342
103138504
103120629
97262178
103973038
102151889
95935822
103808611
103453860
98130215
103662837
104056885
