321575187
201067302
142355643
97986119
88951239
109370950
108220697
101490366
99567952
99866612
98585253
99046644
110885131
106906666
88139239
99291441
109835708
108236422
96990324
98018317
96363860
98456325
97419789
96704936
87758876
98217064
98502786
98964318
98891154
129861476
104461497
98047296
98627468
105575745
91138043
97385163
98132277
98074722
98508050
98435465
98183498
98198770
95817914
100522677
95641220
101030211
101244440
101244647
100857298
102232336
101075386
95694119
101859913
102318324
95574372
102207207
102586844
102660871
102572747
98631665
100091053
101802363
100890136
101199433
100247058
101124053
101117633
100062686
101166983
100829104
101816472
100507971
101209663
101453697
95652113
101518287
100447995
100493514
100948173
100214260
100492702
99782145
100131654
100504710
90784990
100664278
101270834
101021326
101078102
101905096
103060574
104383216
103275832
103175892
96979812
103303856
103273229
103656695
104213452
104711043
103775148
102927534
102882629
103108892
96844799
103457592
103101070
102844365
103023806
103503920
103119135
103636996
103564029
103934509
98752756
103703161
103369295
103860946
103389117
100518479
103210743
100696147
100537706
101541681
94014728
100156963
100785789
101184003
99577368
101778053
100286180
101315373
102082298
102259424
97868093
102007428
100840730
102722808
102415453
102454565
102304651
101269366
102312149
101964426
91020241
102757735
102177729
102311871
102489253
99523899
102530638
101277493
102172391
103176152
93599462
102231416
103325298
102524078
102356820
102272722
102945803
102098234
102630656
102843976
91393186
99738246
86691898
93373430
100815549
101234175
101122266
101207179
101115445
101358685
95235610
100224851
100516263
100533981
99907312
102894868
106136564
105261678
101456575
101149032
92722965
99841531
99463292
99264252
99544873
100199355
99967904
99304764
99747945
99900144
93249319
99709943
100020737
99586939
99614686
99491178
99329936
99388223
94472335
99677413
94467960
99936085
100218528
99902629
100023208
100037248
101318396
101169073
101199718
101538853
96331588
101419592
102118007
101235268
101386476
101561513
100790598
101681210
103074140
104352458
96272027
104006931
103616980
103677122
104107179
103775760
103424520
104100508
103564574
103996802
100523083
104304755
104086778
104202928
102865741
101720964
99094497
99057997
98770564
99168064
95896767
99907774
99635955
99519522
99805490
100139747
99369950
100554426
98963891
99311533
91839747
99716726
99174676
99654089
101929815
101897432
102081273
101460602
101766028
101781870
97743295
101351867
101734419
101923220
101288235
101796838
103678791
103489478
103537709
102632601
97120764
103708128
103792833
102792711
105564172
103775616
103940373
103841064
102497306
102660579
96840285
102288020
103861475
103756793
103968308
102728808
102680186
103864359
103628248
103925629
92494819
103419554
103854473
104072040
103315615
103387347
