679502738
634265025
99105120
94456861
96510388
105059275
102207583
103411081
99264526
95662276
100050914
102041576
100280209
100026007
102540286
101020727
105798007
102343451
101495440
99008216
101615117
105347718
101196451
96533376
96149360
100019889
96304151
95966526
95889685
95692538
99916667
95430222
99626619
95778131
99429802
88077958
96145642
95631049
96165260
95436075
99078816
95566076
99683852
95587051
95529457
95688746
95694972
95484535
99350388
92122772
95576625
99872989
95607512
95551182
95554204
99576908
95841324
98050872
98493863
101851209
98439942
98117958
102027735
98315851
98384637
123175933
102160104
97981993
97899963
98074071
101800259
98187646
102321679
98103152
98718218
101856535
97879927
102003003
96272699
95458236
100013469
95591255
99702001
95388707
97179876
95717795
96182287
98209067
95302104
98180939
95697411
99996256
95773692
100228834
95581638
95534870
99375641
95548337
85073217
97092577
99010789
99183514
99332145
95320113
99586020
99386823
99534756
95233981
95566287
99374987
99218920
99349952
95827893
99234216
99147705
99190369
99252476
99223345
99916623
99956472
99655165
99366505
99154092
99669641
99443153
95540563
99398804
95531929
99568920
99296347
95566135
99535144
99495401
99449513
99650797
95286637
99253808
99435486
99310289
95761589
99622445
99291189
95633285
99028680
99265181
99155983
99134303
99135961
112382956
95461800
95393407
95540919
95882042
96006078
95456993
95318369
95822038
100497785
95757346
99187194
95699545
99347901
95335669
95470307
99545695
95205054
95793574
100641962
97149859
95856744
99321208
95456844
99333357
95620212
99457279
95700635
95447898
99460722
99414730
95333627
100335521
99302111
95408118
99664409
93124775
95655155
95797519
95595714
116973430
100836496
99140246
95593089
99458593
95570052
95922601
95654184
99726700
95639313
99535401
95259339
95462022
95619555
95592541
102652960
100494658
99360101
99401542
95264552
102529136
99304467
102927342
99469794
99327780
95409661
99426434
95827696
99251167
99509681
99512103
99189754
99403802
95670646
99408903
99160826
99181245
99154188
99305348
99329708
99290261
92089059
99805904
99180155
99171273
95263651
99412451
99223829
99228130
99134041
99265347
99117232
99064648
99277452
96392960
95309425
99246585
95215704
99193645
98901612
102616185
99277830
99404271
99323307
99552672
99107658
99354816
99248862
98858067
100329017
100370590
99181113
99135618
99361862
99186875
96879257
98747187
99427267
99258923
99226512
99387977
99137407
99239833
99240994
99322661
99822684
101862073
99374129
101250565
101475139
99931892
99314726
101715569
99324625
99482187
101370370
99154943
99606223
103221413
99883389
101946428
102145605
95663201
99639386
101637556
99266746
101014724
99319421
100379344
99224540
99540744
99319782
