293076164
199932632
116343563
103389955
113442776
106146057
97938411
95983904
97396297
97199982
103034933
99214143
96035918
99289799
99842812
105025763
99156648
99566731
99455962
112173532
110099762
100134809
109795475
105589337
100917012
104176409
100593139
103451675
98068061
123169278
116830483
100023142
98838258
101342917
100575818
99764165
97963044
100080052
97697929
100024055
107719645
102868928
98662514
99193266
104053801
102421307
102025024
99790433
101438035
101900809
100978824
99763657
99457369
102110768
102204099
103055567
102233250
105540788
94278755
101901790
107833331
100338210
101421415
102314870
101669629
107285851
101519964
103178573
101669837
101224789
106896390
101245514
102225426
101527223
102620631
106152196
101591225
101927865
101132551
102036263
102310432
102092142
102436466
102439644
102346147
106167182
101862278
99828881
102498212
101070761
103181818
100775095
99061456
99999329
98967383
104227240
98740289
99734391
99383294
99846606
104888348
99139587
101996696
99806865
103364294
103889738
102842675
99891745
102744703
102336802
105009306
99236516
101741039
102021958
102071524
105239382
100971452
108208883
100009832
107476800
110872682
105297321
105459648
103392121
105106573
104905653
105940528
101474457
105954034
105381372
110919883
102954298
105427753
106022819
103171393
107775932
105196757
105715337
105072527
105220559
112232326
104896430
105564651
105852264
105104145
104624312
105809830
103882159
101580110
103501551
107848089
109002142
106367412
109666995
108695788
111649229
108537578
106911850
108515893
106103929
107324570
107967176
93370943
108987798
111531167
112378823
108184883
103023209
106046617
106560811
113874327
108210930
109100845
108237348
108756160
107891378
108404973
109371724
102246782
104368398
109728051
103979734
104691622
104009894
104095826
111235919
104282618
104206238
103921704
104067887
108441481
105067875
101465292
104380174
103983755
107850667
104699221
106582632
105708754
105252251
91127384
103954135
101738080
104551250
103841966
109194547
104870132
106476658
106240308
110229908
113578270
107994843
105730645
107852955
108503218
111126304
108037455
109602344
105523275
107433067
113357452
105161763
105830903
107506273
107207686
109429036
106326178
105879988
105902475
106021446
112878913
105859610
105198311
107407698
105943301
108013070
108634183
103548858
101629558
110485006
114107224
107452451
104858646
110179643
108892639
112259275
111789272
111323108
112392649
109427728
113752916
109487337
106760763
108020839
108333549
113109423
107862735
112646472
107835301
108205683
110702776
107937329
107643898
107194658
107680762
111715208
108456198
113074676
107602592
105238871
110016117
105445060
107172892
107490541
105068291
112229994
106747479
109404153
102377295
105217065
111504134
105182881
106320904
107806449
109387869
109594334
109815229
110741761
106142424
107490400
109551259
105002161
106552349
105454253
105100239
109484965
104036881
103614104
98540021
106648066
