493694899
469342572
95069687
94660075
96501085
105611078
99821668
100825592
98019341
98299920
93491738
99076282
98090436
98689667
98691595
100740312
101800468
99423251
92783105
98706418
93765057
98335651
97823319
100341572
98491396
97989545
98029063
98342891
97601471
98149117
95465139
97939402
97830447
96687037
98513348
97993295
98070719
98556749
98159281
98010684
92587333
98700362
97815310
99169907
98624733
98467129
95208065
96965920
99254388
98166451
89220568
98520151
97787394
99944133
98457291
97838941
98418541
98228300
98112092
98203840
98226331
98676306
98257252
98745976
98570574
98267477
98210001
83783823
98280046
97948859
93939647
97912626
98247761
98852211
97823922
98488189
98482015
97784283
97786624
99086471
91573932
98331055
97647022
97982112
97856945
99259480
98513503
98297346
98330180
97906102
94374877
98855746
98172235
102598920
97286323
97815529
97733686
98188241
97566673
97594041
94587532
97836135
97413185
100223880
97279348
98356019
97641871
97884790
97751613
97780014
89275655
98107709
97498916
98252595
98379711
99044133
98250198
98251010
98000649
98475987
91851827
101738083
98156323
98985118
98640833
98879488
98866464
98748597
98843692
99349294
98108558
97427012
98342234
98709437
98749093
98903064
200424493
99167518
98373826
94957440
82182178
98650312
98075348
99626108
98440650
97967270
98508128
98314912
98233079
98039902
93444793
98243939
97787171
99568646
97900214
98259670
97714550
98715617
98681109
98528367
87799333
97865410
98919911
100284335
99010134
99364996
98302238
98803381
98837922
98206142
90345854
98623872
99195365
98572966
98962553
98203922
97646514
99152378
98288689
98371279
95485317
98519602
97990425
101225560
98796725
98679169
98664299
98922109
98364473
99080730
90636653
98950144
98108244
102633538
98868960
99289405
99156027
98596826
98950691
98695150
98212997
98826132
98732410
99108875
98862332
99328917
99309995
99021334
98563557
98579706
89649106
99017050
98449204
99280506
98600710
98234880
98623385
98783103
99113342
98498333
92731653
99800626
98085661
117769241
101266822
98714595
98735923
98160103
98917836
98921832
91375624
98012385
99130318
99228843
94720585
98592602
98669478
98450956
98932578
98672734
94803477
99072972
98399572
98536847
98341693
98391650
99028895
98406086
98864147
98321740
95276125
98672386
98329013
99037019
98244563
98390303
98789149
102316908
99584775
98613533
79150300
98030649
101850416
101761776
98707175
98140660
98206233
98354113
98157192
98585799
91352785
98459891
98428369
99536942
99042196
98322174
98853856
98946529
98384797
98618986
85558703
99160950
98216744
100254880
99009913
98823535
99196935
99520152
98278951
99063574
86776396
91217800
98745364
99669826
99081588
98524612
98720957
98831262
98690890
98265919
