246846971
124139162
77372827
81119638
72940140
68486279
67559242
67697272
68411033
67647456
67851016
68046880
67841284
67899168
71828083
67921818
67883638
67546190
67691592
67755520
68626733
68033301
67856389
68121509
71872611
68090196
67906139
67534858
73328329
69046066
68200952
67529459
73435053
67924766
69167461
68078275
67340789
67721172
67556779
67552523
68066411
67376522
67917447
67231722
61551070
67524503
68211491
66352638
68095620
68781487
68636442
68054290
68125774
68039409
93886176
67546856
68237244
67565427
73159034
72911103
68642640
67951386
68046557
72970017
64919783
68141129
72891109
67484045
72912987
67424211
68149357
82428274
70734331
70007779
70748497
71150382
75712897
73513648
72177217
71736608
72215376
71571455
71615513
71864175
84531174
72130186
71491909
77241006
71680348
72159621
72807764
72000886
71643271
72515019
78929889
71823549
72002289
71641541
71880509
71720069
72059447
71804306
73009896
73653409
73041917
71670861
71944695
68858595
72159596
83351778
72116191
71876315
71936090
71954703
86620404
71786189
68801183
71745999
71480711
71787328
71914592
71839847
71678041
77045656
80484895
71492727
71968674
71434698
71761778
76637691
72064363
71400094
71726202
71825844
86737834
71304435
71285770
71668972
71663818
71365949
72015373
71085560
76951639
71289605
82156918
71591494
71263555
71113363
71362250
71334713
71423010
71390664
71546622
71859914
86331704
71312010
71586168
71944928
71698324
71450125
71444669
71081330
77418898
71330513
88267165
71429249
71654338
71539181
71839665
71073971
71654066
71422911
72213704
71553713
93697425
71105054
71545533
71224446
71548735
71291313
77166512
71420530
71520468
71707783
78119295
71810173
71527705
71362095
71729826
71696760
71177856
71784404
87203027
71727560
76300517
71692589
71743670
77642635
71961744
76990705
71624346
71322091
72077332
73489779
80177702
71312504
71403057
71804377
71680570
71657204
71578534
70540813
71885190
77784413
76204626
73294372
72688651
71969061
77080337
71311384
73117553
71727994
71757531
72659805
88470337
71715524
76914978
77020649
77111822
71837172
76776354
71873860
71551779
73533799
92914557
76879016
71326565
71798210
71700689
71884971
72072393
71867757
71651012
71966132
75949997
71380229
71795204
77971891
71771567
75409571
71342168
71386682
71255435
76904677
82732403
73888881
73627179
72429771
73255482
73567733
83462683
72128772
77225800
72161591
71975156
71749910
71823191
71262811
71474727
73311353
71713657
71224804
71290746
71937135
90607187
71656473
76980106
71803898
71683619
71778366
71876579
72291931
71903193
71837597
77380306
71793597
72693112
73059634
78643793
77457397
72070661
71883793
71568020
71746327
79865616
71533192
71330302
73419909
76950288
71588485
