894953777
753517244
98289991
90574968
95630156
96713262
82473466
96224392
96173110
96090652
97386276
96549658
96381239
98019412
96112276
97491235
82601322
95934566
96218388
96433952
96807917
96675622
96249593
96417483
96024963
96878982
84594896
96396086
95753281
98209860
96371192
96272355
96630688
96399657
96738032
96235231
87796841
96242241
95741913
96327580
99504019
99025453
98477194
96941737
96076570
96721861
82047314
96212445
96652250
95848282
89242687
96083535
95914754
96134129
95531630
96227020
78166992
85301470
97209998
96255385
95735087
95884908
96444428
96468270
95948015
96403965
84122509
96308076
95933191
96103573
96228219
96173770
96314422
96336550
96336426
96570038
82398905
96645301
96088815
97341214
95972603
95919378
95758007
96206456
96170843
96168093
74682729
88880921
96855397
96253643
96211454
96243611
96304286
96109392
96533729
96531364
83279010
96375367
96000886
98679002
96787980
96221827
96157184
96533122
96760415
96392246
90726583
97052342
96024210
96467413
95996762
96419062
81380870
96083075
95856170
96024613
76985949
96253023
95994876
96363275
96575315
97278214
96055024
96433122
96396096
97394569
89099805
99184679
98872274
99730562
98707832
98686467
98942258
99127039
98817639
99907776
84335617
99219655
97429655
99366348
99405411
97221963
96243303
96798848
96424378
96383377
86898859
97088532
96433358
96202943
96228640
96261041
96234744
95864194
95950374
96596100
81824614
96802700
96218073
96407952
96748752
90574294
96735214
96375686
96817322
96593619
76525447
96307366
96509266
97249483
96605756
97447417
96805065
96761660
96794228
97169509
84994454
96851541
96473762
96887750
96143158
96789141
98435229
96837023
96755088
97235435
90626635
99367236
99139975
100178711
99125643
96662648
97007682
96717352
97281108
96668975
90595023
98146922
96445181
97803246
96331570
96105399
96536247
96539667
96856723
96448187
78737384
97388009
97175242
98889057
99642454
99323151
96208009
97400020
97392896
96417710
82564931
96529502
97222532
96877288
96480144
95320505
96322534
96946469
96381753
96999042
81608228
97011913
96253554
97342292
97840945
97039261
97014611
97137181
97036561
96198794
79439571
96949159
96209737
100036305
96704187
96746696
96300379
96480194
96841523
96565929
76945649
97282849
96412985
97729967
96493128
96621152
96536059
96297496
97289670
96797864
66452048
97661931
93777276
96734149
91382236
96625880
96357199
96835553
96351657
96437485
90489901
96749899
92818876
96871176
96579748
99311473
98928389
96872685
98600749
98902145
80000670
97576417
99052164
98951423
99324813
100103261
100536961
100050812
99582048
100059417
85918924
100085529
86991302
96833196
98319496
99550375
100041813
99349325
99573830
99795711
84608073
100200371
99602892
99751019
