309047500
198985226
118844818
96145063
108482905
99731670
99857071
98455100
101321980
100159618
100703786
99811168
99295229
93066873
99161676
99043532
100581153
100300267
98794084
99438331
99615520
99074301
90807103
94300404
97961365
99501555
99702428
98474042
101309205
161002979
133404307
104551482
96887220
94480562
106767949
98159923
103347472
97496610
98628593
98763971
97043576
97950820
96927777
89943217
96949651
97218004
97498718
97669694
96991560
97104080
97281517
97857268
90110432
92859252
98213740
97430594
97409133
98026426
96764267
98676427
99625224
107805127
99418312
95000758
99634881
99564817
99617521
99172222
103128291
98936889
99176322
99243397
99215825
93787591
99328094
99952764
99793562
99408332
99136358
99606744
99129086
99039805
97949104
98287270
99687869
99065242
100810839
99348946
99861983
99003439
99137104
99209807
99465629
90610839
98798689
98566882
98417070
98594151
97864061
98169485
98022478
97633439
97546787
93462243
98169362
97379836
101590983
98285614
98095747
97011480
97640134
97264458
97745658
90389072
97653582
80774215
96936481
97227431
97001681
102703175
100535255
97296001
101103766
98995725
100516884
103288018
101519013
100595563
101948537
99671533
101463821
101001958
101877440
99477998
104045533
102320132
102146774
103803454
102366790
102745544
103266326
103335489
102023950
87995844
101221655
101204399
100916944
101110301
100732674
100427676
103640277
103545672
102965993
102880948
101791189
101887567
101734237
101443463
101318433
101893342
101858820
101949530
101474406
95774725
100572973
101141766
101564168
101289265
101657525
100441040
102025361
101361232
101397967
91377236
101219445
101296672
102736679
101606566
101564069
100387289
101981742
104454968
101629164
96241862
101704129
101590487
102100938
101752213
102094570
101732265
102052778
101704842
101926250
98466815
103037013
103007867
103229230
101909328
101919419
101950234
101987238
101913930
102199418
93080042
102488970
101990637
101812198
102739180
102153664
100296877
101592999
101739163
102084583
98704941
101787926
101868925
101817327
101526718
101186491
101545347
102595605
101705676
101735668
95519215
102102202
102104969
101750444
103071440
102124035
102611667
102031893
102143624
102507045
95882380
102156888
102671080
102330781
102772076
102534373
101897429
102184368
102604187
103253677
99089082
102713808
102441524
102729839
101823572
102384225
102765198
102252386
102110142
102396956
96961358
102606158
102066822
101523828
102117776
102006060
102722969
102510616
102018162
102779276
94891559
97195349
102396162
102468344
102716387
102174074
101539626
102053461
102796526
102937878
97336202
103509060
102822881
102890486
102933897
102493474
103159012
102923498
102889473
102680445
102144493
102062481
102640174
102544209
101913066
102514911
102439639
102007294
102600333
102477135
97452937
82930842
103622466
103513708
104314603
103485067
102515893
