676712584
751783444
106638993
91465508
99861208
106518281
102086470
101336822
105856384
103080953
97797587
101641522
102171891
96684986
100814139
101839266
97028414
102098679
104196752
102161171
101345893
101274943
91153741
98492469
101209223
104898743
103962296
101371595
105108017
101451682
101151779
101005728
101394866
95819074
101441287
99313530
101315195
100983710
103668756
100805650
100649419
100869359
100667687
93588044
101322477
103637471
101514403
101489027
102501401
101124976
101347608
102043790
101335767
98126690
100805677
101782628
101300892
101614548
104540771
101346278
101298313
101076191
101100056
99233748
101588465
107020009
97777928
101535885
101095502
101401165
101194737
102527441
101575654
94076518
101231485
103091030
94991315
101310555
101737024
102592292
99623743
101869261
101743195
98363593
101741862
102587800
101758230
101406116
101677040
101078947
98938652
101255658
101163486
105147683
101149193
101709297
101925299
101037391
102878667
102181137
101822128
101577536
101391897
93718909
101375250
103135872
92545245
101061540
101620935
101881189
101258140
102047346
101125649
88583011
101844755
101429779
100874719
101497613
106056862
102354404
101339562
102349869
102828591
97252964
101289359
107082258
102037600
101789657
104586449
102064245
101443396
101859207
102177809
92158290
102283418
103064458
94358226
101499852
101645091
102029112
101317790
102038172
101241033
94271338
101819624
102047360
101700711
101483645
105683091
101748657
103389788
102238613
101514277
95927094
102077230
103423940
101732578
101599454
102053836
101828206
101630132
102164429
101391922
95298116
101320396
100638784
83347935
101672734
104018062
101564165
101813994
101724444
101468143
94738939
101749472
103923060
101637553
101798912
102862051
101952596
101651017
101844683
103240567
94187963
101721838
101783289
101567264
95715906
106264288
101323733
101484627
101772174
101231528
89969523
101969352
104201945
89902356
101534668
105048948
102665367
102229058
102049276
101512018
93207898
101557935
92733888
102082584
101655229
106011708
101481951
101479384
102037890
101327838
100910237
101663607
106364576
104986915
104657725
109060497
104706435
104876194
105139420
104320084
105299287
105649413
107634781
88186914
101652310
106092744
101814284
103531989
99601849
101503901
94215741
101443374
102225366
102307390
102046647
105231047
101776208
101888673
101661634
102413784
96796887
102420730
106013436
101424680
101706094
102729641
101950042
102084878
101965684
101694337
98667300
102093425
102375679
89526211
103959253
105145165
101764750
101788385
101658837
102205455
92970242
102114825
102003783
101679909
102169308
105948460
99353983
102047540
102330606
101822555
96983381
101170431
102165850
101710466
101412369
105032928
101369751
102023202
102373321
88542901
93885088
101456366
101718997
89705446
101608201
104885135
101819807
101694736
102309373
101848789
98776667
98228211
102171806
101713898
101807112
101548267
101641419
