800456902
452012024
94588080
85312841
92532307
96799001
85030023
96612927
96613063
96323816
96712728
97489070
96660671
98457449
96761150
97143275
80789044
97135200
95402172
97078685
96478067
96878788
96823367
97129018
96828712
96369794
85090595
93700894
95291068
91188176
97177688
96363772
96578667
96675475
97021891
97040955
93520360
97124702
96523634
97295450
97353402
97043642
97688466
97122974
96883107
96961031
92575744
96688015
96934735
97601858
101832154
102010897
101493805
101301965
102746084
197840479
85142521
104421173
100753158
93008972
98554849
193220800
102154321
194926589
86432301
105817958
104698058
105165600
102014339
105087376
105454080
107993164
103433187
104550493
104772035
104376953
95764345
102274573
102023494
101715667
101888662
101765518
102133855
102356613
102091659
101819447
85444925
101555002
101192528
98555541
101891609
101724980
101791427
102156773
101881544
101771328
89309907
101659524
100592431
101943575
101785226
102204700
101853968
102120371
101718564
101671305
93883740
101797163
101350696
102190390
101746331
101927262
102383820
101730845
102011616
101655684
95011704
101598088
96188803
97941665
95627139
101794046
98774747
101847811
101642785
101832017
89549406
101440983
98113504
101788422
103491282
101575762
101670748
101790341
101657877
101784157
86591097
101577381
101229413
101655949
101581985
101574678
101652568
101903466
101605379
101838131
96080640
101522333
98956465
89454396
101767981
101797301
102006231
102066587
102084646
102219286
93848497
102015669
99226678
198473477
105447238
105440444
105353208
105427010
105055295
104996914
92519157
105233559
101497551
105079152
102441688
194436937
101621117
101877292
101658455
101864796
97715455
101527369
101299424
94114547
101759749
101882886
101978035
102086145
105038978
91492833
91527746
104510706
104199295
104890600
104324504
108754781
107865808
107752323
108300548
108060081
108013535
107774418
105735211
106825873
105829060
104303012
102148601
104689577
103428273
104442756
95788448
104475468
104785337
91681323
103294427
102089885
104412237
102622077
105053620
104966865
104660541
102663882
102954556
102346076
108598689
104572495
103698654
102563431
103559069
102752061
87724674
102738142
102240806
103069470
102574191
102550940
102133143
102866800
102325655
103047356
99366091
101972844
99702877
97162081
101843956
101813170
102059067
98092393
102651788
102914703
95104543
102203892
102825177
105276057
105261290
105219726
105443330
105459543
105167580
104982925
90332432
104455768
101059667
101765906
101554341
101987052
101564669
102233483
101020598
101811756
87322763
101706377
101165249
87184686
101744635
102380436
101671963
86503529
101648650
101938368
90950133
102165632
98847070
102067078
102262420
101520425
101358099
101250483
101656690
101436754
89258481
102013441
102288466
98270126
101412247
101151576
101856474
101316036
101538167
101566558
98246243
101593494
101731246
89694852
