229920805
124567575
91755877
76498929
72984241
73519545
73615402
68565225
68528467
66808800
68525632
68355342
68435873
68364972
68476907
68705772
68432743
68340506
68523939
67515615
68122221
73861288
68214480
68202232
68261228
67959334
65511868
68325034
68329089
77002466
68357100
68057178
67919636
73723399
68486459
68616472
68467990
68814412
68649444
68800784
68387517
68220643
68623336
68678722
68590884
68652847
68297456
68482817
68457899
68104178
68608546
68436080
68007250
68605476
68866141
68417655
68475733
68613675
68472989
74026077
68746274
68836131
68557428
68416252
104791721
68835570
68704502
68678431
68534025
70505139
68673011
68395832
68511024
68452064
68532986
68676065
68782578
68699149
68356069
68858914
68556090
73894529
68699286
68681020
68836942
68660007
68723060
69401395
69056164
68775332
68536004
67389640
69642355
69520715
69753645
69625858
69660000
69601146
69432798
65389046
69545609
69628931
69122046
68829691
68723200
69218489
68543796
68670267
68635799
67573694
68689312
69100332
69357034
69521535
69857298
69823023
69583753
69881288
69668069
66842516
69715350
68594693
68252966
68416435
68441822
69135316
68528405
68353175
68588831
70396477
68754812
71162902
68493074
68628739
68665965
68539338
68703944
68719397
68714762
68465923
68840583
68755036
87524508
68917086
68790598
68754070
68723664
68594790
74114659
68718663
73926549
68822235
68405427
68685435
75881586
68665552
72999144
68827484
69227605
77755548
68486067
68714549
68517466
68509773
68482174
73772097
68365605
68585155
68565391
67835027
68378982
68520179
73299864
68477991
67937311
68446409
68494018
68500255
68582984
77677827
68521173
68403312
68441015
68691405
68577406
92177231
68414400
68583163
68580305
68907665
68571968
68515409
68574749
68791850
68521945
68754116
68732334
68535962
68541177
68786755
68905356
68530303
72817417
68744346
68662232
68689343
68836959
68632703
68389792
78331539
68549969
73815357
74066543
68453081
68550184
68560796
68349297
68408386
68327786
68681845
68388117
68396868
68429199
68466370
68552419
68446336
68546664
81586619
68435667
77423993
68349232
68641143
72196079
68574163
68294664
68579787
68586314
68439827
68495386
69133804
68406323
68662700
69199183
68380019
68508885
68377996
68433180
68472830
68481200
78308131
68469799
68883400
68877095
68398993
68612543
68622803
68669378
68437696
73913482
68007312
68787908
73930910
72883030
73225206
68668051
68661620
69595010
68497814
68701642
71858510
68473476
74184964
68613642
68631849
68759031
68610920
68604124
68570291
68503571
78544325
68572214
68703427
68654482
68431598
73731789
68620071
68692080
68536070
68268473
68154022
68527810
68464802
68704785
71834522
68773857
68695302
68670189
68613947
68684732
78917690
