321411603
175555100
129470281
96875977
92259488
97617125
95150499
98070039
98059223
100998016
96643509
91432694
94865589
109817191
97696971
97619986
97611124
96331139
94501325
110603222
106469844
97659572
98765588
97926466
96063017
96278860
99592187
96523993
95460121
124043889
124873345
111437345
99781477
99747760
86796400
96235170
93815542
98340491
96972983
97311453
98635141
94944250
99318895
99939194
99347949
99084969
97448121
98811574
99479734
98795849
99708039
99838666
99433247
99334362
98054200
97922222
96959180
95776324
98341903
95352121
103104179
93369896
95733017
96339607
86680212
96464111
95964595
97253413
96068577
97262143
98126630
97126796
98289145
99549780
97917561
97252094
96883923
99179046
97727611
99024562
96925234
96643654
96672055
104735993
95997884
96740484
97537234
98176330
97630066
97562473
98090093
95110363
96747010
95428672
91666028
95891902
96078333
94809291
93820271
93561129
92487959
90827640
92679465
94531392
92486351
92367659
94859121
93547626
92816840
94819086
94336052
93831723
93082096
92775594
94233606
94567417
93893172
94765455
94772591
95323778
96567832
89989464
95170685
96052303
92781942
94809463
94508097
96494111
93930509
96688314
95472993
94402217
96003822
95896121
94627391
94891087
94970875
95328124
94386277
96157304
92897061
91404394
96596066
97125384
96815976
97014031
97251311
95798363
95962627
110146396
102743780
92991728
93159494
94885943
83822233
92771291
94480636
85864984
95467197
93135126
95333750
92145799
94637598
93204778
95809794
93597788
95160753
95340825
94526579
94399096
93448979
91319734
93938863
94980771
95167943
95433579
93021587
93542198
94999831
95321908
93614412
93084887
95185201
93537496
87418296
88120916
92910336
93735014
94409459
92610485
94817498
93567173
94799487
100268836
94681692
93708520
94645050
95052460
95876777
95106113
93869424
92642249
93840441
96454313
89019772
98296580
97666435
96185238
96371694
96248497
97712696
96352773
97098267
96437583
96502817
96776778
99425042
98992025
97927211
99320852
98319011
97478704
98791021
97768496
98418236
96535656
98081906
97012319
96749035
97515835
96915955
92973378
96377976
97590186
96870604
96677379
96642602
97662880
97482704
98554429
97560499
93391081
95296924
96496995
92612976
95432055
96297650
95107723
95878721
94595546
96149506
93600943
95915098
95309816
92892737
95792502
95079487
96212338
97869055
96512419
96724149
97617419
97594596
97255038
97031252
96723310
96773331
96708671
96566235
95194202
95844695
89876778
97575853
97490270
94305698
97605242
97454620
97315395
96623255
98988686
98877545
97485758
98533050
99345639
99268283
98480081
98986732
99456025
99515382
99412117
97758986
98400678
99952113
99330002
99534298
99470374
99310490
99358280
99899419
98749460
