716952958
297808821
95180912
88671162
94572729
95326762
95434084
95408481
94847470
95508405
87829238
96597630
85928233
95005725
94883139
94738866
94977032
94852645
94990042
94994792
91997092
94978492
95179818
94698392
94997042
94834180
95382370
94943850
95097371
85209513
91672119
94681016
94738250
94705471
95320822
90653146
94956792
96037652
94509512
94864891
95379511
94739785
94841478
95901066
94954177
90135797
95280173
95602314
95469608
95532483
94513672
94852907
94519289
94395712
95117078
94152013
95084129
94211295
95019026
95252503
92576618
94880667
94912872
94449263
94751146
94569973
94766516
94554370
95281454
95517565
89167893
94698636
94374727
95061784
95170310
95204614
92407778
94686415
94492234
95305225
90073656
97675054
97625444
96840086
97562440
96947641
97767376
97060049
97518473
95876718
85524953
97098019
97589519
97658218
97598589
98192867
95936951
97377005
98642896
101209662
100265606
98159409
97657920
95898472
97641405
95884827
97702395
96971469
97514935
97397800
96989196
97485097
97724749
97334939
97680812
93742026
98552800
99772322
100147181
96056444
94074865
95275802
97047278
96983914
98290994
97244515
97330665
95650919
94725711
96211965
85860933
95375489
94899301
90260293
96227238
94594180
95463466
94526457
94680374
94487810
93993600
96751565
95771871
95004921
94447758
94582731
95079441
94514333
94969678
90102997
95130773
94611735
94958146
94821031
95457725
94146301
94628387
94797997
94213068
95715292
89003601
94599921
94444777
94743778
94762943
95039520
94408357
94267309
94915091
94474168
95633420
94718574
94649419
94675848
94552509
94347606
94840019
94514326
96331816
96328537
88657203
94196575
94594957
96126894
95605416
94521981
94379634
97104080
94847139
95816117
93839174
92732026
95004937
95818205
94770559
95520601
94363143
95647807
94573309
94978292
90964353
94945759
94774901
94916874
94580066
94941138
94785979
94187898
95531317
96166060
94504184
94710712
95578903
95423565
95259819
95683604
94920154
95206567
94740716
96167361
94545188
95712533
94376637
95533623
94393047
93995766
94153767
94458868
95528136
95261801
90365274
94293629
94325130
92304154
94586295
93892479
95499786
94331226
94834198
94959080
98994897
95525851
94475712
95911766
95696689
94872518
94554058
94735950
94680589
98367665
92307740
95106679
95157692
91235954
83999189
95842387
95156852
98635410
94889854
97023299
94957028
95805535
94693813
94743613
95230248
94680481
94798943
94599335
96749056
96548661
91969839
94395139
95185178
95771868
94970254
95514216
94987851
95118231
94721948
95197701
95013234
95626924
94745277
94668694
95251239
95144677
95017151
95109704
94600445
96746165
86866149
94525567
95666567
94341522
94967818
95709280
95415011
94810527
97855140
96695840
