340062395
134098078
84427653
81762656
74025239
68450393
74328476
68398758
74067327
68747376
69050523
68673031
68514223
68632603
68445701
68366935
68572071
77924941
74156567
68664843
68724256
73985484
68838227
68885708
68872060
70438419
70162510
72685110
70362892
70358165
85222220
70191274
75475273
70333605
70463969
70353433
70067477
70315230
70000346
70496342
70908929
70278442
70272907
70297811
70053057
70732195
70486412
69714253
69937156
70525968
70208728
70671687
70300075
70604439
70632701
70513092
70395663
70367655
70203387
70403515
70416166
70423020
70579558
70395624
70530181
70422224
70286727
70220714
70367076
70198718
71039751
69358605
70378841
70600254
70141362
70101091
70293236
70310260
70134097
70459755
75444355
70108291
70699793
70366361
69946200
70358511
70015970
79645732
75280797
69826694
72532434
72972633
68948930
73041717
70886079
72580722
73099713
72164470
79391474
73011639
72582455
72749684
75848353
73068846
72914575
72913574
72873427
72054786
74381562
72879784
72241187
74889251
74717395
74455531
74434839
73719113
72567090
72719247
73021425
62785065
69653884
73092316
72654052
73047053
73165103
72709327
72811231
78162375
72864155
72757622
73396427
73107386
72617683
73083657
72535983
72924555
73055829
72053099
73130586
73021335
72807033
72695091
72675964
73288227
107285791
72396484
72434737
71845316
73614094
73135402
73155163
73057817
74399828
72654869
72723818
72519186
72894350
71858764
72636637
72751586
73134102
72771862
72656526
72475327
73084727
73053879
72730250
72228558
72567878
73137334
72706687
72924513
72364190
72476794
73004561
72570630
72845685
71922141
72705428
72569610
72581465
95624237
73458085
73983982
73959355
73380124
72919595
72584330
73839199
73632664
73488274
72713790
72366977
72651750
73532556
78826513
72318190
73462074
72761174
72507216
72860518
72719688
73092053
72924336
72378296
72585992
72538060
72101762
72443093
72566344
73403974
72613286
73449197
72696776
72600102
72668380
72488724
73093447
72749497
72710330
73473605
73017184
72416652
72281163
72396365
72657254
72243929
72326403
72197367
72636697
72728092
72382844
72250719
72325872
72357909
72304452
77962632
72534050
72509302
72331021
73133519
72889311
72318035
77439348
72306401
72520167
78984028
72498644
72679158
73012072
73015003
78036781
72360781
73594111
72695538
72462815
73268817
72198470
72605743
72451764
72738540
77625686
72181092
72801550
72717039
72543424
72322618
70318815
74079834
74107424
73791718
71838895
74320927
73643233
74454223
73603051
73476950
78769461
73973734
74066641
74434836
71822149
73834607
74085972
74090939
73884639
74188802
74331652
73832101
74120589
73967377
74457987
74132560
73743305
74321540
74145914
73612680
73458550
73527706
74104814
