914008637
480015699
88226721
84111035
92675427
103027199
96098330
96080195
96085444
96165474
97253328
96105275
96346253
93021653
96041258
96210708
95932535
95967193
96156343
96291749
95998966
97288520
96232192
88883729
95627351
95823688
85060023
96269490
96258489
95782705
95902383
96228863
96090411
80609652
96916602
96178561
95987864
96151660
97077469
95906263
96346611
95848457
96135185
97074376
96288344
96225836
93570237
97149710
96177403
97057043
88977883
96588012
97477269
96059069
96277647
96222901
82274736
96409571
96717144
96707447
96302480
96266024
96110836
84691672
96527105
96334137
96609383
95971931
96224120
95814600
96137727
99106403
100754185
99336918
97597581
96136097
96148998
95484963
95846966
96240364
96086958
96276701
96128570
96184797
96143884
99714063
88536302
96064885
96183099
96265499
97748923
95985509
96070693
97242473
96229428
96285256
95979674
95764021
96167882
96490598
97036962
96074266
95985815
91858563
95999584
95516914
92694205
96189660
96851238
96643381
96311732
95997968
96404211
96143894
96324519
96421917
85413281
96240189
96454975
96160199
96320184
96016833
95862598
90115111
96052682
96138238
96103953
96097608
96050134
96408752
96343078
96103450
97583991
96429410
96067788
97186547
95266263
95966392
95911919
96043618
96125954
95959474
96063761
85763589
95970937
98160695
81336936
95938839
95982099
95832344
96254722
95767661
96212061
98631815
99729105
99611131
99487761
99298960
100109662
102080637
102287537
102250904
102380075
97827858
102565085
102720179
102450648
101016896
101717805
99629993
100482382
99773775
100661614
99028327
99760637
99949317
100375908
99706470
100493583
99878692
99886414
99905407
99736433
91457897
97868506
100316401
100128694
99395392
99464086
100114199
99817796
99624174
100126609
97915362
99498043
99366069
99801189
99546600
100417856
99572886
99547808
99381978
100859317
100551765
99660948
90933847
95525858
99384525
99828916
99901557
99915058
99577614
99575069
99530489
99275811
94882657
100145544
99812465
99768590
99832867
100404563
100847683
99772973
97075940
99823509
99702234
100149791
99699640
99780831
100298284
99583593
99242517
99672301
99309793
99450715
99587952
91437939
99409217
99990225
102433994
102560153
102967650
102619146
99459807
102276094
102165797
102527171
102517650
101893382
102913555
102546036
103279683
105828188
95171506
99790038
103397154
102499600
105083105
102556835
88845409
100018590
101574370
97835439
103684829
106404148
106577261
103787259
106561414
104049282
103993846
100868533
103652604
104368499
103305818
102902402
103585192
103566675
103836641
104561098
104390506
103897033
103709669
103794044
103052945
103801268
103618694
97326103
103195144
103699049
103501487
103758020
101608515
103531246
102744597
103485047
104018973
94170768
103462801
104127530
106633440
