241705397
125522909
99300071
85538744
68476934
78277308
68179190
75819003
72375879
72869906
71466599
72436643
76363117
72633912
68534064
69331760
72601590
78524608
70167304
73806620
69640967
73896327
75860729
72560084
72231804
72838852
72790701
78141842
68801142
74432291
72896510
75383483
78225196
84316913
72380926
72438295
72421846
76305529
72625085
73000033
70097900
74136751
74926738
72453601
72485995
72357422
72533021
77224433
68517901
72987455
73108567
72792487
76856519
73221093
73031145
68730925
72800371
73690880
68992489
68975861
68847221
68482666
72684150
68475117
85922664
68517037
68560694
72855975
73848716
72743572
77696154
69243751
74045618
68710786
72576814
68780339
75231619
76123735
72499901
73140195
75307557
72492415
81024547
69930897
72666920
75577081
68635225
73566998
68773674
72309057
68383807
68633970
72564856
68610152
78785537
70082985
69736344
73157750
76208663
77953232
68978618
72488658
73161052
68698628
72540747
68598074
68687675
73060818
70159777
69015061
69025210
68578958
71883308
74555449
79447110
72175899
77417442
77016776
74735256
78520093
68216384
73933275
72716095
68318110
74306384
68621978
68509927
73770565
75243802
68943922
75299045
69005946
77844741
69139126
89132156
72945110
72634401
69088892
74795132
69010267
72650418
68621697
74673985
68838846
70450118
75320978
70438253
73572240
70009721
76404331
69970146
69009374
75302127
69952035
82784193
75652384
69602901
75520585
73747571
78454887
76244151
72491639
75908729
72385460
72781103
72687988
75197948
87563800
75912522
74235489
73034184
77801944
74358708
72806409
68543705
73354599
72686006
76225980
73130433
80297112
69015991
73099268
80065920
74488606
68712192
78640498
69005750
69993647
78665210
68633245
72303501
74666929
72895072
68728886
82914852
72231425
78601344
72851544
72722182
68556949
72763070
72618609
72857085
78572443
84718680
72880235
68452977
76799662
78347047
79949906
70378845
74118815
69830352
70361122
77351652
85709219
69950546
69979340
74133228
70949203
70701928
74513785
74335525
75498389
75109845
70090967
74223925
82372376
73733431
69959234
70034252
70116437
70203023
70110512
69983826
69970019
80024421
73313048
70416827
70041249
70353721
70215949
77422595
70014770
78906771
70273293
72200147
77362133
76865694
70137543
70182120
70798219
71710875
71827150
80025704
72101769
70801648
70360177
70226304
67515052
70058013
70346401
74908014
74372907
69727784
74719480
72245497
79173174
72114661
74975323
74654164
74527736
80606665
74661315
73832728
81661870
74321234
71254257
72002213
75282215
89105895
71803554
79253598
74270640
74229713
70100590
74013549
79356951
73915778
70497087
70562309
70295005
76695053
81414833
73999970
80321237
73939861
78394860
74171849
74400309
