324635312
206153303
134563675
98698035
97760443
100311175
98924419
100232276
98618054
97685187
97335850
100792946
99284274
99801191
99117430
99216981
100977670
100177710
100052946
100254091
99496351
100888502
99195158
97526741
99394147
100001557
99760740
99798377
99739625
134993968
126358479
105023649
94873010
95219515
95464947
94294628
96407329
98431998
95067626
95101641
95596282
94900398
95855400
94756325
95568553
95978476
96572041
95733426
103860861
96847450
97772816
92625227
96584771
96633084
96379154
97109773
97151690
96107717
96694929
100050402
111472236
104757770
98672334
101768994
97356303
97585063
100292822
97642079
96299385
100847086
97192204
101983474
102363064
103829325
99205412
98637302
102340345
95778920
103325530
100228801
101730809
97981722
96446687
97759157
98090381
98019654
101349343
98570680
98254982
104644057
100408446
97020411
96905870
100152209
97503929
97165645
100829219
102978105
99027728
101396995
101918960
98910453
97548284
101613586
101328764
97497428
102909867
101181266
102021177
101823480
104330894
103952256
103951636
100727944
98096121
101808024
101992386
103247419
105258962
102007822
108333429
101542901
103077053
102677518
103045738
104921690
104403951
104900851
104924025
105601239
104723119
103359116
105403631
104720390
103610550
104372524
104867672
104846295
105435000
102809065
104316311
103383549
102361705
102974442
98666603
102414937
101932566
102305734
102079654
105658041
104756135
104364198
105681448
105169876
102949315
105691714
105788537
105360477
106291311
107797558
107542413
107537915
107457293
107204467
107780681
107662857
104481474
107486033
107667905
103561213
107526050
106522318
107579264
107846237
104010336
105473410
107760038
107753028
107192522
106578570
107131220
107807735
107533090
104405849
107606345
107551208
104939406
104110254
103839283
103655738
104407242
107398724
107305512
107499865
107213501
107313772
107892545
107799407
107189583
107504720
107454765
105988018
107357557
108156165
107516588
107265611
107985937
104337856
107435131
104915644
105905798
111041146
102883791
102459323
102916208
102618410
103075398
102775451
102787224
102709119
103867493
105360398
105694803
106855688
105059819
106547323
115243190
108854332
108103551
105546278
107850668
110670184
108211278
104288827
107080960
101404076
103793662
103038981
103300734
104240706
98004076
98329020
98803314
98124640
98260465
100876033
100763192
98342196
101144343
101453894
100980404
101263637
100692374
102284902
100420627
100610782
103471459
104664745
103787837
103396683
105590486
103572629
102743686
99046301
103263590
100718855
102899214
103167497
102842632
102161886
101123056
102249853
105427843
102904762
106151719
103823348
101802552
101582300
101669585
101638530
103914824
104271112
101728992
101041965
101133311
102193890
102850531
104793077
105417681
102964095
101881368
102788824
100803482
101562023
101087173
102016659
101969164
102030814
101985899
101794728
