237695307
117310361
91525476
75470736
67599533
69342231
68328445
75758143
68481693
68363283
68539557
68090276
68220537
68210916
68508317
68373127
73415583
73577097
67834526
67046120
73211572
69939037
70313405
68718327
69930579
69973913
69726954
76379557
68784471
68845236
69452437
69622954
69795533
68863836
69811444
69709023
69887822
66731783
68939429
68627825
70304423
69478075
69655472
70007062
70011322
70039412
69832827
82303030
70153908
68478369
83724740
69740167
69715263
69781114
74800091
69373596
69561458
74056147
69766001
69714698
69997432
70173695
69518826
69827032
70154048
78712148
69737451
99062012
75182829
67164426
69660697
69550295
69566343
69013618
69700427
69617334
69695410
67336771
70273586
73822150
78702361
69705541
69591048
69786734
74909207
69998805
69866371
87814936
69867093
70212400
70171269
70043379
69967683
72265784
70103442
74916535
70972717
71461138
70790669
68411801
71331081
71019972
70997270
71181137
70986336
71092917
71172680
72333986
71150605
70021572
75930891
71158269
71216718
74299459
72999613
72953648
72086543
88169755
71989516
71671928
72248477
76958206
72389671
72299015
73005169
76325052
72084934
78920042
71305875
70911372
70848625
70949096
70913185
71399287
70876763
71058926
72485290
75599815
71976997
70586112
70171816
72051367
72243407
71184595
71375877
76595734
76161778
72633386
71077188
74897310
71546841
70941582
70710115
70974302
71292785
70792743
70644276
94200267
75785953
65250730
69699885
69803854
69931961
69697937
69924609
69929669
69703692
66820961
69853173
68945857
79154020
75977539
70484398
69829864
69624401
69822106
70092066
74405755
70005882
80279782
69562394
69978976
69859045
70286145
70280555
70232428
69997843
75792436
69609863
68565301
75034328
69830374
75630251
69911944
69875963
69731311
70040225
82480643
70123883
71000951
68844769
69704690
69819029
70113823
69775782
70114813
69733175
73885490
70427509
66866375
69589717
69871820
69758710
69669242
75348732
70055058
70498015
82837712
75241555
68085058
69409693
69716329
70086108
69886159
69865007
70039344
69408959
79080353
69783929
68627862
87881509
69752706
69944780
69715046
69676933
69538386
69661909
73728575
69834504
68462525
70191061
70955573
70951455
71394298
71217213
71391800
71656547
72766650
70989270
70086380
70824686
71078877
70858124
70883625
71544669
71120729
71162123
73968553
71360485
68772839
79621825
71032579
71273276
71561340
71889318
71506989
71500535
77542332
71087325
70993526
70786953
71491583
71604650
71399969
71373863
71843680
72493998
72215861
71412236
69911662
71212433
71319646
76591546
71153762
71902424
71740332
71610283
86379785
71807756
71354327
83968824
71891729
72106737
71486789
71866443
71569999
71767150
80045642
71413266
70521189
