322429182
200230213
134549607
95638366
114431843
105332563
94926461
99403892
98433731
98458179
98079611
98357695
99152017
93356642
99280549
98197247
91814679
98658818
98339445
98983124
99461481
98393889
98585490
96023792
98614699
97513944
97937089
97703182
98980081
123672822
117108872
105207802
97202287
97321423
96687151
96926964
99829106
100847911
98951601
99461523
99298962
99571523
98153984
94996150
98841710
99338105
86006123
100581168
99996512
100183120
99994239
108267241
107494812
99383319
100045800
99334352
99746587
98794701
99895994
116853483
103760029
108903709
103570291
103966801
103457837
103957129
98031340
103300333
103962902
104563393
103923792
105081323
104131849
103555274
103502705
103072730
95608975
104069377
105249709
103707850
104061324
101514929
104864098
103743961
103468562
101763115
103958811
104215034
104802977
106157783
113414975
110920439
104306700
105783816
105278580
107632360
107715572
107953515
107583981
106982831
107704390
106259374
105825012
103880888
107890974
105478561
91594496
105872146
106740097
106326840
108883380
107397165
106341727
101572832
98951988
105093888
104803479
104951830
106245135
101023392
108941257
108617360
107123985
106395907
106755409
106254836
102235027
106457478
108242980
108139467
106313192
106581842
106702657
99145755
106481327
106500574
95358614
107121712
107441677
106704192
107826328
106213576
106235109
101355143
106805786
106469180
106156945
107188620
107581235
105091459
102173008
102774197
102641664
103583868
101468657
102802623
103130257
102005608
102415206
102457311
106974612
105822626
106680084
104802552
106468094
106884160
92530535
106961437
105580421
106673180
106503395
106718256
107124051
105496075
107486431
106480066
106535422
106573573
106586252
102363106
106055547
107304749
106036550
103039547
107292103
106700720
98086531
107541539
107373205
107274923
106487036
107678831
107838522
103067538
107806030
108156728
93917535
107979486
108224644
106003049
106233016
106435874
104527508
102305905
106587525
104374191
105735393
105926916
106082448
95473207
107788288
107224017
107896292
102751610
105138409
106012763
106316005
106604194
104212475
104901111
108913581
108860299
108256805
110704875
111910638
111700835
102865960
112317083
111772589
111962674
111811787
112541420
110878930
109121599
111855202
104651476
111988821
111981414
111922306
106732244
111462691
114070279
111725234
105502740
111470188
111255575
105288155
110859914
110447416
111333037
111294250
110571633
111542784
109678060
110065520
110715809
103451233
110472913
111880996
112036768
111423789
111803440
111796975
107474934
110650824
109883845
111523267
111593226
111657900
109768169
105108337
105767676
106325460
103166829
106020251
107180678
107198306
107884706
107505693
107664110
107904584
106900862
107439600
105549413
106366111
108076353
99178665
106002858
104600270
102683899
104329273
105833715
106235639
104564931
107205537
107195680
106670402
104705091
104669263
106181307
