275132594
170403235
140597156
96335865
99786233
97547829
97282020
99116658
100005670
100062689
97101925
110919568
113829517
99042479
100797242
97626788
98471309
99053949
99607417
99022072
98790163
85993484
97758181
98733834
99009626
98014635
99521858
97080748
96797505
134622940
114330919
90897081
98674590
98759696
98101158
98508344
98400149
108055694
106584978
99149501
98762967
86435003
98943655
98073192
98557969
99088635
98752667
98951335
98794826
98949794
98442842
88793505
100451684
100043224
99803715
99779283
100823419
98195917
101052794
99016387
99526502
90582876
99361155
98858200
99028975
98345000
98405403
98900372
98055138
98310581
98354153
88421760
98849446
98725549
98414381
98947081
98497329
98640616
99079743
98774369
97760118
88667982
99083824
99428620
98910408
98477866
99577302
96995030
98701340
99804592
103228125
89155742
102967030
102620272
102541153
102916208
102834843
102322812
102455312
102337993
102867722
101510600
103275533
104493922
103669115
104110510
103747879
103880050
102950171
103981574
103553852
101995992
103290241
100856189
107469389
100597711
100211748
100028203
100313349
103041875
102748492
90055727
102460313
102734621
102718390
102573997
102319481
102447338
102826510
102254547
103144037
94835566
103127647
102441022
103316019
102428444
102294731
103125861
102485456
102282055
102810817
94369238
103714082
103538924
103474867
101546150
102997817
103220566
103554328
103751465
103770116
97848265
103880326
103288671
103569944
102664360
102695451
105175552
103673068
103299388
107016677
100021864
104264043
103142329
103266140
104601203
103590519
104281989
102878141
103472449
104121620
96035146
103367591
103671433
103399820
103550250
103130813
103612191
104073979
103609950
102435140
92984320
103079265
103641207
103393432
103360987
103312440
103163520
103001801
104832875
103807095
97300824
103382710
104543463
103176548
102731346
103689594
103198660
103470092
103816362
104295878
90533461
103298082
104030691
103955826
103271002
104065808
104845264
99987230
105416173
103307258
98984374
103047756
103858846
103277155
104730785
95246995
103756374
105166863
104452277
108327462
96465112
105280795
106511847
105315206
105523812
105175685
105096557
104957296
106288657
104664404
90501363
105688913
104859973
105359854
105252965
105911985
105619104
105635785
105977022
103486642
95979350
101473093
103226364
100891905
104202324
104222575
103271762
103282652
103219156
103537971
96005165
103602585
103688354
103686555
103397185
103370336
103839462
102597325
103553947
103382976
94305576
103581189
102823353
103131796
103318784
103019914
104129008
104558178
103316118
104020926
94881668
104572625
105260917
104011270
102876698
103172465
104179667
103571269
103649120
103478031
98680469
102721663
103569827
102982947
104558659
104040223
104981795
105722077
104668305
105624128
96967469
107267529
106153401
106758936
106249850
105925574
106775574
106209602
106071956
