902554348
764820448
93459958
85407287
92503499
95766450
96110924
96673784
97042113
96213909
95712355
96996626
96039599
97523476
97008345
95794214
97163825
96286154
96934965
95982001
98130354
95844978
96528516
96263997
96373603
96689745
96016424
95830302
96601622
93513582
96190186
95846496
95896051
96534708
95890182
96382821
96027009
96529685
96179959
96589108
96856784
95846720
96692492
96950708
96688915
95837361
95868128
96641158
96482133
88659751
96093554
96507241
96724083
95882077
96152305
96784717
96101033
96011989
96662942
90128835
95651498
95829601
96570527
98213718
97223204
86789318
96256922
96552482
96015827
92386582
96451389
95735591
96049796
95921105
96568616
95951777
95898624
95958163
95757342
91543835
96547643
95547894
96216478
96083830
88281800
95848972
95757063
95982377
97422700
90356039
96493266
96612527
99211036
97015982
96671836
98520895
98431305
99897888
99109510
96244332
98344819
99340817
99420902
96342436
95449081
95824510
95743652
96024906
96434980
93499538
95498247
95862554
98439225
95536985
91396460
95638519
96898394
96438361
95557030
95455832
96183421
95893041
95198137
95963568
96443360
95995950
96245965
87923214
96147897
94630606
95833064
96087109
96229879
97051852
96554684
96943901
95893348
96239708
95937969
93366902
95894094
96304000
96766869
97052569
97626543
96631618
97763231
96164018
97758844
94891550
96703284
96852495
96548682
97032819
96417212
96434274
96448546
96360771
96133576
94303496
96149086
97520237
97119694
96841878
96853372
96646948
96692770
96791597
96806506
95774911
96574342
96684586
97947562
96714368
96741885
99772439
101657065
99437317
93238842
99211899
101356202
99200784
99065219
96988766
96658585
97354221
97594060
97492166
97186217
97353929
97227574
96716798
97140912
97079071
97188288
97294634
96794985
97024971
96652261
93699575
96528595
96947926
93382353
96868567
97054600
98148262
97145321
96814795
98356157
97377879
97308191
96797780
97097511
97300508
97124073
96886420
96697465
97410443
97309129
86966839
96891323
96644185
96646870
98314376
96768817
97185011
96767566
96989622
97247327
97031905
96640860
99747790
99948120
98047716
96614037
96568696
97073464
96795812
98980628
99893829
99457030
99296952
99209173
99507166
97435070
97136180
96792809
97083331
97436012
96812132
96831914
96824239
96913986
96508422
96584387
96746272
96987672
102337154
101904225
96536727
96442485
96690632
96572535
97002297
99185825
96964631
96800178
96727996
96466949
94745400
96807072
96672862
97857598
97050717
97130470
96913876
96641719
98088789
97128736
93050104
97294069
97163087
97931927
97318942
97393155
97038113
96735577
98613174
99121883
98014124
99549877
99449265
98448876
97040261
98920528
97222267
97536333
96988257
96719594
92898636
