318117608
200854591
112853558
105181840
90868975
107188333
97325224
98321287
95935698
97102006
97610294
96784892
97073120
97368644
92523172
97710095
87349861
100282737
107250262
97981927
100204386
100462554
99102823
100597788
92458863
100424245
101709837
102867098
102254746
112034819
129448830
112857070
96564786
94118662
96736712
100580194
100535568
100235765
100434859
100257632
99660521
92681474
99435786
99473282
96728090
101604793
101513301
97967901
101806248
101915985
112281383
107496360
100294717
100409437
94694247
100337147
103485145
101359768
101338148
101542821
101205196
102059665
100584040
100644801
98069329
101216077
101276716
100909997
100967886
100799667
100620271
91197765
100359999
100614949
94017818
100416054
99799284
99578019
100011812
100090924
100122659
99956798
100422552
100181282
94495786
100220157
103026730
100251334
99935111
104135056
114649029
115017027
101827926
101887399
94640319
101613256
101385813
101285839
101991540
101658776
101790160
101558366
101402806
101535402
93218903
100989252
101050054
99365707
102198509
102592288
101119013
98537588
97423933
101431801
98527505
101190833
100810569
101736437
101475921
105146149
103274888
103506718
103643555
104204765
101880215
103736096
103079012
103703500
103542159
103824847
103609763
103689593
103762847
102357315
100305628
105526236
106734412
103788986
105088601
106544910
105309383
105752838
106171698
105402207
99113760
106506400
106175477
106209900
106725690
98084979
102720334
103322198
102741447
102994236
100529081
102660201
103167215
103553374
103613417
102727534
103570492
103392258
103118630
104041018
98689223
103668881
103442409
100507454
103684811
104017561
102715840
102303651
102408615
102478454
99498847
102169711
106731476
105613538
103476935
108595736
102271366
101913753
102017118
102147289
100416812
103088012
102753624
103578153
101932402
101616771
100667797
101984028
100367315
101698923
96723221
101148971
100930328
98075855
102138080
101140924
101375726
102015801
101881174
102168901
97759485
101050230
102983547
101979037
102086245
107898963
103743054
104001432
101816032
103708057
100401390
103053867
99235528
102224076
101175002
100499452
91768862
100250120
100693167
101099830
95978147
100413419
102086906
93908597
101528828
101270287
102550752
101360392
100549938
100559058
98237462
102786602
100325241
101248522
101501006
97781719
101431255
101868088
101047988
101532557
97514725
104825996
102760236
103241014
102742633
101460804
102477395
104275950
102026966
102518910
98699250
102306578
105583466
99849994
103948282
104611660
102237932
100400549
103872232
103104756
98812330
102049905
104134964
104372633
104573292
98677701
105061134
106136869
104656265
104755829
102245727
104527950
102113344
102862569
104755780
103855787
104804127
104129722
104026585
101936095
98269265
105146594
105977478
99178473
103766889
103360099
103228298
103170832
104846366
103576416
101007082
106994277
107581316
107948889
107305214
108291954
