833631657
769386409
199839063
89658715
93331816
95636657
95234333
99132175
99886005
99494840
99906007
92178283
101039031
103599287
94908078
98864686
98816351
95058216
101607025
95926290
96502858
93026263
99683596
101139079
97389588
98756467
98789745
99460664
99785885
95399888
122889399
98689742
99135533
102144101
98804539
99277061
99213404
99002363
103521241
99504381
100133627
95428788
99785347
100695654
98904500
99472590
98766498
98863119
104487233
99380665
95025122
99438190
98705153
95067637
99071085
106523321
98160812
95878696
98914012
99370412
96085052
105661353
101647590
110924544
101957908
101936312
101568518
99401236
96647458
99193096
99297360
94451625
99922893
102311385
99244337
98843664
94956376
99790839
103716246
99647956
95033392
95385688
99183499
99848779
94996390
99024677
94865392
99199983
100117707
95688483
99130949
95731596
95223639
102565862
98881620
99184914
102030635
102992846
102599291
102124474
102361690
93357135
103227627
102760899
99796459
93964913
98667813
98505430
97262229
98802838
95821687
98810181
99267743
103613381
96635471
95270734
98897667
99088210
95095440
208925582
95570122
99293554
95129855
103876399
95419814
99263969
95441493
99056779
99462618
95360305
95344434
87289232
95643692
97601549
95320569
92733602
95447585
99084893
99266260
95095997
95182896
98804828
95425679
99686979
94866432
99467127
94887822
95401038
103688100
101530148
100608265
95221615
101869291
101487139
95612349
95231512
95040797
94787571
102106987
95871083
95900494
91587824
94906860
102676418
97553289
98759890
95139988
98762006
103232972
95396166
99129929
99002658
95212391
97325253
95782117
95124213
99778679
99433189
104424029
92091985
104101238
99665132
98934149
102791248
99667158
98894347
98695406
99532437
101200356
98989296
97925044
94541486
97918651
99554569
98908502
96163615
99122481
98749046
97327896
98711226
101970595
101294828
101380579
106128370
101769944
101944381
101141268
98851835
101779187
99275501
99841043
98822847
98839921
101051626
100606180
99361136
99736811
98973509
102981936
84219689
99572724
95019064
95522916
104302619
99475340
98949981
96386146
99175192
98004878
95224966
99983862
95409973
99309280
104555143
96135809
92989902
95423285
99211791
98963652
92341707
100317327
118821241
98671554
102929870
98813876
98674513
96428619
95666573
100853704
95902742
96133331
91079699
90364475
99543096
99454428
95692971
98033501
101842722
98717527
96153186
99714667
99790863
95921801
105219722
99617567
95830515
95639991
100113589
102743794
91691567
96439416
95627817
99249140
99014053
95714388
96084693
99387150
95555034
102370504
99838299
97702767
97835454
99628403
106131040
99554689
96802251
99674631
98901884
100195475
96098210
95565058
99366999
100091594
100532434
95624720
99480922
100264006
99900358
106930081
99449242
