713077431
762868255
97183642
90694022
97435851
98655586
99781002
99121786
99337576
98593513
100275557
99315989
100448089
99246488
90689379
99391355
99909179
99263573
99349896
94234089
99269656
99313217
99648192
90468248
99576937
99680643
99856328
98864133
99894618
92407686
100262909
96559173
100414496
99179887
99654475
99079889
99721370
99292711
99301374
96535963
99191311
98887573
99170429
98573542
98971159
98832248
99489986
98958938
99888221
93545254
100216249
98987322
98913573
99326503
99394084
98910445
99648924
99074551
99336904
97230041
99343717
98574267
100539224
99183043
99338383
99254382
100301581
99769223
99733524
94876730
101008891
102024984
100259311
99158036
100260548
99486594
102013072
102633460
100244554
92557183
99564536
99040516
96210099
98945531
100189853
98863057
98971438
99081403
99297155
92257248
99923026
98803237
99313030
99221018
100132512
98559597
99334710
99328217
100246196
89337933
99122108
98973752
99724194
99302604
99374736
95787222
99521402
99341740
99621729
92376470
100120369
99138778
99131710
99182800
99199603
98928608
99165636
99202166
100100979
97109759
99054105
99308113
100075793
99280462
99107016
99042312
90945246
99299133
99302121
92575570
100109558
99218522
99229723
98841748
99292732
84507287
98778734
99243828
100093631
94524432
99427781
99567067
99528300
99097547
99649502
99239372
101803308
99397549
99656402
99202352
99985278
99338960
99263829
99398479
99166111
99318018
99465871
99365395
99303748
97118511
99688494
99423266
99843404
99989889
100187362
99935416
99771484
99379880
100263308
93421102
99939846
99486133
99656564
99309870
100540789
99073955
99608373
99779003
100242739
95460975
99846618
99185674
99744389
98985029
99479757
99174710
99548152
99460963
99586333
100234265
99815901
99225131
100278995
99401813
99504304
99191564
100691463
99173481
99860046
84269572
99197407
99638605
98878295
99519078
99187097
99483804
99437507
99304298
99625592
96035756
101921478
99342542
100423503
99875219
100475420
99244846
99415882
99415162
99742234
99216109
99234508
98966821
100346323
99402455
99458775
99289658
100326146
99089300
99378335
84878411
97945487
99184962
99734827
99393317
99410555
98978871
99785542
99458676
99370181
92481382
100528215
99253434
99818503
99239634
99602307
99194701
99176674
99446248
99208253
91916402
100477652
99142998
99563139
99330835
100336406
99455810
91184961
124203439
101797907
92144743
101634673
102284601
102548559
102106851
101076680
99565256
99640939
99338337
99489607
91746359
100348088
99526028
99394759
99538293
99119405
99744412
99219892
97694519
96902363
91569445
101879203
102125221
100142141
99394848
101496436
100035014
99148623
100165961
99166947
94606999
100143759
99267383
99132746
99359465
100226176
99466076
99126553
99373784
100467432
88400993
