394635990
648200712
189985839
92055341
95559145
100183254
100169951
105096193
98027699
97394628
97555323
98682589
91983198
98578359
91449895
99505906
92903750
103625559
98293300
97173699
97489560
97271573
91343230
97203538
97341858
90700355
97204563
100955772
96991528
97082841
97131485
96449577
93587969
97269658
98337809
97849935
97450387
101224256
97318830
97623726
97472649
97092678
92649600
96977890
97964250
98144175
97322923
103885415
100055462
99809304
100125202
99788230
92981004
97717968
97641530
84029219
99709178
103440285
100270116
99887215
100393110
99995909
94227474
97130304
97619550
97041619
97380648
100563519
97176125
97057278
97313707
97240246
93540427
97004176
98569806
97144373
97062094
100475030
97156422
97217330
86538533
97103176
84753384
88503645
97243253
83763891
97388700
101472753
97291592
99387347
97395105
98192423
92124122
97437421
98865754
97212065
98033834
101437333
97339896
97612864
98719814
97927103
100858759
97314157
97892045
97219240
97625006
84986887
97544734
97011141
97308734
83996431
87863437
97205948
97578101
80719003
97765950
101129506
97447268
95673444
97676386
97913994
93087801
98499635
98059220
98537371
97394963
101625264
98003765
95472819
97504135
97434640
100231774
97447836
97933359
99051543
97886078
93397777
97690743
97387134
98032269
97611231
93157536
97207192
98517471
84600024
98141737
98722754
97554243
97393507
97516768
99928378
96692223
99547578
100417615
99942484
100876057
105350803
97967369
98559203
98797677
97601694
95254258
98376258
97723331
97612120
97578510
101377453
98522804
97827057
97977827
98285615
94552513
97624584
98289521
80029261
97696089
101391115
97761984
97825219
97993060
98234134
92438779
98489860
99592099
98942417
97962383
101925661
98956088
99677686
98165586
97525907
98896393
98883869
98704997
97739514
97697638
101870855
97442780
97486069
97907199
97077081
93126498
98175478
98527665
86100848
97995107
102524943
98027175
97906529
98707090
97940096
98854467
98546027
98058107
98400442
97525832
102108782
97527840
97743800
98548502
98839343
94321983
97725382
98973346
98566856
97908320
101372001
89212275
97228666
98487965
97490968
94804459
98274552
98841461
96127891
98485564
101291024
98653682
99912210
99937470
99931361
91227602
99695137
99751094
99709620
99794294
99144588
98042516
97403387
97278325
97248822
95777822
97395199
98622795
97231194
97360829
104781047
93093635
97098309
98357157
97643397
89663594
96043384
97387767
95112600
98535791
101048951
97384432
97299705
98393730
97815785
91890350
97382136
100440540
97423283
97118290
101299394
97704719
98241944
97494288
97300958
94131361
97151028
104210396
97260823
97548643
100952174
98996473
98856310
97460938
97360099
95584670
97781834
98234846
88971679
97814069
100924960
98156677
98290462
