231382292
128932292
90665312
68533008
67324726
74147844
67134991
67940942
67300896
72794174
67702750
83573614
67504574
72091753
67560241
66863849
68009352
67672992
67542667
67652139
67604832
67567348
67646518
67267904
67490076
68109263
67644905
72951060
66991607
75193034
68460647
67794343
68099378
67470488
67689348
67686877
67559961
64712226
73717845
67747739
66923337
68707200
67869170
67825147
68233815
67512067
68230419
67857485
67644505
67655825
67774719
67610247
67776160
68026334
68094213
73579388
69086322
68961699
69156463
69419045
69200802
75514118
69555795
69627269
69619003
69586882
69826471
69257418
69260457
69927325
74733531
69955780
69477430
69079616
69833847
71821621
69860337
69865152
69445350
69838718
69411536
69417425
69501220
69737202
76378086
74835426
68998396
69124168
74622129
69717762
69077483
68964825
69172438
68987632
68979846
72853142
69240458
69234378
69109887
69237952
69758470
69056221
69950091
69721654
74789127
69389940
71899946
71839542
72026390
71680894
71821717
71259358
71552621
72109847
71985975
77538002
72002572
71589205
71613517
71390572
71374758
71180678
71780983
72062256
71635549
76599673
71524747
71918802
73195424
72659197
77923455
74577767
72474090
71651501
88670164
73384141
71523509
77137268
71892087
71677794
71569548
71753690
71669190
77413271
71807116
73892170
71707534
71893655
71327323
71713625
71704874
71717535
77398229
71405105
71706427
71984226
71946340
77904228
71824348
71590520
71716431
71810484
71813894
73596804
73180561
73747254
73415108
73821932
74813436
74279822
74369813
74670862
72504415
72541831
72840480
77517799
72646466
72508325
72411122
77886935
72551645
73014050
72343524
72571196
72861586
76827828
72576111
73806262
72825752
72255886
74465117
72523342
70429511
72563067
72652893
79410895
72508229
72813805
72528657
72468266
73715667
72488514
72407470
72433656
72688045
72303953
72440829
72803197
72654348
72636298
72687606
72628430
72578943
72584374
72883151
78513185
72425786
72191882
72445846
72551404
72955309
72532982
72436642
72648057
72267193
77024384
72503590
72657805
72650176
72318718
72619493
72624055
72395664
72657568
72435853
72912011
72603211
72501317
73104761
72722948
72284473
72146943
72387754
73753255
72159150
72285591
72832874
72512906
74592798
74245544
74561520
73133231
72980065
72736517
72241720
86589177
72961454
72533423
72595073
72724437
72929238
72545779
72635697
72851180
78137247
77282562
72747435
72642930
72633101
72585036
72660374
73034368
72461007
72655332
73008706
73202957
72906204
72764874
72926268
72564007
72956350
82423786
72605806
72849290
72592102
82485727
72598013
72925882
72674299
72290498
72616123
72365807
72342007
72609181
72563174
84383984
72792049
72727126
72811806
72520972
