309755758
197612839
126623835
95679471
102903642
94645355
95074292
95398108
95253554
95957776
95180582
93102761
93112382
92842867
96844073
95961406
95255479
94732921
95624837
94963911
93889557
94397913
94614354
94301713
94554251
94784307
87739710
95989551
95215828
121685091
146846260
117556260
95124552
91938557
108119227
102717312
95162555
95206189
94618934
94648387
95073732
86863738
95115891
94988269
95723103
94765482
95522169
96246957
94445876
94475311
94271060
94576118
94510499
88139330
94155217
96688924
95702729
96091812
96115416
103287610
103081331
102878487
102797001
97297320
103179982
102139069
103035040
103064992
102761711
102651435
103155741
101298833
100138913
100521843
100944403
100428771
100599045
100689116
99681192
100473019
100566552
100638539
100630741
97882064
102091320
102339488
98767158
103249236
101764269
98970586
95598946
96965810
95684752
94491199
95718342
95924500
96222259
96185053
95367215
95321845
95321649
96124475
96212480
90225745
95756729
95785173
94085877
93782298
94818554
93718117
94522699
94580229
94832998
94183192
94241560
93981559
86951803
94466799
94564026
97477675
94441581
94722271
94676808
90182026
94700475
95127900
96317960
95757948
96185070
96912474
95251871
95519842
95992305
86388860
95730405
95630823
96247013
96276958
95874887
96240858
95513486
95477512
96057442
95254857
95736513
95606230
90900858
96136280
96186744
96809102
96816168
96743652
96763862
94077488
97001938
97132753
96466302
96871976
96777297
96666283
96908210
96770430
90244386
94133418
96559842
96899401
97048420
96814096
96862457
97213699
96948335
97021945
96626741
97117689
96786969
96825240
90452255
97104647
96881921
101236336
96717805
97032732
96746430
88755495
95812345
96874287
97110329
96673768
98105290
96810171
96597702
96524198
90825086
96246907
96913688
96767070
97069863
84925706
97069859
95537127
96414042
97304033
96813906
95446191
97309688
97541107
95470372
97961930
97178805
101278069
96774084
96795939
96676015
93787414
96867413
96559057
96704999
97059333
96698482
97372691
96872072
97231785
97030842
94485302
95883700
97045349
95892346
96840974
96878501
96547918
96190774
96682253
97726239
96129933
95872455
96029700
93504042
96639954
96488013
98718116
98097615
98313626
98412927
97089904
98979243
98697225
98739347
99754581
99243929
99113371
99203123
98545668
100687250
96302775
98742596
98020146
98500848
98683967
98330486
98250214
98182755
98626154
98817446
96458187
97389366
98860731
94776559
98353267
97860772
101991234
98282857
97913278
97675783
98518314
96799717
96575953
96771441
96901317
96634105
96825877
96578809
96610958
96624254
86482885
96455953
96372507
96506187
96743007
95806956
96785314
96532360
96350234
96788687
98010086
97004435
96740669
96530193
96594441
97038019
99861856
