672935568
442884294
216463621
93383234
96178975
99230658
99022316
98688932
93347607
100015394
99396983
87140313
98845300
99302702
98816949
99182600
99425509
96660969
91818708
96537722
96243585
96158671
95849235
97426051
93368280
96366548
96891569
95848627
98843927
96046054
97909893
95997181
96309002
96616565
96471895
96875899
95974571
95988063
94845531
96000731
98659776
79370025
96291572
98383789
96080552
96014687
96153914
96841497
92859963
96683831
97059738
96288548
96398556
96702764
96290577
96946125
96874511
96904960
92237644
96381199
99451399
96290286
96584378
99285965
96117379
96248735
97332724
96919700
92364427
97930217
97357931
91842760
96759285
98944019
96685647
96654291
96599501
96868067
93858031
96883939
99246143
96502491
97670097
96978064
97387527
97855213
98174666
96375676
87766740
97786365
98350993
96964650
92609453
97667606
96999935
97647044
97589709
97774206
86908461
96583752
98073983
95681386
97213584
98100656
97799249
97414509
97708239
97281541
96530642
96971136
100065295
96636049
96809583
96889274
96476225
96737837
97312132
96879800
90656827
96454316
97618751
96416387
97061908
96895467
96470872
97168947
96324229
97234792
93751078
96346965
93319477
92243666
96871923
96186357
97511844
93600566
96707603
96365660
92314794
97292084
97942686
96390412
96368532
96411035
96578520
90211080
96941848
97021859
99692616
96793614
97503034
96398996
96588114
96080407
97516752
97711349
96543596
96263957
93870555
96335065
97706931
85621242
96424453
98561165
96162442
96343765
96311423
96764722
93378743
97290162
98046844
97108823
96110883
97190321
95962069
96089381
96720063
96017432
92492677
96207712
98181267
96421432
96651522
97035725
96906134
90920257
96649123
96504137
93091386
97753857
100115736
86195464
93594107
97024577
96684941
96664315
96689548
96825720
90033906
96757960
98536178
96478761
98385414
97454704
97794186
97002395
97362848
97160784
95951928
97859074
100359246
98411980
98223563
99609630
97058788
99306987
98581724
97643255
88367819
97653614
102086174
96818266
99087035
97911457
97556528
97282842
97207982
97092008
101161604
97990168
97711397
97321238
97575485
100087113
97281557
97696765
97611030
97360229
90024709
94442034
102260124
97407253
97054378
90821929
97287315
97592807
97128458
97275940
95349648
101012349
97141150
84449510
96764647
98290662
97266802
97400955
97564577
99447910
93239707
96698304
97622519
96623331
96918524
97353468
98289556
97373175
94517889
97531657
99166548
96726138
97111820
96542776
97015382
99550000
96899484
97657935
90572759
96712424
89314532
96606184
96488317
87498021
96757167
97724983
96812665
97855870
96888677
96416863
88681698
96657706
102139758
96398286
97027732
96521902
96589764
96460858
97173091
97416541
93710049
96364115
