235520381
135622689
97209829
84650545
72980479
76173933
73458242
77069210
78891256
76821077
77821289
77255205
76206114
75908561
76527951
85572084
76440575
76179594
76868168
76211132
75893887
76944760
76021210
74496706
75623905
80196924
76314300
75569153
76124230
76281782
76474592
78027129
76589260
72999432
75657407
76596625
76682464
76343378
76380337
76137392
76830014
76296996
76707875
76534604
79392447
76286553
76390436
76950086
76682768
76577007
76486279
76498174
76732198
76664553
76650297
77467026
76752800
76138166
76304196
78832097
75038443
76881256
76436423
77656634
75290849
78643160
77904304
77085290
76363091
75889244
77977123
76992775
78911843
72531825
72767348
95426857
74534667
80735257
79487335
74894831
80454784
75720841
74868789
79248821
74107064
75678029
74570825
73955551
74121612
75159777
71745571
75204747
74646071
74130010
74630984
79663817
75253378
81659801
74715132
74885710
74732700
74605402
74461767
85224412
74025370
76087981
74510974
75099841
74749381
74907792
74707619
74582093
74620069
77967551
77740212
75066112
74221857
74706524
74325055
74289223
75650244
77483507
77142847
78021426
77790697
78372909
77915465
87851450
77447204
78610647
76001144
78016676
77391483
78589206
78015062
73842170
73649696
78009952
77709831
78191877
78535375
77894695
77253153
77935753
77816994
77268230
77718623
82029049
77835177
77962283
77949512
77833269
75375443
74967448
77650470
75270507
77591822
78742153
77435058
77498701
74896413
77196551
83099375
78392497
78410661
79103757
75084859
78189878
74979863
75877785
75255757
78742125
75825796
78831000
75730499
75090482
74404603
80676185
78331988
75529973
75614426
75033986
74478928
74506658
79995434
76868240
76368725
80247393
78401446
74590395
75679976
75014387
73770616
79766754
80146009
75311352
73557030
74030013
74509410
73831992
80854855
74077125
75177113
75476587
75242383
76155722
73189541
74561993
82892880
77669353
81031809
74270975
73953408
75040310
75315766
74534550
79855973
92191065
75245995
75283069
75704229
75618842
76111275
75412557
73828240
74410884
73697672
74083996
74729663
79242628
73824099
80199117
74073993
75209807
70995002
75560845
78523739
78586581
73846037
74724303
74285838
74672777
79191102
80003461
75762498
74046365
77621003
77487377
75180489
75073766
76003898
75441768
75553733
75351600
74884041
75056231
74832286
74575775
75145863
78681677
74657892
75911973
75057080
75210547
75140363
75589812
75646266
78270295
75134474
75363773
78964085
78076567
77973707
74400409
80239701
78231638
78526547
75304023
78687212
75026894
75335202
75853262
75292716
74373764
75458232
74438434
75914712
76774131
75307292
75336436
75189101
74421846
80054331
73418567
79926197
75232348
64774922
82992629
78933464
75345596
