526984711
574516131
100181543
92503638
96564079
97902577
98063834
97785816
97967057
97361945
98485099
99137238
98326551
97869468
97880371
98026104
97654588
97826607
97850227
98080984
97681580
97614652
98197374
97930037
98178932
97943832
97938505
97704365
97978898
98170501
98222114
98421107
98305731
98169778
98136703
97972368
97776246
98074783
98051489
97813786
97620483
98012634
98124944
98045323
98120249
97543436
97977637
98212675
98106909
91578692
97882187
97802019
92590985
97669203
97988587
97750220
97900117
97466010
98545599
91454425
97834847
97904933
98687025
101976820
97965015
83233037
97673915
97767029
97896293
94423161
97919291
97535989
97434088
97838408
98160752
97924924
98277770
97850927
97420695
91395567
97971905
97514155
97871717
97557444
97797168
97779020
97647763
93559944
97728036
97576597
97920852
97895622
97522223
97939776
98016710
92973103
100223610
100161206
100458242
100340338
100507423
99995848
100586704
100429843
97715748
97522916
97695105
97402955
97770252
93735937
97711066
97680448
97503059
97644938
93245218
97640060
97457532
97542918
97720484
97764439
97715374
97440778
97345069
97961628
97533208
97533160
97447034
97416141
97745673
96947918
97961877
97501874
97712284
97967796
97765872
97976539
97824710
97477969
97525025
94105186
97369172
97617981
98044207
97719622
98154447
97422726
97385142
120428610
97579710
97140165
97635635
97649230
97867383
97679369
97697889
97622957
98166662
97544237
98228988
94174710
97744580
97632455
97507631
97750000
97531684
97965262
98111834
98576922
98419012
94267336
97990494
97697110
97466818
97477756
97384290
97851349
97484179
97886670
97315754
94116313
97953865
97729868
97592735
97974971
97859396
97466011
81487944
97786659
97512559
97226229
97572763
97646351
97717203
97247198
98024594
97421600
98159380
94103240
97634150
96481517
97949898
97540612
97821687
97920721
97890005
97519908
97714425
97623481
97748028
97885754
97832659
97722569
97788733
97641472
97780327
97791874
87738263
97670223
97575882
95151241
97628563
97822068
97381180
97731180
97879738
97793474
97418158
97485353
97437133
92562858
97668558
97658867
97824243
97589840
97721748
97758271
97675989
97550373
94458488
94716733
98061435
97428324
96974099
97418935
97658149
97190160
97664492
97925606
97703800
89092775
98832166
98058464
97648006
97467409
98168165
97873920
98002845
99452713
97005627
92861431
97545471
97887448
97352034
97526953
97682619
97660217
97626454
97098365
97599245
94771627
97898960
96552207
94938728
97438034
97741550
99928694
98361378
97690627
97691614
94835590
98170187
96817298
97847222
97183653
97598360
97869548
97946810
100209208
100193641
99484592
100079658
100229337
100025990
100097721
100338462
97419808
97690554
97334917
98052146
94405611
