311601766
199252878
107368162
100130972
106036306
93470354
98790692
98575248
99115516
98369256
98987608
98655248
98860509
98753000
98561828
92264415
98545091
99016813
99149247
99159987
98900730
99050550
98976139
98761209
98821842
105325744
106168458
99048014
98731845
123758620
143095946
126081442
98739532
98433007
97479268
94907184
88194038
93714139
94643450
95570717
95079446
94114657
96148215
98065020
93963227
92796061
95184010
94992899
96130992
95548143
95215770
96347716
97835906
96884429
97013292
93629293
98392151
98080022
98022295
97507751
100199797
99321396
99592135
99192850
99368776
97408671
99319116
101086946
100474824
101346499
101860231
99112977
99246718
99098270
99536646
96574702
99423015
99662938
99782624
100432401
99299416
100978245
102854227
101819072
102572649
103034023
103116440
104600120
106293578
105659599
101581674
101708812
101606274
101669004
102894967
99005062
102417963
105586563
103186970
103825413
104172636
103278723
103770527
105881620
105004049
101283167
99118620
104629738
104313671
104668256
105492810
105179299
105465316
104309852
105482245
100962194
101841373
101654666
102316328
101741149
101981098
101728157
102140166
101735524
101891933
99970478
102385416
101141099
103987947
103203447
102314703
102820343
102811309
102127473
102435291
99236653
101315639
102686669
101871790
102433764
103945883
102379168
101352367
101866619
103068936
102635863
102935064
103139373
102824139
102084120
102287057
108894676
101640090
101727332
101967632
99202151
102851666
101252644
104498651
101933559
101199503
102098748
104287988
103841684
101337502
98908557
100908061
102483087
104593236
101986396
102373160
102209912
105015574
103502607
105003045
98004225
103945426
103890931
103609550
103804700
102826141
102917667
103399917
104325369
100938408
101385180
104095370
105054304
104880043
104790146
104825914
104191377
104466321
102521540
104468170
102665105
105481295
102545642
105939038
106053499
104709495
105463228
104367569
104508719
105354823
97622795
103871036
104355798
105640463
104315201
105534226
103945304
102872699
104553290
104219477
104161888
104084326
102986881
104334744
105045100
105686726
104408247
104901337
104774969
105862812
99156390
104287190
104550192
104975143
104523726
104647883
104145595
90365245
104722317
104302862
97166454
97026692
106892684
105983669
112494717
106138459
107351323
105733504
106499512
105869305
104120027
106842785
107336767
107232416
107172890
103942167
105653465
105776012
108875637
109657797
105478051
106878828
110366828
110729473
109926700
109759933
109535759
109589650
107962000
110359347
106378652
104514833
110127431
111088105
110831062
112516924
111275187
111451951
111319965
111486584
107636352
111032929
111036049
96875415
109451011
106113332
107071451
106380588
108818600
107155456
105983311
106011752
106591677
106483474
106813281
106577637
107805870
107818180
107653814
107066136
103625168
106887410
107108853
106604006
106006014
