223664299
121483762
90707033
70135214
67128620
67537286
68272239
67634630
67480204
72375888
67470740
72874935
72403070
67433016
67669772
67633585
67466421
67665458
67757582
65567372
67803046
67403878
67470958
67379566
67413744
68002639
67583574
67334407
67622325
65297167
67490720
67477743
67796368
67819606
67465360
67604277
67461294
67767486
67402424
66625540
67707405
67502252
71899862
67917703
68015551
67355062
67532818
67551927
67577135
65704547
67333807
67526168
67625307
67428889
67435055
67719618
67781480
67523984
67617204
71834969
75947558
69599588
75592740
69861084
70350238
69964665
70198006
69625782
69834273
74609636
70251453
69908218
79888726
70034162
80030791
75770828
69930685
70353244
69864896
75482738
70125455
69858109
69889484
70034604
69700926
70061216
69663168
69630907
77220168
79673555
69750359
70013044
69902238
69588885
69832440
70047969
70409602
70101399
70335937
75188673
69915764
77095197
67219327
70547082
79513677
69801762
69925944
75473097
69968960
70197371
69999867
70252159
69402976
69789186
70034175
69870500
70185283
70084154
70021644
75516196
69979969
70104315
69176913
70073887
69984006
69311904
70107030
69757193
70027621
73776817
69857587
70029929
74129687
70235401
75266273
75343228
69742405
69526515
69776868
75323785
71397382
71303301
71265745
71057030
71083613
70757837
75236221
71327992
72017592
75496679
70954948
71215918
71271981
70915418
71929407
70320283
70076154
70157646
70191235
69461862
69295080
71203004
68903201
71195168
70984539
71525317
71363413
71520597
70972087
68607077
71918009
71263808
71077759
71505410
70540370
70327477
70617044
69633713
70417980
74333255
69659869
71329705
71630463
71255231
70960952
71003652
70508637
69874376
69890692
84997872
76755287
76456715
74859141
71429446
71417781
77238412
71291305
71532384
71341522
81275849
71171156
71254023
70236732
71457898
71256701
71039344
71211108
71824479
71934791
75757887
70585203
70876225
71626188
71119656
71305611
70895971
76893666
71569012
71469386
77765083
71381911
71066673
67653726
71442126
71327736
82014634
81424762
71520697
71530413
71691924
71868855
71398605
72170163
71810415
71850688
71857769
71731319
71310701
71648089
81202192
71706512
71707775
71489145
77149039
71767267
71655536
71589949
72269635
72097162
72126662
71321600
71390159
82085044
72316788
71478725
71403425
71770632
71928576
71924977
77366912
72029743
71771986
71620272
71794879
71529496
71593679
71516596
71922780
71869348
71985856
71423975
74177669
71982443
71410629
71757434
71470625
71629808
71716727
71578788
70975854
71742993
71982786
81184757
71865640
71665606
71709652
71400822
71734058
71665287
71631138
71515847
71330580
71616778
71520552
71014551
71682833
71516924
71832438
71879499
75143442
