307977408
203241633
105180845
102172816
104741012
101211211
97586140
100066214
101273488
96872416
96935016
100708724
100589429
101528820
103288521
109347409
103040753
102848309
99490715
102024432
94344727
102010445
102485181
100497264
100851805
104732676
103956806
103744029
100278489
130831481
123616518
119700289
110182834
103161180
104022937
104558298
104342024
104468499
104380451
104496880
101890776
104274366
104104613
103768297
104260575
103992010
102534823
97613732
102937513
102626759
100454806
102523159
104113868
100856139
103952985
103759174
104135044
105666392
105426838
103522397
106727595
115023751
106884251
105877406
107246670
107182924
107122413
107068403
107332759
107064330
106655168
106876200
107181954
106942472
107091387
106835903
107149051
106767991
106944271
106683957
106620126
106798816
106937763
106952591
107017080
104990328
106034300
105299987
106613054
105328985
103961911
103256135
104438584
104251395
102622712
100647327
104455298
103939550
104491737
105033098
104779354
101539039
104950450
104641460
101510758
104397467
104434591
104164116
104303869
87311303
104034295
102635267
104527653
104579785
103096552
104216986
101343555
104885089
105387115
106877361
103376750
109942241
103183159
102471684
103122787
103885733
103219318
102053806
102657939
104941559
103286547
103527382
103462163
103419867
103932476
102454924
103663516
103999072
103332808
102104506
101070542
101103013
101312980
102355621
101083279
101865890
102422809
102054325
102659264
104461878
101499857
100702192
101260494
101939097
102094034
97450596
103891841
103769421
100844149
100861344
101488937
103963469
100464819
100025587
100331602
99801887
103995808
100370473
101966549
104469232
101952828
99763079
100327812
102324770
105272705
104723956
105929179
105366721
105713168
104185568
99707750
100203353
100292162
99118741
100243879
99519149
100334279
99184264
100651866
101364685
97553242
99962353
100185835
107228137
100644082
99178276
98296124
100109247
93482465
101808324
97588253
101357027
101269550
100909853
101126446
102219200
102466541
100866572
101234192
107895503
105783834
106263980
107582545
108059216
108530356
108189595
108168562
106123215
107762917
107744149
97188001
104655868
106203852
106527977
106397452
106116901
106721573
107016114
106807682
106254551
103291534
105199845
104308493
106518223
106151266
105749961
105509602
106833319
105871766
102131362
100814489
101476375
102397359
100986831
102982369
100609222
101162597
102443464
100711788
103872794
102061506
102082773
101952436
102388807
102804247
102042031
102393369
106672254
106053071
106577230
106003434
106011046
106122383
106533608
106101953
106090287
106573418
107110410
107033758
105260340
102942454
101867981
101917254
105837515
104960088
103965091
103769628
103956715
104034509
105534973
104285834
104569950
104264256
103818856
104114448
104654904
96550957
103231197
102684029
104053362
102184280
105177196
100529926
103811707
102688108
101747513
102083765
100385638
101204012
103724764
