225580294
114551318
82854572
73808943
72054642
67663472
68075861
67801344
67468701
67639406
68422387
69195507
65703318
68023770
69625837
68464201
73264821
67669079
68162378
68916684
68784170
68676458
72670622
68917011
69461449
77380492
68393685
67592183
67708035
68407215
68103034
68834746
63643984
67891828
76887678
67728825
67640028
67680413
67776084
68314134
67657783
68077237
71628930
67960066
67942456
67669640
67560916
67852306
68033327
66825374
66775133
66653601
71286509
67520111
75885767
71598512
67703102
67745998
66966992
66657987
67265084
67795954
65273520
67230944
75947121
67313795
67676523
66558308
67274218
66961232
67378373
67716889
64383995
67705966
67585612
67838825
67740250
67560103
67904838
67772590
67913235
66929293
68730304
66776539
67703066
69305791
66711006
66488967
66578898
66497265
66579293
67031321
68869038
66678871
68154016
66768606
66454589
67083944
66423132
66644689
66780605
66582777
71072771
66638001
66592567
66469299
67128780
66599297
67548103
66631180
66787281
66608823
75617991
66620764
75721561
75357817
67256977
66578004
66855410
67059495
67025391
66753090
62953575
67321741
67919282
66976833
66918659
66585799
67073701
66925114
67062611
68390046
71401712
66937862
66644230
66541167
72889601
66743691
66524985
66837908
74013381
66750067
68461641
67331257
74144987
79153955
72223230
66915863
66911069
67990050
66930633
66937428
70289211
67049144
67032639
66892652
67002443
67792183
66995568
67281720
68106257
67887940
67153059
67807836
68185189
66683799
67356254
66882024
66764122
66745626
67210180
67417138
63910127
66697628
68730868
82458434
67704936
67705473
67963922
67815919
67841633
67963786
67521545
66856537
66742125
67213620
67750084
67269928
67920384
68447215
74074238
69125616
64825437
67713913
68297239
67797358
67751337
67712028
67612382
67658298
67474154
67687005
77656183
67876552
69302520
67823567
67388953
67442610
67409803
67826198
68480578
67617830
72532125
67440149
68332778
67681932
67446010
67840833
67687866
67887342
67655655
68902044
67467736
68715876
68188283
68072101
68640188
67783503
67656485
68640203
67775897
67281715
66384220
73051557
69292107
73857445
67922597
67713836
72860294
67726506
67708784
67630622
69509090
67659079
69809955
68198497
68932613
67444300
68113629
72983588
74192147
67639456
64122814
65614206
67872848
68149968
67623298
67861578
68291212
68994096
75977547
68466306
71699677
67575280
68816038
66105692
68643107
67889492
67582652
72905523
67099088
67875051
67345732
67455778
67484013
67393623
67289171
67365830
67176922
67609577
67623969
67293833
71321656
67625458
67602279
67792977
67503874
67237962
67318143
67452965
67423641
68147931
66405455
67347454
76989291
62313105
67431919
67135544
67808812
67308429
