235320459
114978872
84560686
69659141
73937192
68252190
68181937
68290303
68370026
67969551
69086799
68305084
68317074
68123729
81793037
67815000
73214707
68213457
68369128
68297270
68859960
68162652
68297539
77379876
68296560
67957807
68516562
68450216
68688963
68725635
67921958
68175178
73626365
68085232
67274904
73722346
68082720
74576291
68061510
68215452
68116229
68067274
68164365
67879901
68451906
72316244
68064351
68162741
73498696
68329253
68237779
68070295
68258547
68018290
84032268
68214390
68115579
68469353
68032763
68118676
68095090
68058209
73842111
68010735
72441841
68196883
68275721
68323746
73515472
68001849
68211816
68210061
68048081
68019999
68519733
68487860
68005332
68197789
68617044
73692675
68409440
67918254
68464731
67887656
74181441
68083404
73458783
67893006
68598669
68051059
68326716
68274757
68297756
68200118
68601389
68256157
68129056
68155274
68179743
68433860
68498377
68061617
68295033
73335923
68612829
68171434
68895500
74000075
68269138
68263714
68364054
68113792
68459914
68545468
77175021
71040812
68412927
68231676
68447169
68591281
68229678
68324915
68270813
68628167
75756371
68754208
68135384
73926222
68193818
68071481
68368224
68160690
68064529
73460888
81803716
68884412
68740672
68885465
69393196
68859522
70334992
69924833
70015268
78462038
68375054
69905110
69933672
69460844
69890318
70089032
69357134
75397826
70082357
69734266
69671785
69845980
69889490
69144329
74860297
74676190
68784664
69498585
68838521
74244199
69164019
68916005
68862361
74209421
68863887
68803623
69019573
68882623
68800924
69097690
68744885
68924917
68936520
74193210
69216064
68684795
68618416
68897861
68829196
69002364
78774721
69215891
68922270
68564908
68736583
68390974
73876178
68892418
69199109
68879389
69015094
68400939
68842308
68916528
68810984
68918779
68832326
68764436
68609327
68822446
70072092
77646020
70007137
69431720
70082214
69893984
70028560
69751972
69191814
69198283
68165645
68911109
68781755
68811432
68555433
68983509
74844022
68701534
68734009
68709228
69075114
68911814
68960356
68616262
68734263
68951911
68737062
68718561
68848251
68707514
68991790
68862792
69245099
68720330
69046724
68901206
69284729
68829876
68955034
68781594
69120129
68977446
68805100
74151313
68077149
69161136
68909877
68813207
69175877
68708927
74041475
68795054
68825158
68761057
68914609
68828721
68856306
68391578
68548305
68627028
89746084
69403038
68201634
69103636
68654838
68823846
68625707
68884486
70066581
69905015
79451386
68947684
68877243
67947984
69839982
69889455
70145008
68636808
68712699
68766957
72761604
68862404
68795854
68875004
68794862
68350413
68834961
68973538
68853494
68922704
68829944
68525729
68844146
68627401
68886152
69019873
