604383040
560370808
92095843
87215100
97732413
103530600
104982341
99711582
100631954
101700814
97459786
100942185
101768116
101939072
103046367
102248851
103821026
102090337
101630962
102412351
102190236
105850962
101595427
101583359
102001751
102274832
107840996
102624372
101727574
101743985
102310076
106664871
102084323
91925431
103752463
102096466
103550979
103591694
103502785
102195349
104597335
109667273
102813260
101778145
102058394
103411043
110256355
102898241
103502695
104239194
106345958
111282873
103051796
98943924
102614665
103338148
197782518
103769815
105040453
101535854
103375389
103577899
91993809
101684604
103495533
103906447
108341698
103936766
102621235
103649825
103600523
110093972
103300621
101560478
103428616
102914570
107547124
104473800
102511648
102894792
102356536
98844717
101494760
90130891
101817762
102206029
105466462
101783400
106668871
103061932
103215771
105875060
102859708
103163253
102557416
101771181
106202815
102089771
102899463
102448997
102797059
104627214
103765310
101187935
102748459
101806952
105642038
100762505
101638510
103200644
101847652
104891080
102101791
97407645
103188452
103202359
104979221
103552708
103048102
101567997
103613032
103569606
101976383
101777246
102911768
103443499
104614655
103445123
102268312
103035505
104789664
105636920
103030250
102642807
102994842
103238924
108670239
102659028
103018042
103547620
103311568
108570075
102878272
96507360
104095462
103153762
104641521
100792904
101557792
103265395
102087247
103475258
100991780
103110539
101882619
101754435
104026368
102565621
101521771
100713091
101753158
104691568
102198635
101166234
101627449
101525033
108470983
102018244
102919497
103037263
102912965
107974754
102373928
103009023
102546842
102964566
103710755
102448195
102496109
102289732
102729206
105091031
102607449
102115842
102366868
102441469
103642059
102749394
102736227
102121975
102127225
107251443
105796006
95726083
105654059
105799329
110628109
105827465
103573759
105716276
106416890
105038871
103009452
103169461
103559087
102688906
108452152
104514576
102985075
102869847
103123509
109664192
105518106
95816858
102687756
102927369
106869474
101749622
102436220
102961423
101732169
108750527
103084115
103566133
102560474
103223501
99938043
103216144
102736518
94944795
103883389
103637302
103424170
104046773
103976789
103459248
107705620
103795486
101963878
103955459
105349529
106166235
104301654
105694545
104286678
104633053
105190947
103850771
106430468
102155927
101175873
105622795
101783632
100341673
104169093
104412235
106783556
104689964
104390622
103811533
102970194
107646513
103576400
103179095
98964732
103276769
102543166
101961694
103237814
102457740
105501229
107693889
106932483
106446464
106548621
106060880
110598614
105259092
103351378
103800843
103011134
107637897
106819443
103912816
104852911
102219729
107002705
101859785
102450398
102151013
102508462
104211697
102772639
99306569
102604269
101815734
105053996
101040259
102459799
102073953
