282776545
202659853
120488435
95476164
96200227
95862597
94628016
96998059
94806433
94860507
84559188
96695451
94369428
94451379
94735335
106385071
104105323
97032078
96569196
96770619
86810977
95145265
96159722
107425585
102053882
93481441
93915900
85768104
93633117
133221875
96343574
95201567
93548869
95259645
94965939
93866752
102382049
97566289
93678224
94413273
83634586
95548671
95805298
96259453
96356618
96445240
94876467
97230336
96057916
94808323
88178258
94832907
96756365
95378651
95195979
95531989
95129477
96808964
95988986
97587607
98091432
102885962
95788941
96319876
94922488
88005125
95547937
97175169
94981438
96393103
90310625
95399277
95036779
95157315
94871975
96289319
96269749
96987641
95806508
94866403
88378637
94253264
93098775
94839151
94908781
95161425
95099305
97413019
94463383
95194501
87512789
104921055
96351326
97921889
97477303
98018494
91506652
97828008
96774595
98225349
87266756
97881755
98883183
98319476
98315953
98704049
98522676
97453165
96136407
94896746
86469841
96995951
96026000
96932569
96293096
96016086
96132568
97501818
95849067
96528027
86234724
96454310
96585709
98125271
97837757
97745572
98193980
102218817
98133587
98072984
92739159
97801999
97473509
97848039
97307341
97600124
97059081
98092150
98006729
99730038
95399942
98721361
99004831
98832028
98574047
98759532
100487786
99207038
98415334
101218812
94565921
94738833
98827890
99904730
99787326
100065055
100673658
100522497
99828622
99823515
90714143
100413828
100228430
100445462
100902014
101445928
100438481
97490778
100841948
101184143
91584987
103449024
101127763
101971638
99957073
100380837
98626885
101110948
99704948
100544958
93083704
99339769
102344138
101892071
101263237
101320192
99546514
100128170
99254857
98226105
91361627
95517413
99016015
99437755
99286414
98825845
98094324
98925584
99045892
99310144
91673130
97845861
97983140
99821847
100308905
98771797
99158176
99026939
98583791
100907984
94723427
99130313
98611515
97809923
98455992
98454288
97940506
98911474
97971369
98002430
88306686
96472181
95492698
96561722
96502801
96672733
96549348
97368669
96623011
96698762
88327532
95329386
96491570
96298394
95371278
95269219
95749253
96795386
95731515
101826771
90888495
95605952
95730621
96103482
95650106
95415312
95394257
97408598
95492555
94904792
89461844
97166944
96344136
97967482
97644652
97429209
97345636
98236756
97307264
96476204
89998955
96809506
97359354
96129281
95939209
97294117
97483779
97115179
97464788
98832368
93040154
100620814
96163657
100941283
99854068
101451176
100336477
102021381
100851856
102319424
83930388
103048687
100555809
101840168
100130497
101562917
100613704
101226870
100167793
101142581
93556625
103013214
101767017
101774676
100302293
104926054
106506939
100401141
99561298
102504271
