224151786
122440054
84540539
69110839
77826552
67161226
66664882
66784018
67324406
67263129
79396890
70685314
57679478
67049891
66823901
67448821
67128457
67294830
67544693
67307790
67443382
67052713
67489708
66887053
66967858
68149991
67318498
67142492
67219775
67076636
79215281
67238721
67251755
67561894
67176972
67880897
67773422
67560158
67457879
67537518
65950144
67266288
67253162
67547664
67684529
67461650
67403797
67171802
69058660
67145706
67350550
67831034
67630757
67649083
67222567
70467329
69489144
69790867
70281432
69629466
69425517
69478370
69487207
70419938
69549187
69741083
70555909
69589272
70113868
69506917
69565157
69345784
69681715
69605454
69574478
70610225
70244069
70365576
69706870
69971519
69889826
69754440
69713204
70273772
69583075
69744931
69607855
70368344
69606005
69496679
79702546
69886259
69575696
69877464
71562834
69859069
69632978
69562387
70415575
70679271
68379166
69611447
70306437
70193009
69644647
70611578
69509671
70517755
69718924
69549732
69556646
71283252
69486761
69771434
69740790
70808444
69316136
69781175
69791841
70089494
73690809
69487711
69333725
70010111
70035868
71467938
69905542
70434702
71237174
70139099
65011951
70869289
69872111
70362807
70737459
70503187
70802478
70700232
70757116
70634224
70120311
70978059
70174195
70344652
69830363
69968656
70795412
69935138
70252043
70061812
74888522
68981141
70274160
69777664
70890301
70368436
71240184
70234117
70833913
70198894
68362252
69973946
68743754
69900856
69815336
69667594
69534182
69548967
69480116
69397862
69625604
70027662
69702375
69853457
70978047
71603154
71751999
71828671
71012769
70393825
84109438
70500133
74738682
69888535
70893121
70979870
72350129
76019672
71304783
75919851
69781593
69618723
69404487
70066102
69950374
69738687
70112549
70550780
70597121
70280157
75573576
71220151
70141021
71424566
71076026
70116026
70860744
70702315
70406428
71507824
72322922
70946481
70587086
70528120
71374205
70502878
70457841
76147574
70400574
70470224
67613253
70053907
70387677
70625757
71277409
70616863
71121963
70117842
70412322
76786760
91164201
70299691
69970077
70394835
71574604
70453366
70814106
70746381
70602383
70784992
75789880
70670635
70241770
71124273
71290728
77024862
80364281
70619411
71365053
70609149
71171826
72145230
72434382
72556537
73240850
71142429
70176988
70706497
70528890
71115131
76427665
70051914
77551634
72011179
72779408
72191202
77356617
70322933
70707795
70346653
71488527
72629214
72370819
72564392
71778053
70702692
70230070
70450429
70693641
70692282
70527316
70392877
71250490
75010631
70501443
70620977
70869592
70937217
70516017
70389760
74942132
70705614
74539773
72401595
77039450
70754515
70653023
70603308
70427655
70625024
