694709520
377209196
90550591
85429282
84723884
96476997
93843898
96505872
96077491
96401782
96398318
94603199
94176347
93910261
93783531
94808100
93569765
93740474
93802134
93534180
93594328
88139466
93468824
93838480
93680373
93929378
93459250
93836764
93705042
93871733
93217176
91100532
93799590
93487198
81808731
96822983
93610203
93253148
93479329
94061355
93422122
93851421
93326164
93556221
86410920
93836353
93431978
94018740
93922625
93886994
93646895
91611144
93628256
94643432
89542155
93894164
93931950
93659715
93798315
93780092
93891282
91518905
94809618
93768495
80371108
94078778
93632559
93884868
93840167
93671967
93463836
96910582
94234372
93888748
93885683
96901261
93721410
94317188
93855338
94022764
96984024
90458862
94276152
93984335
96078438
96929263
91836367
93878657
93916731
93719967
93589099
94728682
94079285
93752019
82823813
94306875
93871291
93949388
93867877
93765033
93969958
81460918
93707677
94087522
93579723
94150762
93472792
93864620
94016424
93832478
93880485
91699278
93692324
93736944
83699872
93827053
90438336
93947961
93713036
94398220
94696830
93036600
93806084
94071371
89955763
93864201
90846163
94215515
93882916
93897403
93693957
94279959
93924073
93738954
93751865
93990237
93515814
94147030
93942119
94079042
94070651
90076694
94247075
93902742
93597183
94241828
93925319
94147918
93747743
93951598
93951099
97674564
97153685
96944790
85870086
96655417
98061766
96647598
96445516
93944355
94020849
93305303
94045431
93938798
93754624
94290430
93902047
90643066
94349816
94543099
93878236
90726445
93622154
93984510
87322374
94151739
93617096
93940475
94207816
94122625
93847806
88673672
93698801
94190071
81984162
94048257
93915640
93676012
93843536
93954172
93814311
86373005
93802625
94287867
94188147
94208070
94845559
92460082
94159590
94358036
94091241
88843534
93602289
94184784
93781501
94033282
93986676
88854294
93766505
94034829
93588249
91627155
93838101
94034103
87198911
94058472
93616252
93696961
93728837
93623501
90393638
87538051
93319581
93574266
93409523
93559215
93425614
93385965
93739584
93585481
93695290
94547950
97211859
97600245
97135611
97425056
97722164
97665558
97391266
97306745
97478781
90529050
96931769
97226627
84097936
97074638
97197835
97351990
96920917
97097809
97136411
95193564
97035845
97324146
97140498
97584625
96887706
100157256
96973809
97093015
97117883
95340253
97108087
97345953
98172987
97328564
97442446
97127420
96977173
88100259
96909623
89796113
97539153
97223094
88766612
97001072
97024247
97063398
97115318
97215220
97311576
93780229
97264278
94174499
97127941
97155255
97178216
97481240
97198125
97261380
97767065
86360514
97383716
97028270
97552328
99725218
99639150
99716762
99933945
97866591
