230915970
114821451
85534187
76767784
76994793
69441965
69230413
69247382
68853150
69346407
69163499
73454453
69326411
69201264
68198584
68366640
73488656
68666677
68552411
68252260
68236890
69404171
68480814
68069548
72406677
68209876
69274841
69397073
68997200
68727430
69323934
69354842
69154609
69012088
68671592
69225434
69326394
74789329
69723153
70270534
70636920
70311064
70438392
70184480
69775435
75451263
70094886
70400863
70269273
70239769
69965311
69405390
70488157
70314971
68582710
69132766
69329237
69410163
69187157
69186060
69416405
75702628
70327799
71076710
72126988
70381575
70291110
74102173
70777444
69555870
69400978
70521871
69058887
69662234
67020219
69435960
69288029
69374272
69443947
69315004
69258079
69653064
69548092
68652636
73274839
69388271
69531273
69371989
69237839
69164317
69272818
69224503
69062277
68599943
67872469
68158772
69272346
69259706
68427760
68531729
68174874
68123693
67781927
68136379
67381005
68488393
67963002
68046104
68210369
68063475
68029808
68142078
68235148
68174706
67867968
68215525
68355370
68347616
68242514
68390726
67922610
68267579
68213922
68165593
68520100
68166528
68521755
68533397
68220870
68452346
68354476
68245877
68346101
71839642
73643632
68341886
68226178
68551406
68134177
68352303
68537838
68300635
68196260
68157885
68618703
68345466
68533801
68344842
68367435
68368133
68466479
68386657
68220158
68072875
68121348
68511166
68042348
68651326
68538854
68824684
68324895
73470439
73740322
68148120
67550145
68652254
68041005
68401080
68266051
68291347
68188846
73552304
68375195
68075994
67862510
68265864
68067074
68155154
68217587
68101581
68169077
68367340
68320463
68064456
68463465
74000537
68106814
68044449
73669856
68100268
73430470
68796518
68256164
68679541
74526642
68173969
68323013
68235221
68295269
68445461
68457338
68342444
68415608
68265972
74321240
68443264
68492662
67533616
68298665
68433912
68608975
68294025
68389215
68173170
68359218
73886051
68287143
68320224
74462127
68226741
68486333
68177218
68120971
68269187
76746023
68246435
68108045
68388076
68486302
68474589
73876181
68171751
73439803
68586258
66673854
68725441
74023275
68079281
68064595
68892717
68443800
68700621
68177044
68169807
69293165
68480626
68286881
68292971
68701732
68126718
68329975
67884830
68259032
68121970
77537589
68072938
68456010
68211914
68735810
68293514
68400086
68152504
68164929
68065911
73203174
68382965
68228659
68511519
68178388
68101957
68290135
68365541
68082702
68250512
68416353
68049520
67936277
68578118
68774954
67610867
68386255
68641298
68484742
68425007
67339326
68057580
68149146
68587555
68230046
68263423
68331761
68233125
68288119
68114089
73014813
68332607
72575673
68272081
68265636
68818267
