784310696
672172796
95145947
89847363
93417735
96662181
97143584
96904339
97790522
97021652
97317142
95863352
97088471
97166934
97236610
96999101
97113676
96820561
97448147
97123557
97184296
91425562
97170369
97383805
97163455
96882918
97750881
97122686
97317552
97094205
97598670
95395739
100066189
99533958
99399290
99619068
97632278
96816931
97038708
99679290
99578366
95683943
99063166
99576737
97381895
97289229
96846839
100009423
99610982
96438910
99591839
99419175
99849821
99425949
99672014
97327355
97269413
96763859
97103967
97284674
97431820
90424807
98202805
97220697
98737840
97112004
97193061
97005965
96864339
97135306
97174691
97088418
97035986
97449168
96850162
96996275
97651841
97105165
97363380
96902862
97343644
95625254
97376613
96977074
93549575
97421957
97350201
97391555
96918526
97365043
97374976
91007832
97108820
97176720
97562950
97126830
97589209
98191374
97252221
97367465
96905617
93208501
97202409
97130018
97120642
96770494
97252926
97173719
98633584
96938046
97111257
90997483
97353720
96641782
97174068
96827354
96605296
96559630
96677068
96946109
96756817
87925171
97589017
97059917
96976895
97591362
97041683
97140975
97043561
96727690
97040846
96591371
97423737
97076566
97079581
97596468
97701496
97052352
97459620
97239742
97296130
91738734
97362477
97447714
95599879
97414664
97375363
97156394
98397046
97333787
97494890
88025487
97348833
97121917
97347091
97113517
97658781
97177714
98225087
97579688
97021308
97648395
97396107
97545866
96973967
97466661
97273259
96885369
96802234
97504712
97034393
93893827
97440400
97132693
94142737
97171297
97992146
97265164
97326082
97272994
96944947
94459800
97301499
97070363
97284915
97108939
97563167
97123052
96320387
97063321
97113288
91424203
97247636
97227168
97191523
97337604
97707094
96815429
97225749
97782132
86993252
97765852
97331602
97661098
97137206
97050914
97039664
97354149
97287832
97301473
97444420
97119790
90306397
96863849
96913029
96758777
101112773
96897106
97040663
96666539
97297237
94776708
96829176
97180148
97065769
96990485
97680109
97185963
97053354
97034076
97371292
97320966
97181789
96993652
97103313
97003125
97345134
97208433
98736758
97224594
97058767
91093707
96972175
96757749
96973932
91314863
97062921
96904105
97246089
96923872
96910024
96621832
96828964
96971101
97333954
97341258
98979621
99788099
96763267
97277218
96700774
91178205
97327920
96998192
97069632
97485151
97144015
97151786
97125636
97338166
96804773
97226042
97149988
97292173
97088472
97049191
97235973
97114056
97369408
97245152
96936879
92687891
97152519
97283126
97147406
97248402
97076560
97437238
96996368
97038610
97505188
97331103
97542736
97579997
97018824
97348289
97004509
97754751
97150919
97385908
