331510004
199376833
134982464
105746315
108184777
105420040
100590009
99758244
99522361
99773571
100979272
99768244
98649205
100655292
99601953
98853121
99045621
98030585
98580540
99035579
100102765
100366501
95243397
97850332
97764633
97195385
98493232
96553699
98493670
150595472
132227306
104948903
97138374
96034815
96747437
96398151
96314022
96478489
96385812
96484325
97190835
98486358
94064228
96571392
95730003
96388345
97095289
96638510
96264603
96020041
96174876
96472545
95821855
96510795
96714325
97058527
95923016
97136710
96519078
99394529
106074980
98766435
94563670
98516436
98052217
98536571
98103279
97951169
99232879
96182601
100236806
98786704
96482031
99159007
99503856
99025638
97815081
99208651
98612177
98834172
98916818
99061256
94191991
99494635
99589971
100060042
99231311
99289402
99797231
100341187
97661819
98553162
96424248
99233707
97172154
99244286
97827142
99162117
84325250
97936264
98225575
99087093
97338282
91603030
98106755
96500974
96613948
99011151
99161746
98034545
98493417
98837008
98030545
97488609
98903776
98022212
99009117
99824079
100779455
99807732
101937030
101315876
89689670
100845224
100892722
100151759
99083648
99857667
98130240
98543502
98299738
99223159
93191924
99081240
77501971
97995971
98779261
99400552
100098432
98383639
100054849
100594613
95176491
101627688
99224042
102031230
102178266
104587520
102444582
101460362
101038283
100431613
94122784
100510334
100507520
101266970
101415405
102330100
101027111
101617207
99597061
101482476
95473584
101300019
100998649
101961624
101444465
102418871
101420558
101058338
100614552
101241840
102259816
101480095
100185747
101561223
100118500
99496432
100440269
101827246
102169763
100829933
97780592
101165747
102095644
100845318
100165289
101767507
101198109
101163117
101527578
100856264
92523624
100646974
101690823
101274829
101397784
100386720
101765362
102133102
100850107
102401610
100788708
100724842
102538829
100365155
101846232
101568034
101489189
101535493
100827907
100541877
98451095
101540627
101319003
101774413
102198192
100550293
100210589
101839645
102250234
100354051
96719098
101297792
101303057
101298801
101241077
102151033
102077309
101979366
101141173
101299204
96066819
102333683
100635699
104301062
101307524
102066295
101489497
101575918
110369602
102415583
104188414
103535926
101177794
101011731
102536767
102304153
102460452
101879005
103277588
101957777
97066848
103623297
103031309
103166200
103372281
102973154
92497089
105210756
103446145
104575446
102106294
105021607
104133876
97534063
103622797
102558122
103280382
103682898
104449286
103668560
105057882
104678575
104784456
103461475
104545560
105605791
103982492
105552166
104659779
101940791
98688983
103642263
102850052
103789702
103402169
101963065
103134324
103289143
103666124
104917537
102269398
103655558
103305156
104356709
103591732
103250699
103382212
105099293
