321646951
203447173
147351430
108405612
106475589
107694575
119721607
114674764
105693274
109116554
109311889
121179346
113404570
104444137
103290215
103994717
103892952
105949625
104114802
103026915
101145414
102047084
103028929
103356624
102923472
103670742
102668355
102963812
101868556
124155129
139277169
118257480
102479109
102965255
103281968
102238964
102703330
105041706
104800442
104932473
105346014
104888907
104961510
105269980
104625289
104507252
105229870
104357939
105278383
104578114
105796207
106453953
105043127
105694135
105158091
106364963
105850760
106238389
105564716
103197204
102159267
102845634
102957600
102713882
103132083
102381633
102584730
101292315
103393225
103650824
104047368
105071158
102896422
105176340
103417908
103331367
103919128
104529767
103474725
103789337
103679581
103131678
103771629
101900858
103155263
103671149
103466140
103584833
102884549
96865249
103268833
102218983
102860143
104483716
103155631
102923387
103177542
102842500
103870968
103247471
103260937
102369294
102535805
103612610
103003898
103121369
103411269
103214538
104193880
103020393
102367744
104091626
104021688
102961960
103154428
103179793
103386150
103429033
103128314
102712932
104170747
102968008
103186786
101511775
103366232
103980661
104206488
103580649
95464912
103932755
103295196
102668353
102148500
100376471
102214523
102042692
101718541
102228743
101847179
100459252
103243175
101831748
102594027
102551052
102351791
104523628
103685289
103278431
103341860
101424198
101099842
102813421
103101404
102885558
102064973
102163969
103211337
102167893
102519174
101023104
104208331
101196594
102754699
102294671
101919038
102150814
103251525
102507071
101223920
101547120
100687234
102247302
101455388
102179463
102131287
101702337
102169574
102746992
101640009
104053592
104290734
104241313
103689629
104639723
105639311
104202282
104685090
104188302
103927530
104369209
104615812
105329097
104090541
104165160
104967377
104065110
102433209
104913538
105321689
102986036
104955625
105008445
103948812
105236524
103767549
105121720
103892130
104795322
104112791
102803451
94883493
103431141
102153885
103032246
103891376
104713842
104416806
102595764
99930953
103495764
103402190
103757746
103330878
104419360
105746795
105441333
103915248
106567314
106387458
105901461
106582785
106699894
111109488
110325095
108565137
109300284
108525973
108603184
107898257
108331361
106653678
105606056
105775802
105705002
105644515
106327997
106601293
106400648
105856478
105745863
105988185
105182964
106682168
105959778
105909462
106039894
106078795
107162789
108471396
108678069
108030152
110415709
108349481
108751545
110452455
111787994
111028505
110660710
110571960
109767292
111379467
111607793
110989968
111048831
111563623
109019251
110658761
110630425
110612339
109454185
110357901
110518617
111093254
109387620
110329580
110598451
110984635
112416335
109897109
110698952
111320611
111973526
111909646
112829429
112042110
111213557
111824480
110267367
110972736
111230419
