691879963
767928422
90535815
88062266
94330805
96927756
98919263
97658304
97650244
98115713
94345716
98500217
97761516
98720623
97685834
95693970
97562833
98229825
91284740
97827283
97654685
97793764
97692258
98178551
97653350
98206190
97669780
98092866
98189915
98080770
97985554
98099324
97844695
97764055
97758252
97892600
97650933
98042754
97357845
97720485
98046153
97993027
97672351
98022248
98270950
94418454
97679369
98098214
83556549
97657039
97645223
97781168
97632467
97931001
97898586
97457111
97586893
97537682
92214911
97752868
98255818
97063682
97665713
97529121
97455852
97739804
97623504
98312091
97712268
97427169
97489903
98242632
98204498
97425744
98032731
97689813
97944221
97721883
94859504
97995763
98479427
98468455
98173680
97910971
98179354
98656429
98019441
98836119
93457752
98780590
98864941
94920953
98628588
98315970
98068403
98762114
98770850
98073792
90372499
98786884
98617387
98383371
98268093
98240989
98643302
98108468
98093814
98004996
97814519
98403234
98536264
98279471
98274674
98246602
98668217
98125793
97919143
98921208
97945749
98253916
93498267
95174049
99054406
98171070
98340238
99215744
98803801
98509335
97840162
98039493
98895038
97992083
98134416
98316172
98719168
98731004
99049262
98155311
93485630
98072069
98233335
97913944
98110635
98251422
98078735
90741738
98171471
98376390
95445748
97917335
98150488
98300537
99113815
97806599
98051748
98570432
98720626
99067427
98398031
98788695
98147650
99114791
97851622
98132313
97679856
98905327
94717295
98326258
97395538
98159893
97911126
97991113
98172765
98852421
98065910
98827052
98505442
98159959
93165125
98002513
98791100
95634543
98149488
98571153
98846417
98665268
98242464
97801657
91623049
98039318
98503420
101108612
102101964
101253898
101647611
101777231
98090415
101992515
100784355
94669964
100461982
100801485
100466330
100856111
100031780
100815467
100558092
100371680
98079930
100615226
100315316
98627187
99842117
100413809
100318152
100529766
100560259
101050541
99219075
100384870
100508092
100614301
101115545
100202025
103465277
103483415
99981951
103891112
103993432
100411852
99564365
100433038
100781744
100526209
100209108
100239314
100512905
100408786
100693005
100471688
100572360
100347064
100336633
100496919
100357310
100379302
100314126
100240864
97892595
100568392
100150549
101040411
100544045
100632913
100586274
100190209
100743577
103708242
100106318
94918588
101400481
100106081
100599015
92901494
101361300
100683058
100573426
100328572
99906278
100703849
100637291
93180033
100418880
100366764
100398083
100513357
100533218
100436571
99355656
100481312
100559098
100466773
101102028
100316938
100254671
91485734
100193693
100633429
100556152
100599210
99865961
100512282
100553890
100330487
100499783
100557326
100221286
100612176
97408909
97419162
