302761121
197583039
118052409
95465663
96356300
96384058
96384819
97170219
97777566
97530496
98129956
98218826
98171656
96140231
98066219
98345008
98064435
96621826
96712579
97645994
95684137
97561810
96689258
97753262
97517942
97601103
97471576
97021585
97562815
134292362
115427774
104924149
98086728
97732605
97473376
96910221
96451555
96658561
96273778
95849647
95889339
95852089
105608218
103649690
97269049
98159561
97342423
96833524
98511865
98603580
94989850
97916224
97517512
97339106
97636608
97447504
97187066
97417998
97589977
108571861
98454189
100103331
98104921
97300659
96888142
95450363
96909015
96555470
97287365
97247268
96756253
97037158
99048270
87991450
97728913
98817207
98222344
98055645
98276678
98896998
97837596
96518526
97624289
96783428
97590446
97302359
96826063
97262308
96373676
95529465
95665319
96505197
95793407
95267552
95906305
95633404
95438552
95174415
95283272
95428772
93874219
95919776
95341345
91975325
95072678
95176564
95234415
97932698
95870701
96602056
94879705
96880325
95797307
95967277
95750124
95840126
98560801
96202771
96333123
96799128
99939896
99001580
97844794
98405822
98909723
97964151
100924393
98694664
98241395
98158519
95723627
97929772
97913628
95026531
98457681
98060237
98569062
97894870
98895040
97861389
97199953
98978203
97548235
98189576
98448148
97123131
97898826
97409779
99066565
100292968
105799969
98359798
97483876
90585217
97009952
96534470
97120103
97452697
97291584
97338373
96040610
97158877
96733106
87309800
99334030
98106207
98935286
98557176
98106851
98076303
98617859
99130000
99039805
98296178
98465900
98393050
97899241
98193211
99376032
99919539
97017355
98144409
98462819
98486151
98370236
98325437
97774574
97673648
98023049
98992450
98910092
97582176
98278042
90917333
97768535
97367243
98243835
97513366
98613861
98457003
97405474
97433803
98772419
96952757
99043872
99431970
99540994
98100669
99113630
101931155
99015701
97812455
97108833
98834205
98841605
99282097
97938665
98390129
97829960
98939119
98740306
98876232
97446452
95351163
97056556
97609550
97237852
97718830
98311310
97722781
96142685
98300588
97253095
97804863
97094177
98641945
97709490
97965435
98103486
99205915
99313286
96723429
99032567
100167022
100286843
100821349
99468478
99976139
99764927
98145358
96434182
98871947
99006550
97949437
98705362
97706063
97810834
98611878
98074343
98397440
94880462
98747139
99455796
97709574
98296001
97147748
98784055
99704258
98057921
97776914
95407956
98423003
98498433
97406892
97878975
98264704
98125294
98109292
98632085
99200508
94461249
98700977
97884377
94796835
98489607
99296925
100375271
98649041
99081532
98362763
95519282
98162357
97213702
99380342
98429428
99692971
98456599
98788093
97682676
99193525
