590783254
467315276
103153799
95960845
107885750
107088621
106480842
103596405
103788465
105487883
99983224
103512190
99658454
103622745
102188759
103964899
103608268
101720226
100795058
101724538
100868438
100942159
96891529
100953671
97433268
101007375
97176326
101501230
101088078
102066820
97865242
96964369
100757864
97052833
97159664
97041485
87741118
96871185
100588177
101030212
97124737
100932221
100873046
101200363
101140248
101510078
101011795
96890352
97045258
97205910
100738897
96105018
97074641
97129079
100906035
96931393
96946140
97194723
100727489
100722239
100801173
100872243
101248970
94920707
104770570
103705822
103558373
103445659
99685221
103079625
107295454
103453155
104232255
99186162
105259528
100888000
100960794
104735420
104828172
100546572
97161449
104566074
97259658
96989604
101002808
104590741
106075875
103266377
103490258
99722577
99603698
99952000
99949256
99881637
99609633
103238774
99774092
94045979
99458697
99217268
97921124
101428754
99584313
207585740
99727200
99984315
105602349
104541389
103910882
99921947
103101069
103695682
100518192
99861864
103500994
103068562
103076834
103310643
192633152
103439053
103562998
103171201
103383681
103602531
101792726
102974832
103283077
103757425
103331447
102334203
99936364
103311670
103525125
103510893
103299628
103114118
103279138
103263157
103454071
103590115
103394324
103285543
103608309
103403535
103386198
103201533
101716835
103217767
103718027
103463132
103491372
95541963
103426979
103141677
103145916
103494639
103353815
103370700
103558543
103256314
99727131
103388606
103351059
103598802
99642293
103752371
103671670
99556670
99535284
103673366
103356215
99822315
103418421
103659864
103326442
103855409
99479652
103571300
99626285
103829330
103734094
97701856
103101076
99436265
103265479
99773202
99914701
103708877
99797326
99709960
95048039
97760928
100070044
99913444
99230922
99724780
89789277
100747449
97096558
97556988
97962495
97081558
94768173
104902564
96952676
104459785
100803076
101027140
101135128
97065134
100510226
100986570
100986493
100688072
104888100
104944284
98379400
103433586
99666514
103340893
107059223
103309000
99946865
99566132
103535604
104946732
97225617
98640566
99501543
99530256
99394101
100235225
99335577
99587574
102276384
96735123
96958009
103125073
101112438
99358484
99584618
103213141
96275165
102102040
99542266
103446346
99599521
99162037
95950291
103054435
103868624
103593119
99615241
98455891
99658504
100609867
100915341
102976189
100415530
102022165
97152590
102107881
101537796
98677653
102513836
103698142
103987120
97925968
97339794
97791292
97464183
101897525
100552126
101835685
97418713
100525318
97875333
98940200
101777151
100305171
97758627
101494517
101453473
88923507
97895588
101459839
101375522
99703268
104165694
103762445
103460016
103670643
103952415
104088304
99907782
99772942
99731666
99914285
103449925
99859019
