227127675
123270885
90990802
74604294
66767034
73260052
68093557
67680933
67903603
68077728
67879743
73388250
68187496
67842051
67905873
67701109
67878223
68020658
68140028
68380897
68211536
68426177
68467113
68167628
68053069
68392694
68790911
73896203
80353302
69450700
69249727
69428052
69351156
68614261
68984768
68279545
68112302
65485745
68552234
68119839
68267023
68415878
68201314
68162991
68545340
68532944
68358594
72836340
68591155
68309832
68641326
73757428
73905062
68089159
68144508
68232662
69215101
66667858
68315029
68350415
68178093
68177267
73631040
69420053
75092513
69113157
69238503
68746399
69371925
69262960
69517242
69746273
69466895
74648102
69279012
69828299
69796942
69642702
69689494
68970978
69587133
69439430
69396666
69325429
69616243
69329638
69648307
69963939
69204317
69388205
69488830
69082159
69366802
69396348
69841952
69325664
69031546
69278578
69995590
78494802
69468774
75293223
69464370
69222438
69767130
69721819
69793688
70702851
68436570
69492819
69727927
74847507
69412372
69373679
69569964
69359577
69357144
70394666
69768691
69675395
74458013
70133144
69630654
69385449
75115623
74740366
69192508
79701859
69604242
70024593
69562813
69850723
69541548
69700303
69353851
69605059
69180137
69416331
69690805
69590574
69943335
70061988
69836237
69699686
70222040
69594362
69861042
70166354
75689877
69798277
69754142
69810999
70183298
70260104
70548324
69826329
69811730
72803949
69069520
70983800
69527282
69765049
80327343
69613783
69798807
69773168
69965523
70176011
69629157
69856507
69789553
69563798
69836474
69619296
69542683
69504995
69913414
69025331
79167349
69850105
69362342
69908902
69532833
69537335
69542954
69975703
69899677
74803205
74963822
69958069
69310068
69882358
69547934
69618392
69750644
69560718
69778484
70613317
69675176
69436646
69889964
69644945
69582746
69961360
75308775
69390998
69947388
70039536
69665690
70075267
70228356
70860811
69847367
70132764
69628921
69901144
76464490
70041990
69742395
69609269
69648687
69802920
69211061
69870923
69480235
69667860
69912006
69905161
70230524
69862620
69784353
70020886
70783107
69594495
69555230
69345517
69864307
69469251
69704298
69699325
68899861
70082129
69677839
69709291
69732314
74912921
69846135
81602421
75288597
69745875
69956741
69531426
70846973
70470352
71164910
70716467
70585762
70942180
70580616
70723969
70147796
69865303
70070579
70165798
69685873
69783878
69884872
69847419
69836215
72589068
69568697
69797659
70324266
69572718
69417280
69474433
69776723
67184485
69615685
69674502
69811385
69803708
70076933
69418184
79364714
69748171
70414967
69483547
70268563
69980690
69754483
69649022
71103758
69558704
69615481
76212788
69590299
69793909
69584456
83560166
