223432720
117081411
75692815
85968147
71341119
72434595
72473797
68574862
67322521
67187962
68226047
67173306
67281266
73714551
67579340
67381186
67954194
67186786
67363141
67554336
67362819
67133014
67300666
67636220
67084971
67403079
67672480
67446976
73155712
67584958
73036814
67549298
67457919
67501064
67346182
68869062
67689649
67616702
67478816
67500028
67401422
67301850
67228953
71861472
67454967
67598647
67570659
67236215
70390080
67138622
71795076
67338410
67462756
67415698
67649778
67432016
67370057
67257183
67570862
67412899
71473243
71400226
67515068
71996923
71595219
79221840
71610871
70067579
71484252
71570827
71624308
71878281
70272536
68327137
71262096
69876832
71702722
70945118
71277944
70291529
67169652
71411858
68584248
82057126
67451221
71818371
71456771
71898312
67609351
68519034
70595475
69681924
67177701
75812307
72075129
71240974
67603686
81783207
71067408
71921177
72297567
67504405
71751272
72061251
68103809
67705935
69662588
67650416
67711725
67400359
71809091
68029772
67245811
67397209
67903802
67322177
67326922
67095379
67127028
67248581
67752420
67415617
67426303
67389565
67576708
71451535
68061419
67869891
67552374
71777079
67424022
67364400
71868395
76745369
67745566
67342531
67511347
67348567
67939488
71376162
67260059
67954437
67271955
67253238
67786987
71546239
67395851
67267897
71652518
67202862
71722019
71640436
71616535
67322826
69251554
70577539
80893525
67331180
69833398
71605787
71643310
71127801
71483474
76114119
71432325
71417590
71432272
67119356
67267686
71180673
69717372
67218109
71252091
68694457
73285739
71217412
71470254
71317345
67190257
67045088
67151718
67009164
67201864
64795139
67096175
67126440
67121066
67127894
67215256
71453068
67421773
67255772
71948680
77577977
71257771
67211877
67144954
75410966
67561355
71671540
72092722
66902374
67339856
66939115
71542523
71346622
67496210
67185647
71219189
67136302
71680961
66772381
67194995
67029031
71029696
67059954
67021571
74132933
67209549
67061609
67085193
67076794
67001239
66941695
67249168
69906751
67005384
67367886
67046532
67316033
67183286
68356468
67107098
70529415
66908693
66964827
66872412
66829034
67080897
67035247
67090097
67137754
67012754
67271525
67090509
67308360
66766377
67226208
86078939
67044809
67276056
67654104
67220760
67255962
67257372
67069921
67236026
67205061
67288317
67397848
67170933
66854031
67320431
67089181
67097984
67135840
72968084
67005642
67247543
67103340
67290305
67536098
67300051
62537990
66810000
67099264
67115634
66447103
67556717
67436612
67171415
67015561
67379280
72949980
67032224
67028008
66912166
67328713
67625870
67341709
67574620
67477100
67322415
66382998
67229688
67489681
67074536
67152087
67143471
67218119
