239506784
123113800
99953992
67277464
69880122
70856509
70754773
70957130
70641663
70802520
70567724
69658794
69335728
69695443
69737920
79111054
70700685
69954690
70619388
69816102
69950391
70922449
69586596
69871242
71167371
70384766
70402150
69864108
70516890
70513460
70215108
70250286
70759914
73037097
74982967
78357521
70825768
69719755
69367139
68947109
69490582
69340378
70168311
72961921
70479843
71173682
66851255
73507765
69364961
70663710
69562428
70065797
70255923
69576189
70240947
69825118
73374301
72828284
73277022
73089166
73809355
71504563
74000640
73911206
72323956
75760753
72562401
71380690
71887241
71106002
71755840
70659851
69774243
70762164
69705868
70109329
69795638
69471183
72916110
70765585
70257765
70428075
70113527
69831248
69792856
70208972
72969259
69669644
72798266
70592729
71133095
73244456
73043523
69958361
73055319
70752348
70575536
72072550
69466211
69854497
70702191
69595325
69970305
71406476
70999292
70939865
70469020
72974652
70100194
69847734
72879165
72786904
69998206
69551050
69500444
69613762
70178693
71122399
70840381
71438084
69637458
70542005
71258721
70411742
70718548
71471356
75400505
74025550
70710892
72797203
70692027
69908492
70252440
71371535
70680354
70285771
71609707
80238069
70083419
69610036
69659798
69621966
70048657
69949914
70060327
69469976
69660340
69100468
69548487
70023298
70298559
70019625
69502469
71191669
74100641
69600977
95829618
75080493
71320016
69957804
69803291
70457406
69602209
69596323
69591711
69794078
69679352
69853055
71099875
71392440
70250882
69777604
69694693
69903151
71276904
71440135
70015379
71662249
71001983
70048843
71246221
71704400
70613952
70890640
71248799
70972587
76850918
71201076
71235026
70552576
70977085
71933225
71613438
71689897
71738922
70995386
71592589
70992437
71647924
71213771
71605153
71726947
70972645
69803476
71266272
72251320
71401711
72836997
71708306
70756552
70236084
76307566
71506760
72978964
71800944
71688974
69651456
71538007
70782283
70073320
69823923
71325178
72105408
72793880
69611126
70984865
71405680
68825425
69487283
71230707
80929383
77327592
69826241
70570329
70510094
69779100
71601112
77138878
69720880
70611694
70395888
69919405
70200289
70387512
70350881
76134685
69784208
70932540
70978671
70731962
71332610
71292801
72456953
71792615
72113702
71589227
71743834
71531045
72692450
73091225
71931201
73639830
70769551
69807893
69915830
71280266
71736572
71749691
69863842
69931606
71308992
71732047
70067761
70669098
70532187
71031506
69696605
68182568
71586522
69806791
69865238
71046580
70265997
70789342
71082902
70281253
70663434
82098528
70702952
75838619
70443223
70753731
71355364
70786683
70995954
70295231
70428913
70129753
69831235
71640547
