230374743
123774107
84717808
71444181
66751964
68155377
68183588
67972492
68342649
67854220
68471732
68137635
84564905
68155801
68009041
67864083
67867504
68980635
73495283
67705228
67832703
67975194
73709473
68024090
67762468
67787591
67847396
68335005
67739049
68166236
67997315
67827530
81289519
67985071
68741005
68147943
67802337
73255979
68112938
73333163
67918071
67862807
73673417
73553158
68595201
76275993
68889845
68302215
87865217
68408495
68590902
67968934
61441022
68419642
67986455
67933723
68487690
68355120
68667576
67951921
68330821
68331789
68476917
67958022
68243578
67899101
67756074
68295085
67970545
68032650
68345419
68124734
78510269
68080390
67770600
67722549
68123038
67771527
68099554
68121803
68086346
67406587
75829456
68037296
67957782
68071458
68272199
68446912
68121316
68240020
68432352
68168610
71018699
67908448
68455613
67913230
69407195
67983418
68516635
68744050
68542096
68005056
72072956
68253827
68727975
67984620
68114271
68186725
68120367
68398677
68360897
68730187
61011129
67946895
68032136
68234413
68779127
67888509
67889880
67912260
68096805
67980221
69952253
67796000
68391939
67967273
67837962
68001254
68183679
67797486
67871612
67634061
83082007
68238127
67929238
67512464
67953196
68458729
67814163
68124484
67919010
67509913
73176599
67904275
68131962
68204326
68462490
67103004
67774583
67954127
67971944
73423002
64903632
68152830
67469538
67699728
68213537
68556617
67742812
67739022
67850927
67971685
73022413
67944945
67473987
68498474
67923814
67724682
67754347
73181574
68308824
68134919
82619860
68097720
67899370
67702513
67833554
68125813
68291554
68150769
68126729
68141312
81346306
68414996
67771593
68134031
68130417
69436096
68012343
68186175
68601671
68194634
80468675
73128204
68393671
67812471
67846081
68195492
67694658
85593908
68473297
68152319
90095564
67046350
67954887
67983332
67940345
68714023
68379724
68446797
67892906
68368985
60699857
68178402
68306295
67922481
67887691
73621124
67628491
68014418
68091324
68124549
70055049
67740214
68361172
68176373
68171122
73468403
67709697
68358156
67956022
68080686
83986803
68038873
68013433
68579265
68121544
68179055
67780226
67957716
67962696
68534368
72198884
68099763
68346689
67405641
67968067
68295461
67856969
68445321
68080592
67990063
74851521
68480422
68564930
68248071
67875295
68157995
67832132
68139463
68118222
67879733
68480030
68052596
68138009
68429495
67933016
73077097
67828487
68009268
67607641
73046229
73641192
67989437
67634963
68262543
74739909
67626370
68078676
67841904
68010271
68300607
77762837
67682128
58934695
67706680
67987214
67694209
67552725
67966640
67709869
67759420
69774663
67342244
68362378
68635516
68195909
67906673
67598280
67920756
