479885764
493393265
97873497
86940139
92255659
94575677
94689518
94705577
95066892
94213769
83028880
94042113
93981443
94158617
93954227
93951927
94617817
95165828
94715092
94166821
83163692
93957864
93109199
87315576
95618824
93736639
94174714
93941393
94056952
93727575
81327330
94401834
95945018
94069249
97411003
94052890
93982791
94333389
93904984
94129503
79376702
94105819
94098193
94197133
94145250
94004967
94056483
94705759
93986587
93884457
85680375
94311651
95157151
83555195
94504884
96666682
97014016
95556685
94295418
93702865
90372979
94272608
94744119
94398177
93952149
93979878
93890004
93850979
94150171
94669775
79761154
94316803
95607072
93763309
93491875
93470688
93968779
93137024
93988533
94129936
86089057
94452946
93332485
87839074
94277850
94501323
93998769
93933512
93972494
94250259
83796415
94131301
91474052
92885313
94152701
94116720
93716546
93880911
94065083
94005219
76683839
94104441
106058754
94048070
94085790
94341086
93964878
94338688
93888622
93963231
84886659
96914423
96158298
86250346
96952875
96830583
86988456
96901521
96405257
94368853
87884343
94279047
97331048
87084940
90988930
94043019
94043144
94165805
94378122
94260878
90211529
93990881
93927352
95077671
94117649
94285128
94748834
94210229
93919661
93745535
85281387
93530820
94445752
84313591
74294825
94329508
93859640
93766297
94608758
94061107
85516896
94162254
94359579
94202387
93951840
94973203
93863360
94330500
94741218
95147316
89807240
94120778
94566171
94069549
94008769
94547032
95144999
94131380
94574492
94448604
87053628
93998049
95147918
88981371
94824241
94553736
91011630
95792065
94253388
93948705
82153297
94541174
94060051
94205620
93810384
94985763
89769207
90589710
93629875
93514743
84011120
94599930
99122111
93680963
94151744
94227505
93747413
94467348
94090863
96631133
88479307
94993430
94313088
92112353
94128471
93855281
94655737
94119655
94833512
95408676
84377854
94411944
93673196
94421541
93748945
93960181
93826242
94117937
93923570
94312469
82477309
93692917
94600530
93990569
94291164
94516117
94271916
94247446
93906288
94463548
86161321
93789070
94058044
85999776
94998567
94007619
94544048
93949803
93994192
94092072
88919713
94399801
94157952
94453074
83484143
93913423
94367130
94394691
94304308
94019964
86572322
94133142
97627788
94160917
94032289
94217120
94010566
96158920
93932535
93637060
81606942
93866936
90664738
86659302
94229290
90972863
93926352
95021838
93941286
94507999
84673733
94753792
88620793
94688138
94640419
94089983
94147384
93892429
94002843
95240890
84996860
93991318
94099605
93792472
94146986
94574083
94941027
96550878
93890261
94468020
84998826
94112001
94820624
91153373
94081432
94178841
90289658
95138632
94020119
94431939
