230575273
125310898
83472650
80214956
65619230
68015917
67702683
67649270
67693376
68258075
67999712
67536981
74360441
68172491
67779230
68140414
68185164
67731684
68085424
67937176
68042644
67898240
78332875
68075318
67603993
68413396
68175498
68221552
67767801
67923895
68160597
68032686
70549543
68186067
68094799
67832766
68202830
68094469
68243714
68025733
68077367
68941812
67368692
68384065
68247455
68662974
68079080
67733569
68514717
80490883
75830346
69974256
72739551
75907083
70131150
70533970
83301846
70532806
70171175
75790161
70336681
70570956
84417708
70569511
70774205
69806602
70841418
69933893
71306050
70886879
70554847
70386445
89007892
70106995
70796884
70293172
70603762
70879867
70757598
70745467
70633491
70148116
69013785
71112362
76487153
70500337
70607247
70555157
70794718
70477907
70514845
70369465
85785699
70581223
70504563
71382976
70569062
71328539
70201006
70439461
70456494
70525956
79306540
70578616
70438719
70658431
70278642
71362007
70598751
70806728
70672639
70375243
68815994
70607923
75854693
70420630
70453988
70340899
76293490
70438917
70135795
70628985
76263575
71633013
82754411
72734060
72056726
71946594
83306349
71799512
72268322
72337625
76101242
72206066
72012639
77515275
72241239
71924846
72255838
72021351
72366462
72223866
90450941
71458143
72054014
71742603
72131372
78257238
71838290
71795911
71872618
72147768
81268821
71599733
71712324
72302501
73114063
73133534
72298167
72512094
71705676
72247610
77663583
72110683
71926009
71704665
71722655
72089775
83714274
72164031
77857499
71962477
93296735
72242089
71924195
71940182
71769727
71779586
72110785
71798267
77411319
71686205
87800823
71844427
71780951
71667926
72315226
71994266
72039750
72332627
72260112
71879300
68837886
71802256
71840786
71698397
72135009
71578741
77269897
71973390
69409941
71365961
74797652
72689501
77122410
77130966
72070334
70955259
71750658
71612530
71678885
71829741
81004269
71796877
71771885
77003095
72221991
71680553
71678242
71910000
72199641
71572451
87104487
71452365
72333382
71999183
80940655
72830694
71663421
72036045
71643081
71653318
76408057
71570424
71815060
72099384
72267595
71728409
72317719
71469767
77356271
71709902
73255461
71634688
72084800
71412658
71939040
71685233
71878233
71634051
77043208
71803575
92057740
72158229
71808677
71718405
72637801
72374710
71356846
71609125
72411755
72167814
78120622
77311195
71507348
71414955
72045631
72351086
71726481
72354153
71630433
71931366
83115625
71880088
71988535
71134372
71578848
71808717
71616808
71821719
71707065
71703384
82106097
71754438
71707973
71889843
71822406
71319212
72164402
71628582
71716439
71612793
68651394
72094322
71731339
71782745
71704511
71891542
71565620
72299154
