237870570
124958436
87255556
70021579
66865264
67856723
68059108
68265864
67645507
67994549
67876229
68930434
67595865
67718544
67866252
67698820
67938154
67699282
73527342
67831163
68719461
67542212
73456341
68062143
68326552
67972388
69143078
68567690
73068077
68019112
68908125
67628232
68171949
67292051
77608001
68635373
67473058
68237825
77910977
67874307
67472745
67661179
68496269
68289197
67679866
68389520
73579958
68387003
77480313
68071101
67705238
67896605
68119277
67600403
68469465
67786799
67782933
68205255
72817004
67541196
67509048
68328771
67683425
68372616
67772800
67598402
68194792
67883763
72309916
68343464
67622517
68149883
68051196
68257524
67613797
68218151
67890280
68176772
72100610
68069399
68067562
67873461
67852524
67786772
67723416
73235160
69349097
67741685
72758204
67475828
68542003
67861876
67849589
67653018
67834374
67559091
67324879
68138578
72408845
69061978
68831545
70017748
68924043
69145919
68710685
68594261
75912613
68711645
68878934
69408684
69608678
67681634
68144238
67784292
68411390
67686697
68196314
67774423
73743319
67789033
67845331
67544657
68923321
67394202
68144327
67606759
68327800
67884437
72144582
67665861
67771314
67612366
67784526
67652886
68059292
67776479
67706753
67874430
71912121
68877461
73069685
67775940
67766824
67348652
67825356
68141312
67390106
67890190
66321731
67605705
67337490
67171640
67704734
67330111
67435215
67485098
75899997
67717825
72789008
67735755
67135899
67986799
67481215
67419261
67569452
67519756
72907605
74828523
77142156
67595672
67318550
67450454
67883734
67374588
67487155
67620494
67770259
67490580
80098985
67593564
67552551
66915360
67766097
67472146
67463225
67447888
73119565
67577537
77679809
67404022
67839258
68066031
67856917
67834787
67798246
67805826
67717241
67831979
78008058
67556020
67873778
67858453
68218820
67586427
67575278
67815703
68030910
67765076
66594989
73024305
67515443
72635625
68415431
67179798
67973913
73693572
67317509
67895017
66679087
64886398
67763147
68001482
73305780
67815364
72303275
67593199
67923665
83731234
72085853
67692036
67792259
67672860
68078087
67686061
67449516
67815167
68218018
68053029
66352051
67636957
67670829
67577294
67859266
67733703
68126624
67466188
67932775
67898381
77637293
75749794
67685685
68290749
67781623
67561371
67549735
67511206
67635707
68079448
71423304
67563392
67600606
72648481
67670018
67197162
67181059
66982474
67671211
67784843
77537276
67616764
67557128
67760247
67725637
67472358
67805200
67577216
67416711
68195330
68123985
67643631
67787175
67993358
67800919
67602478
67888500
67578474
67504988
67572788
67501021
67363902
67319056
67465203
67836904
67428339
67580314
67401736
69526133
68877652
67591498
68477048
