234780224
124505584
84442709
77892472
68112374
67784291
67586235
68067295
78452120
67908424
67676917
67870122
67573157
67891992
68007006
68035823
67818458
68029814
72027144
67869623
68369133
67715172
67554001
67609921
72576175
68056047
67705342
67719418
73910053
67994896
67846716
67748289
67876744
98416399
69026943
68825503
68675413
68059981
71855577
67887452
67678945
68004629
67850332
67780586
67979478
73398468
67814509
67801805
79856560
68018610
68240071
67825278
67801262
67668135
67968292
67815342
67782237
67621751
71706939
63771500
67900247
67882382
67789207
67888970
67793546
67899513
67957070
68155039
64268988
67814543
67798092
67734798
67879965
67959534
67564885
67240918
67719466
67923547
66507800
67715098
67758288
68180591
68019175
67755307
73035145
67866029
67343078
67745841
89299692
68046030
67529707
68020193
67740277
67638467
67888711
72937988
67837178
68102504
64349163
67783414
67824815
73280055
67708348
68070287
67866710
67847221
67881164
68208896
72658299
67760129
67869524
67727805
67605055
67727535
67689313
67860637
67796171
67713994
81669645
66708877
67774161
67955258
67648411
67406703
92286854
67662459
67586654
67480164
85998470
67485547
67834019
67553952
67790676
67755584
67608999
67663357
67647039
67565199
85504556
67806000
67417381
67751471
67694223
67968196
67467866
68150955
67497976
68193525
86205863
67952607
68229421
67774033
68132584
67640986
73879113
67871279
68152356
67526812
74181636
67600605
67819486
68285395
67660331
67995154
67212919
68837889
69081024
73904268
62036438
69574532
69228107
69361003
68435526
69164092
69143490
69261817
68911754
69424229
68188235
69634560
68968597
69400611
69225265
69361866
69181929
69771281
68978158
69237592
83369408
69022236
69380563
69207533
69217578
70755389
69310232
68383848
68913672
69097512
90792186
69195076
69071691
69731020
69505958
70414036
69905059
69449680
69315004
69173404
65279032
69398477
69119536
68993614
70132683
69305207
69195150
69657978
68860318
69118507
84283966
69347811
69148538
69667213
69276627
69112571
69566091
69436617
70325814
69475316
69671589
69052329
69275592
69175892
69190115
69002006
69414526
68430126
69997622
69520023
66096668
69297594
68944086
69488308
69194255
69282524
68299517
62608758
69802942
68858160
83469899
69394079
68936724
68884323
69007572
69622346
69293843
69025125
69235476
69121408
86721301
69314091
68783620
68780280
69121567
69126219
69282542
74697477
69562265
69243747
67227292
69605526
68755517
69244622
69474389
68904218
73953285
80032493
69377778
69147044
73523596
75129557
69317610
69674945
69271443
70223745
69313200
69514171
69205684
68874115
84165110
69449276
69231044
69072792
69501348
69857853
69718069
69257291
69277334
69507444
75844937
69551345
