867840699
451226729
92858914
91431752
83270512
97796681
98157773
105657113
99960793
98644548
98342739
98644954
98146527
97835632
86349761
98144203
94414631
95370286
98223801
98030310
97963113
98706315
98194414
108020649
74111061
98204068
99035584
88959719
98228580
97831132
98200145
98215663
98144654
98125745
87283892
98065543
98202139
99228847
98347273
98398240
98331584
98575551
98242084
97702749
82395283
98212531
95891915
100097700
97728924
98158534
98625282
98339179
100345033
98994731
85975559
98640382
98120647
92607812
99585882
98888387
99008278
98879780
102068281
98371428
89230651
98546222
98151144
99087308
98443756
98239683
98540191
98420033
98988138
98342206
82329425
98411981
101589755
102328932
100783334
100598464
94461827
100746982
101366192
100875601
90485248
101082884
99852689
98052831
101545950
101321696
101158975
100985602
101439151
101396320
87257199
101141314
100157596
100902985
100688488
100665793
100916508
100575366
100873239
101173027
86140702
100625467
99893283
100672817
96892803
100457156
100535831
101105143
100840047
100693552
91459646
100770593
102824122
90223200
100906448
100620447
100956804
100784869
101115367
100673458
100914117
100978111
100212703
100773995
100776707
100716880
100929504
100841527
101862656
100461027
86072398
100614322
100868507
102743751
101668926
101180364
101416740
101378750
101228612
101257702
95792061
101123951
100140003
90350123
100938968
100688056
101009723
100365865
100856621
100877495
90510465
100851104
100784714
105180133
104257188
103650751
104058330
101246501
100957597
100732646
88920952
100814469
100209273
102072914
100654633
100773636
100854850
100771447
100679462
100407146
92689132
100057530
100667146
89403606
100785661
103109136
103788088
103299065
104083233
103681863
92765533
103514320
103492349
101157489
100456909
100226718
100656941
103944962
103735580
103742915
91939790
103480705
102706708
101133479
103673708
100586247
100551898
100707461
101084102
98816570
85734891
100610159
99645444
97375243
101135577
100569784
100620660
100590058
101326817
101036278
82770015
101337945
101098755
101400410
101256702
100907872
101438139
101317316
101600831
101332076
80870350
101127175
102000999
104613560
101497769
104060839
104077783
103533189
103449163
103312823
92805974
103731533
100907749
92218601
103435246
103920234
103315321
103346909
103552396
103312088
91954269
103165621
100311883
106745841
107029536
106771123
106671052
106444881
106327455
106396458
101460045
106817044
103958957
109627858
104557964
103523341
103833524
103809015
101903557
103733960
98963241
103558456
103049872
102812832
103265709
103414994
103744191
103769999
107530373
106911590
195578671
106699234
103789054
107048029
106901671
106758265
107046009
106733235
106994719
112168034
91455830
106706389
106598923
106626296
107130050
106908248
104003072
106164775
103487864
102922094
97908706
104616318
103829441
92877245
104445959
103789592
