245945393
123199418
97595009
77161446
67854033
68348897
70562634
69030519
68681389
77289323
68779146
69064117
68959573
68629273
69431034
68511842
69231927
69273379
68518244
79419215
68519368
68540873
68436448
69208340
68669620
68503668
68455958
68288562
68573195
74140908
68338075
68579337
69103909
76976528
68327511
68643388
68412745
68457572
68284448
63485677
68680884
68442241
68386681
68525127
68361095
68534783
68655274
68806805
69055534
73056554
68337927
68449287
68467730
81360501
68365954
71485859
71663810
70251528
69753241
74776231
69800806
69983183
69892656
76579257
69901280
70031452
69907088
69909538
75153904
88702899
70003174
69769652
69800111
76482343
69939711
69678610
69823927
76247800
70543954
88508487
70910214
70916143
70808027
76138665
69922567
69540218
69563309
69466267
69540214
74105721
70155595
69832992
69737153
69883059
75374685
69944772
70140089
69982204
69952908
73465866
75627790
70161546
70108151
70025025
69678643
69962710
70096971
69485551
70553731
73680357
70482431
70039481
69852925
69927190
69997387
69816705
70163289
69941896
69779520
66909348
71353993
70499937
74427894
69852554
70290790
69997923
69967886
70015709
70206112
77427091
69965274
70341368
75436376
70119522
70378741
70100255
69964792
76034478
70892157
84461341
71041096
70993888
70433635
71269627
70266913
70000398
70048186
71223815
73121807
70580078
73225558
72860625
78375225
73036959
72867035
72595699
83972863
72884701
72839958
83995633
72152878
72687470
78175511
73352953
72814298
78423270
78711726
72964059
71396387
80292943
71005970
71616529
77127055
71058225
66629788
69891784
77100128
71134790
70881238
86171908
69757118
75504556
69576584
69865825
75209275
69739982
69820261
69925968
70043697
65456128
69667829
69819202
69676131
70076666
69933652
69853772
69421730
69553441
69746320
75868562
69878454
69820649
69729828
69841129
69771944
69898938
69825729
70016171
70139164
76695098
70066548
80935311
70347232
70233949
70129443
70271596
70235972
70171161
70077413
78459885
81968417
72638083
71256051
71054497
71092676
71170097
71032308
71061935
71332246
64921321
71132367
70808485
70571992
71271626
71050853
71152764
72666327
71449191
71182564
81888995
71407659
70882968
70723151
71747022
71502922
71367393
71093805
71053708
72523418
95417958
71412372
71282457
71153065
71379144
70953509
71302104
71082048
71110183
71515983
74196066
71408705
70865898
71343603
71370654
71076890
71119577
70595274
70950119
71737014
89896174
72102493
71149683
71045642
71647167
71493766
71096908
70897063
70799326
72628252
86221694
76830139
83089126
76935624
71530992
70987571
71085340
70907836
70929484
70839351
90049829
71121117
71185106
71052960
71240345
70891465
76856041
71517554
70849782
71409077
85216394
