713421055
650759318
95923312
91177522
95169044
99355140
92582037
99827527
100031792
100156838
100075648
104380089
99922816
99967582
100121298
100871067
93349094
100270772
98263473
96966796
97932950
100381132
96854439
96906985
96742448
99073190
94283719
97619004
99336081
85468265
97244710
100827112
97526383
97370589
97248880
97437919
94375173
97255666
97742157
97772156
96801709
101749947
97406746
97354215
96916393
97090270
96805829
97584138
99202106
97502973
96984031
99948888
97443000
94273474
96961955
88327256
102034090
100206851
100076424
89263161
100222899
100420666
99957109
103720887
102457650
99713240
100886737
99871178
100159134
100110148
100401169
101811506
99778890
100426142
99861697
99409437
96990915
100200289
102166708
100192411
99823663
100636795
99814568
100060654
99736900
99886977
88962581
100125709
100131547
94327800
99636686
99419341
99690175
100058840
99829056
100162681
99777056
99971154
100601639
99874404
99800850
101069114
100112253
100124837
100198846
100111490
89251933
100326020
101086905
99870603
100128160
101758589
99665380
99881598
99807114
99405585
94869314
100251646
100583031
90226431
100022671
100315383
99690962
100076791
99653690
96525817
97063892
99783148
99636336
99784068
99589802
100271476
99934135
94649426
99520680
99799891
99102761
99959422
101306061
99369473
99539121
99974365
100188398
99752168
99753734
100226739
94070435
100423928
197156459
94514711
100205285
100473891
99981708
99165572
99634567
99849108
88558153
99955392
99846558
100060592
100106757
96979191
99688598
99837313
101135093
100355697
95888991
100040497
101442642
100028273
100079446
103791392
100070272
99839487
99863201
100847716
83002743
100020694
100029386
99124502
100247205
104149260
99809924
100359056
99765919
100099712
98597429
99788715
104221024
99854630
100257924
100214040
100396193
98280544
100016512
100311002
95664395
99919308
100409241
100143263
100199252
104761612
99759539
100154324
100325146
99785777
100590514
100522675
94331731
90072499
100080390
104122445
96402199
103285683
100545582
99735802
107221167
100261985
100645104
99959798
101261149
102897472
100474430
100514858
100485589
101707330
92240634
100259799
100542627
99836540
100303725
100540306
100270440
100038659
100653130
100257461
94471638
100318432
105688803
89587107
98198740
101386341
100642615
100183584
99927192
100384806
96248649
100224530
100836399
99654214
99766121
100420213
99995247
99671656
99582718
99312036
93747893
102264822
101185945
99603322
100317192
103368287
99772954
99842790
99846505
99833576
95999396
99936472
100027773
92756862
99973598
103604192
100974609
99163571
99925582
100012423
96313119
102239366
101719117
99995978
99832081
100999407
99947933
100521342
99698004
100275352
98596501
102682800
101861356
101756655
101875353
103669653
101625626
102416326
101984060
104582160
98457876
99114174
101501283
95667650
