2831480
1638239
1211448
2251892
1437608
5725397
4132594
2433766
1220837
2632509
1606782
2270977
1679073
2524786
1895842
2643634
2390037
2704104
2315989
2772192
2138191
2722937
2514505
2822541
2511563
2714748
2463940
2687359
2269484
2699568
2342280
2865168
2213155
2694456
2252527
2550571
2467859
2415595
2483348
2792356
2099451
2824067
2179430
2627915
2372180
2759631
2447965
2767936
2337292
2709625
2253312
2781842
2391211
2709825
2521344
2728749
2314370
2701131
2433894
2714027
2209865
2667054
2149507
2750995
2366709
2637727
2334836
2612938
2215422
2653079
2310076
2627305
2250406
2685888
2376913
2561736
2343603
2540385
2103194
2635903
2068805
2652250
2310135
2671955
2385494
2514414
2366153
2403984
2288521
2647154
2210651
2657957
2375727
2572489
2284155
2626919
2198186
2706505
2250937
2659394
2339742
2529659
2212387
2664453
2269988
2678180
2168826
2581967
2254923
2563157
2418914
2550845
2209281
2641264
1886697
2526735
2266757
2747288
2322997
2709970
2415802
2579238
2301965
2706593
2346690
2638311
2272833
2684490
2431797
2713988
2353520
2736395
2178342
2647259
2321910
2734438
2466279
2616778
2359584
2768601
2343714
2756318
2388556
2752920
2307291
2674230
2494803
2742075
2396393
2699510
2404978
2608762
2384481
2729384
2483665
2617926
2283074
2746908
2260684
2760792
2278240
2747770
2381068
2620968
2365070
2477428
2278890
2728550
2300368
2758860
2338566
2726651
2252649
2686811
2265150
2714272
2396917
2648370
2391449
2710676
2308836
2678249
2265666
2409478
2312111
2661553
2340969
2659924
2364736
2732181
2012355
2566959
2453255
2611922
2458200
2712822
2287773
2746261
2261124
2789850
2229137
2696814
2450052
2672809
2493120
2599636
2367826
2629853
2372306
2620732
2325681
2592721
2433922
2627733
2304055
2759539
2316762
2643948
2419243
2720901
2497085
2587066
2429728
2690074
2347750
2739945
2297111
2738136
2406697
2584026
2297176
2740182
2197207
2672854
2431453
2595632
2293061
2583160
2348012
2730386
2291421
2751535
2508595
2634583
2264885
2526554
2116902
2439066
2201603
2366592
1970601
2613172
2208448
2588830
1958709
2588771
2834954
5476416
4053502
2122609
2266739
2586318
2299539
2524900
2375096
2511223
2290597
2549156
2323466
2604802
2316818
2554221
2361313
2564521
2336222
2582552
2115922
2578943
2366060
2484990
2391803
2651600
2008622
2505634
2335879
2670001
2157416
2567549
2536590
2614491
2292172
2419162
2179987
2494315
2504016
2626622
2316935
2677083
2266994
2569558
