2275290
1295850
1385272
1310059
1306469
1573883
1429392
1324626
1311977
1772631
1708713
1578097
1565046
1628327
1837909
1628966
1817328
1585031
1581436
1661213
1707828
1724005
1525187
1385872
1329587
1548593
1621810
1667451
1650031
1552776
1561021
1547804
1156532
1463558
1409461
1544236
1295656
1334523
1434019
1498483
1475281
1504355
1374055
1571299
1577887
1561187
1598141
1505896
1576166
1573693
1488662
1584974
1422331
1572374
1571302
1619928
1462147
1365475
1405755
1620731
1586447
1600985
1297494
1462578
1604408
1644105
1367880
1567445
1574571
1534196
1574953
1542785
1477369
1522936
1490332
1595005
1375606
1555175
1338000
1519943
1545597
1575766
1304064
1523579
1782643
1525135
1539116
1517566
1560171
1573456
1511806
1593426
1308938
1525385
1563394
1594386
1499315
1528140
1257513
1415510
1833719
1554803
1399133
1608476
1613402
1586785
1371531
1432289
1527703
1548257
1529557
1602127
1364948
1471614
1651133
1551392
1518853
1444796
1502311
1577626
1370691
1611036
1369700
1606059
1547340
1627824
1387570
1522910
1768952
1528526
1467756
1551486
1458650
1533156
4858255
3807697
2374068
1823062
1733451
1668607
1690902
1647827
1628782
1597361
1824324
1644867
1671453
1478209
1670391
1863335
1708037
1616473
1495072
1876504
1690293
1824355
1698366
1582992
1533245
1650853
1726394
1928016
1873754
1687353
1841420
1821038
1882691
1729734
1836689
1624874
1846273
1790722
1844654
1820322
1881044
1776877
1883080
1822230
1878520
1784192
1888066
1822924
1888375
1781035
1885263
1825753
1885660
1781249
1883222
1759872
1892105
1741481
1812402
1826089
1885455
1821013
1835780
1755934
1844614
1779619
1889055
1787484
1848175
1789335
1883055
1818648
1875600
1755605
1884586
1760741
1817495
1900950
1866066
1712703
1874994
1827433
1918944
1781464
1781253
1915883
1806189
1839170
1729209
1771379
1886595
1859509
1844908
1797973
1882790
1741614
1775313
1709481
1702184
1825565
1862259
1764175
1760906
1690423
1863596
1777504
1799163
1808159
1869435
1665913
1670527
1643643
1768592
1644577
1881028
1899834
1938656
1946190
1889136
1901086
1926846
1860830
1921875
1861125
1877978
1944555
1694908
2080751
1792085
1722775
1941539
1897896
1858955
1922814
1925780
1767344
1923866
1712754
1912784
1853824
1942316
1913181
1865270
1862399
1715183
1686828
1939287
1901324
1879419
1948060
1792893
1822128
1932439
1756478
1856805
1818390
1921685
1950716
1905829
1821485
1833245
1940062
1829104
1764394
1660158
1564219
