1982504
1165205
1583339
1283935
1159861
1349142
1378776
1521982
1666353
1445870
1765001
1423011
1788656
1451872
1854061
1428283
1763764
1417124
1754255
1443215
1776992
1413116
1617023
1158148
1659602
1622046
1489736
1582983
1473324
1551812
1603480
1764041
1656804
1477071
1541482
1648753
1687812
1379542
1801228
1412227
1268827
1602020
1615969
1651678
1879609
1544786
1889369
1575027
1869010
1403956
1826880
1542697
1797951
1600559
1865066
1513176
1872856
1335443
1835518
1575086
1765619
1352200
1697329
1393511
1740574
1271660
1835072
1552225
1905718
1530440
1830711
1292677
1891790
1561299
1768954
1892681
1514453
1638590
1755817
1666756
1648506
1369891
1827935
1690758
1741753
1506072
1819071
1399233
1824151
1374751
1873623
1745379
1675247
1364553
1874953
1639618
1476114
1597155
1596807
1623710
1732488
1449618
1771009
1472206
1657059
1572839
1617763
1549076
1738578
1519164
1746559
1615189
1809575
1611100
1774699
1407855
1858212
1490004
1666390
1268779
1701819
1710544
1828086
1523816
1837104
1393364
1551813
1733651
1379421
1439540
1754768
1504202
1859162
1401405
1855635
1501889
1855176
1552426
1815421
1400082
1826781
1260120
1633107
1567317
1664439
1251796
1904300
1585807
1885182
1466586
1957269
1475716
1923796
1491635
1929503
1430813
1833859
1322513
1835273
1684734
4646959
2743521
1327604
1523507
1895103
1583473
1882913
1538839
1903903
1594879
1884565
1546249
1902211
1500078
1956694
1602909
1648769
1701374
1582933
1341720
1893431
1571039
1791161
1494161
1961583
1616982
1868583
1503347
1938631
1594314
1881999
1519598
1656304
1721697
1889716
1584849
1877321
1524058
1889722
1624226
1794105
1503449
1944021
1537326
1874510
1520396
1781290
1630223
1758407
1695046
1722843
1427247
1905306
1527646
1788659
1482781
1932565
1509294
1806181
1452042
1823316
1448961
1841509
1465617
1927566
1522276
1807955
1515703
1808946
1402550
1836096
1459815
1829385
1427655
1834470
1478342
1818522
1381885
1835892
1468466
1778821
1595763
1646856
1592402
1799860
1431685
1815135
1440949
1834336
1542336
1796141
1398507
1841095
1456764
1839886
1407620
1831916
1439578
1856191
1458072
1802854
1706138
1793088
1558913
1837292
1485030
1831364
1431618
1777682
1618376
1826702
1508099
1816972
1691369
1828399
1463948
1822616
1598663
1736341
1841742
1872358
1846458
1916072
1883042
1934336
1840092
1886284
1892332
1765381
1822156
1914831
1678713
1812998
1883637
1892893
1799926
1936423
1945830
1939969
1796325
