3320043
1363817
1761240
1816006
2510793
1687841
2237337
1851837
2419510
1920580
2420917
2103507
2360073
2083215
2576962
1910829
2436371
2020874
3122009
2303918
1719790
1599023
1942042
1704987
1832330
1576884
1659939
1740016
1917689
1673459
1967832
1710137
1835173
1630821
2204059
1721817
2162979
1868352
2156126
1995282
2112909
1908382
2060163
1995442
2135984
2108588
2056904
2020008
2248260
2008802
2219328
2035383
2138253
2090298
2264474
2095475
2145866
2075769
2221301
2023022
2177397
2315882
2021716
2154287
2167560
2141549
2213610
2088831
2228395
2165935
2336463
1996624
2173114
2080864
2241188
1999212
2280637
2242412
2169023
2088988
2301221
2152377
2229074
2122814
2179514
2264276
2271395
2087028
2303051
2174339
2024976
2008978
2012012
2134505
2261760
2063783
2311881
2247646
2291922
2102581
2278181
2149180
2197379
2078394
2308845
2336751
2183590
2148340
2229792
1877805
2073295
2749253
3764170
2700128
2319868
2087735
2368060
2147715
2472892
2222447
2297164
2165290
2226785
2335557
2162424
2182570
2314201
2171645
2326327
2105561
2241384
2148220
2294566
2357028
2140980
2040715
2096389
2027771
2269531
2083301
2191740
2094149
2343910
2006288
2327808
2129465
2324681
2098543
2398131
2142053
2325571
2344892
2292285
2090051
2365282
2169181
2253264
2173596
2415498
2306131
2207940
2248219
2349336
2169032
2250665
2051496
2400086
2330610
2236741
2299326
2297223
2214839
2416094
2156991
2346388
2178854
2144927
2126282
2063340
2136850
2289778
2055148
2341482
2277466
2301539
2178190
2190187
2145770
2344182
2158776
2322388
2147514
2259879
1991959
2154276
2056298
2101470
1976931
2099418
2086687
2270290
2227476
2235604
2096895
2172586
2161790
2405868
2032675
2222959
2197059
2079853
2253647
2292276
2223776
2353455
2014515
2334698
2193602
2362822
2045721
2091950
2090463
2137234
2092739
2146448
2045093
2417364
2066399
2338009
2061995
2205536
2171999
1971081
1800900
2022613
1857703
2081643
2009110
2313510
1920673
1867259
2208359
1926288
1585518
1981801
1994169
2293714
2122843
2190465
1802037
1899350
2137725
2316594
2159361
2316003
2131752
2321690
2175058
2408973
1912604
2290605
2167949
2446252
2008681
2223971
2123645
2429780
2319698
2224990
2434348
2200933
2149928
2356991
2154334
2329795
2267117
2344758
2186490
2333075
2174354
2330537
2094586
2235250
2134916
2158886
2023404
2276367
2082450
2165446
1914363
2253532
2115195
2297966
2105491
2024507
2055464
2215827
2096776
2319105
2045056
