5192997
3687393
1702901
1981970
2393952
1842043
2443270
2171494
2468098
1787996
2275835
1930251
2420469
2009044
2524135
1937724
2527190
2023387
2434889
2069071
2544937
2185722
2337450
2204231
2531119
2123068
2483054
2159280
2439414
2312357
2375510
2463616
2486160
2166486
2450708
2266208
2427381
2288238
2450798
2052786
2650133
2485634
2439845
2552892
2458951
2251237
2551223
2526191
2502525
2300503
2509212
2333223
2474892
2054161
2523771
2046782
2641951
2238854
2647113
2506542
2534839
2462525
2334083
2479969
2498001
2101115
2466121
2548102
2585911
2280286
2177584
2563736
2447819
2398288
2505356
2561357
2552549
2447159
2591038
2472734
2527180
2509292
2505853
2189642
2600654
2301914
2640551
2496978
2554402
2477205
2355584
2568451
2523745
2120650
2608249
2594657
2586571
2657327
2531876
2363652
2399126
2471592
2611166
2577877
2533960
2559906
2546246
2482557
2658558
2450841
2535135
2484287
2510751
2426489
2421314
2176871
2610791
2483312
2437645
2492570
2559972
2434129
2550646
1971426
1979067
2302478
2367271
2590371
2440951
2324153
2153051
2345453
2382777
2231068
2380060
2274963
2372033
2175188
2348904
2351384
2242915
5992502
4658027
3205047
2246875
1945089
2504230
2481967
2415096
2428550
2390721
2419449
2406810
2338884
2451381
2404527
2459566
2462610
2458592
2461941
2337543
2277193
2484510
2480996
2476094
2441241
2459660
2466482
2441228
2355019
2409881
2473455
2466140
2401029
2489568
2429724
2413020
2401632
2473476
2483385
2464681
2453648
2427888
2463435
2457070
2372870
2455311
2459697
2428495
2369021
2382101
2360648
2441731
2368090
2444006
2358929
2457332
2470169
2465365
2422531
2441045
2395265
2417097
2442678
2461776
2382614
2491484
2405894
2370660
2371090
2326325
2421058
2349864
2341780
2404724
2327455
2410721
2240873
2406805
2429665
2242557
2231831
2318140
2229687
2359988
2336915
2475089
2441511
2428205
2392842
2452804
2311140
2354552
2427275
2412981
2522258
2412005
2419921
2475644
2456141
2485641
2356891
2493770
2504779
2418028
2464295
2502461
2327942
2385958
2267973
2274033
2225516
2302760
2323255
2474935
2362484
2497501
2302384
2485046
2250443
2447149
2419069
2483686
2389634
2424615
2461541
2366677
2240592
2456575
2388745
2489312
2393665
2490729
2431910
2446662
2379191
2474155
2197376
2513876
2408213
2496585
2457685
2408555
2247301
2507215
2372268
2472341
2364600
2508197
2417385
2491785
2210008
2364270
2071555
2377761
2323007
2395481
2313120
2447441
2325603
