1025920
637971
1208160
938297
989359
779004
1325108
951613
1322751
929371
1151286
927159
1534974
1162730
1311361
969580
1485783
955647
1385289
753703
1221716
589325
1094784
926540
1024729
760515
1245997
823967
988070
1053445
1154304
932126
1200244
1028184
1238658
892127
1184779
1001318
1181190
1063332
1168373
1056140
1261601
708231
1313127
1091739
1176081
1119326
1193096
1011444
1393298
977378
1428613
1023921
1352802
1151115
1419988
1052511
1126939
1199040
1353985
1242226
1373265
862031
1333506
865097
1299115
1152048
1295527
1092026
1309008
964947
974858
942255
1448636
899488
1386518
1127459
1275892
839404
1326990
1142630
1291620
824578
1182986
1000784
1478655
1002894
1132393
991098
1379552
984220
1246355
928280
1329850
786623
1265868
1047718
1510499
1048319
1435856
1143264
1258548
1039468
1332843
1125153
1372416
1070211
1048074
947404
1311315
1069811
1240489
700371
1303667
1001956
1448299
1130769
1132864
1088138
1335147
1359874
1387392
944318
1199735
1215332
1430173
1229391
1193835
1220010
1293217
911444
1248498
1144890
1463466
1205016
1386796
939902
1366168
785177
1396705
1067389
1491054
1103282
1327007
1064220
1292391
856769
1414656
1022705
1286437
980863
1257182
1008094
1366129
871351
1371148
1099156
4918830
2920874
937898
1102182
1396102
1141809
1370521
1025999
1408636
1107811
1202403
1081359
1424512
998839
1047751
822397
1199173
1096838
1370572
1097209
1185522
977884
1394125
1040745
1373968
1037929
1365206
981632
1296345
1148941
1124254
914437
1390257
1002604
1369918
1026069
1260177
979315
1468632
929041
1388326
1102670
1381837
1153152
1278788
1042577
1278415
939423
1364900
1173204
1434702
1202990
1275166
947634
1211855
783939
1230685
911958
1168670
986430
1198484
1007055
1179684
948927
1338456
906721
1178810
1057505
1350287
963775
1290121
887693
1325551
985262
1344705
974908
1265741
1005174
1075826
891753
1220017
1146939
1270775
972983
1261905
981469
1262821
903190
1410332
872762
1293131
948594
1390885
881843
1316146
1008437
1326997
968386
1200037
883325
1180056
1018873
1311375
1088465
1250377
979998
1223936
1010584
1296053
1036999
1293386
770225
1081788
914540
1276824
785457
1177139
1009812
1259370
948453
1248613
917817
1270888
990112
1243144
983846
1274546
988617
1167220
980361
1315066
906693
1336701
937918
1389603
748883
1230852
1015580
1307461
937592
1137461
982466
