1295722
682294
1156290
904383
1513780
887643
1504112
896616
1345788
1124916
1497780
1306613
1210433
1184765
1255408
7093807
7236597
3323582
3264622
1299677
1356677
1465033
1453753
1662821
1284446
1541620
1390141
1575896
1345006
1671354
1280143
1382675
1292137
1512842
1316217
1518543
1219148
1377817
1062431
1196390
1215560
1371888
1264549
1494256
1278367
1645711
1286561
1568081
1444995
1600995
1319468
4923698
3797119
1926202
1698823
1691241
1586150
1664461
1788209
1738627
1505165
1721262
1298522
1741253
1565459
1822469
1569244
1663135
1546254
1748631
1397279
1654911
1490356
1727819
1562896
1765361
1500825
1740123
1527994
1800619
1441445
1584545
1853866
1812544
1642618
1675335
1389119
1755110
1359276
1761012
1613625
1757623
1475363
1770979
1589470
1799772
1526223
1723672
1786001
1665810
1308312
1493053
1685117
1675249
1540104
1831160
1561380
1621404
1345548
1665378
1686352
1724049
1503903
1826653
1618666
1889253
1417798
1895138
1627954
1789879
1658293
1698036
1784808
1439018
1653137
1766009
1440157
1777351
1475304
1872631
1536896
1563419
1656436
1708206
1766117
1797693
1579815
1716403
1541990
1749101
1609372
1855007
1574840
1897369
1436927
1693682
1386625
1679308
1715912
1801981
1553760
1606266
1589480
1769474
1459940
1746486
1511895
1817238
1515025
1569234
1586590
1546731
1426854
1675982
1350686
1738406
1553630
1507388
1688506
1776203
1478638
1688815
1579935
1809140
1714375
1720428
1481423
1766127
1520969
1802882
1512476
1658588
1546964
1748214
1446072
1688742
1509490
1684395
1617015
1600279
1563101
1656271
1429113
1827923
1574746
1689698
1359277
1747075
1628172
1738909
1467269
1739409
1476394
1460918
1354693
1807033
1616181
1604811
1181773
1632506
1505781
1645661
1691038
1768117
1748185
1741227
1464859
1783942
1392711
1844244
1679646
1625819
1800767
1775247
1570310
1697988
1293024
1361238
1363842
1495108
1304527
1208666
1393429
1498125
1164934
1216202
1094897
1162608
1046963
1443712
1269467
1105024
1443663
1287313
1171839
1435793
4422018
2891457
955272
1725372
1777344
1790338
1834473
1835890
1610752
1853607
1595470
1862968
1748412
1698186
1566990
1661025
1771617
1668066
1815123
1739423
1363763
1633906
1297310
1310043
1391242
1712922
1544666
1746539
1562356
1721109
1680712
1873735
1647465
1804348
1545536
1786825
1461119
1722696
1631019
1773333
1576725
1570271
1740796
1853225
1717386
1653578
1500154
1603716
1345247
1481370
1411632
1625575
1384151
1651679
