976030
999281
1195536
854764
1311399
1163170
1281386
1149891
1067871
1056284
657978
663079
996216
1076031
1314604
985427
1296094
1205769
1359803
953697
1358122
895334
1365850
996644
1013760
1717827
4278010
2141698
666127
1247557
1360527
1128069
1288348
1260994
1364854
1181153
1501032
1247598
1359613
1019394
1352773
1080579
1389553
1192340
1460127
1053214
1417487
994146
1475397
1172234
1506780
1123464
1397261
1156229
1338539
1099048
1364589
1110844
1469264
1145732
1341177
1031143
685038
1032580
1421998
1061149
1060143
1162929
1413707
1168752
1439020
1021608
1419135
1002173
1272410
1153505
1439917
1027151
1494337
987833
1408987
1237099
1398907
1081551
1391961
1126667
1419680
1026542
1461467
1165393
1485426
1047274
1416972
1166681
1349758
1242120
1427997
1088572
1290174
963293
1467935
974608
1389934
1036703
1389286
1035078
1414827
1029708
1445430
1049925
1343027
1057826
976277
1136469
1312955
1054382
1252550
1204269
1375906
979068
1394781
1046555
1439850
1115840
1428771
1105690
1328207
1051298
1237651
1200313
1413011
1025322
1367687
1067927
1420498
993573
1312137
1134540
1410791
1058248
1425167
873449
1363963
1122087
1501192
1335614
1279487
1442791
1448517
1338908
1408732
945345
1514562
1079993
1029122
1018513
1402665
1207805
1292649
1209069
1405721
980385
1277382
1185491
1440979
1237838
1237400
1295268
1396401
1098872
1407350
1005740
1349730
1346755
1272542
1146529
1371742
1205018
1277239
1094563
1254090
1181396
1191229
1145725
1260400
1079542
1454556
1027037
1435101
1125893
1342794
1098825
1345077
1018422
1456399
1071596
1437826
1078942
1385891
1137679
1298086
943065
1452216
1062663
1251036
1099699
1384484
1139429
1404411
1084726
1393344
1087872
1384591
1135086
1391881
1150465
1267719
970302
1393574
1081639
1393126
1100127
1347795
1043872
1303390
1037586
1390169
1082389
1302807
1034350
1390878
1078353
1301156
1102632
1243230
1020398
1304414
1082408
1441485
1080412
1284159
993983
1397160
1074988
1326530
1119217
1389041
1095185
1330411
1135823
1444176
891495
1417727
1080369
1407422
1114023
1338351
852119
1349614
954412
1360694
1049154
1324849
1090005
1301122
1179484
1281335
1025197
1344389
1152192
1354300
1122115
1425031
1148115
1223189
1092272
1294766
1077503
3926031
2794132
1323409
1095527
1409476
1161021
1341662
1347601
1384587
1109708
1391085
1111704
1300274
1219675
1381647
1112635
1389511
1139766
1259284
1084548
1438239
1165846
