2264012
1394412
1621216
1108174
1244302
1607571
1441465
1818521
1443594
1335882
1635062
1592179
1522292
1852725
1794764
1853869
1399195
1737785
1067104
1594408
1497994
1550983
1311758
1646436
1348866
1557313
1235270
1873745
1563279
1849729
1739935
1471166
2929407
5041948
3392818
1242091
1589328
1847273
1862161
1862041
1772795
1564897
1590244
1832499
1806818
1872426
1569982
1837808
1863615
1871334
1699053
1731490
1379806
1711820
1574539
1787652
1393838
1837771
1574108
1722442
1681675
1740974
1697933
1808418
1692816
1829118
1611015
1706540
1436416
1943167
1912552
1732794
1621761
1838715
1703611
1932141
1648208
1940428
1701710
1888835
1645254
1934040
1698013
1878071
1446966
1970758
1667442
1875706
1694411
1891779
1726105
1863769
1815132
1814458
1507237
1833804
1361797
1911297
1592941
1773584
1743223
1823495
1716454
1918960
1702129
1934396
1715238
1872229
1348172
1946927
1726281
1938915
1774668
1856713
1707010
1874335
1538420
1558673
1732943
1933852
1745650
1865019
1715048
1936767
1613091
1883444
1666484
1923711
1737057
1869981
1806650
1740246
1652274
1827899
1744281
1846926
1796594
1851615
1816147
1856181
1844525
1865686
1807998
1916697
1913614
1917013
1901241
1913766
1695566
1837545
1920373
1865079
1886135
1869309
1892433
1921181
1784422
1933088
1958611
1933714
1881375
1892755
1885661
1930994
1770307
1886982
1914140
1728570
1743916
1933385
1888329
1950516
1899909
1932651
1881992
1927368
1681305
1927054
1820591
1909226
1901180
1906090
1874515
1916030
1778537
1919906
1821204
1929036
1900624
1937764
1882402
1870283
1777218
1864564
1872629
1928767
1807081
1950361
1969498
1929171
1773559
1874765
1879045
1926403
1895299
1916794
1770396
1920380
1775684
1950070
1857289
1730652
1810604
1889295
1896332
1926100
1761907
1932707
1865648
1921573
1968619
1908552
1914220
1900784
1787451
1928669
1876143
1803938
1721292
1762983
1862550
1884378
1690765
1887732
1788163
1911236
1883295
1956978
1981552
1920834
1764903
1933070
1855909
1927274
1914530
1939594
1950671
1930507
1781969
1924976
1895695
1880308
1858964
1933331
1946237
1929015
1781147
1940966
1871522
1910978
1873293
1877872
1886491
1914026
1798858
1916842
1780487
1875773
1830672
1935319
1871131
1859853
1763882
1924702
1773617
1888720
1778870
1899072
1664955
1870463
1577369
1868053
2964084
5232491
3548204
1431247
1923367
1923823
1921263
1933658
1935992
1932393
1859799
1866990
1767114
1934666
1969544
1922166
1914695
1945523
