2624370
946088
1582076
1727414
1785612
1748855
1311309
1773659
1759597
1575702
1647183
1600390
1678457
1786161
1746979
1242556
1835356
1471360
1758175
1734385
1677920
1814629
1790258
1458927
1872417
1542638
1821373
1749496
1837821
1771998
1857242
1709303
1870931
1650673
1883556
1752226
1826035
1815221
1876229
1852406
1756020
1855442
1306045
1634760
1866381
1496478
1893058
1503827
1718505
1294353
1450918
1504188
1874351
1670024
1690174
1360125
1894974
1812032
1691394
1369964
1885368
1706442
1774965
1483066
1890866
1565761
1816836
1535021
1884462
1712464
1742821
1716295
1843612
1786614
1853667
1424884
1867037
1574372
1926744
1381596
1986492
1536212
1682440
1659044
1918005
1439376
1923986
1436410
1896988
1469997
1824268
1420545
1457502
1482662
1745954
1515832
1729672
1327170
1778216
1556218
1624215
1574350
1898422
1623247
1785862
1487512
1881121
1394302
1841912
1271384
1839235
1679471
1761410
1826603
1787318
1850046
1833378
1782901
1848324
1713485
1736205
1793665
1854508
1792087
1854021
1742965
1861838
1551716
1916981
1801018
1851740
1787033
1844892
1791189
1786750
1740159
1846417
1785122
1849961
1802314
1820084
1770628
1503110
1700749
1850918
1836668
1851613
1797512
1838071
1733985
1783697
1712941
1851743
1828527
1818676
1727665
1838151
1787749
1847866
1717156
1842457
1829999
1841897
1757636
1667413
1732962
1844864
1677382
1878386
1643770
1906618
1803152
1848653
1769017
1844844
1732613
1845542
1832236
1860407
1748929
1838706
1785527
1828704
1732442
1774068
1841928
1846254
1788207
1755751
1624560
1898249
1746511
1838592
1846875
1854771
1795276
1842363
1782107
1833240
1706054
1790958
1827344
1855527
1796243
1790687
1663811
1900453
1765862
1866687
1827883
1864328
1699395
1852774
1775264
1787899
1711234
1854777
1778410
1834543
1521315
1894406
1804107
1851176
1759840
1851887
1823019
1843263
1664447
1906065
1580304
1869187
1599081
1919811
1797235
1748518
1481381
1902464
1675945
1860983
1587753
1884812
3974910
3593967
1867217
1712998
1786129
1845702
1779231
1847409
1705619
1831766
1734901
1838405
1818959
1831341
1760699
1857829
1701750
1715635
1705495
1737794
1761285
1834140
1740826
1788946
1760111
1766199
1666386
1753350
1795323
1851948
1793298
1852188
1732565
1860471
1743188
1836177
1736478
1678680
1730290
1785132
1706310
1883681
1732400
1868137
1743798
1737917
1714012
1807601
1765925
1724691
1638654
1846006
1648810
1675281
1757466
1706940
1784179
1839160
1740352
