1232795
765750
1312029
909892
1120778
862447
1463085
932962
1446218
712302
1599701
1035999
1617462
798389
1080058
1025668
1337929
949084
1466113
1036093
1253828
1489539
1636436
1480034
1561427
1379063
1651586
1174799
1643721
1376700
1627639
1100629
1544974
1086688
1414832
1167297
1499294
781026
1695558
1100124
1650089
1174020
1394205
1317894
1506224
1420558
1658386
753643
1432078
804806
1660914
1499986
1646753
1440778
1497397
1079797
1270714
955820
1584978
1057290
1661236
1226326
1712593
1158537
1534308
1139787
1631539
1312406
1710409
1245955
1250445
1148491
1718781
1438413
1334617
1363075
1812911
1441472
1726874
1340407
1746421
1432897
1605341
1454883
1319305
1629799
1761770
1112741
1769982
1242191
1457315
1549355
1742294
1364014
1696314
1668544
1622983
1614563
1739354
1619044
1788562
1553302
1545887
1405030
1699390
1438960
1628980
1694395
1778921
1324655
1772211
958019
1504979
1559351
1596293
1618549
1767936
1638375
1636175
1692689
1522878
1481194
1746637
1700150
1615349
1354303
1774265
1355616
1772451
1460124
1747897
1701548
1680278
1467407
1622309
1211219
1746764
1455253
1862116
1404195
1801925
1634494
1700374
1246829
1570738
1389369
1789369
1649162
1647343
1568029
1579465
1179515
1683674
1436841
1570129
1516002
4981939
4159019
2178030
947307
1525242
1230269
1610694
1089957
1476975
1150298
1439377
1133450
1587218
1323045
1228630
1141998
1557618
1274210
1311439
1086447
1440951
1176878
1637437
1283338
1618514
1483958
1627934
1173315
1656585
1680717
1716310
1491341
1561065
1586597
1728525
1487198
1699946
1544732
1698472
1077705
1695169
1703759
1667706
1457352
1787736
1575993
1560616
1366527
1693499
1659624
1774420
1381940
1745787
1621227
1657008
1400352
1732277
1653150
1785304
1141019
1729384
1678065
1730618
1402346
1762874
1543218
1776591
1314433
1647922
1551301
1727104
1265631
1764187
1669143
1779928
1273874
1639551
1661556
1684044
1156464
1726549
1650810
1789813
1155881
1746852
1708807
1892926
1187079
1755780
1322624
1656084
1367336
1502801
1566882
1563462
1188149
1897184
1678391
1730935
1458653
1860148
1673423
1839915
1449707
1793580
1725041
1796306
1641359
1764285
1677463
1801570
1450783
1767760
1611542
1557277
1339256
1790718
1696847
1791672
1692307
1807319
1518259
1749843
1529099
1838351
1543476
1686760
1613694
1691370
1617063
1584985
1200297
1703332
1598383
1741813
1605803
1747620
1617916
1638469
1567039
1702740
1596119
1807732
1638910
