1572540
1537375
1388980
1335873
1339524
1551344
1519104
1361151
1432175
1313199
1308663
1579644
1293544
1545290
1632039
1563973
1583751
1611252
1535367
1579787
1595465
1696850
1586595
1604827
1653501
1595509
1301895
1731241
1336344
1662660
1605965
1687321
1650689
1533366
1605238
1718451
1657861
1718404
1671195
1691056
1651816
1616249
1569215
1644126
1642967
1692602
1642893
1708548
1601931
1722684
1695078
1755488
1736014
1756916
1709531
1675691
1729162
1668483
1700590
1561925
1460894
3322863
4680061
2772825
987631
1735572
1734049
1744294
1743084
1770572
1744011
1782091
1727548
1715928
1678445
1754782
1501160
1720278
1708042
4089819
2792600
2640543
1844352
1838501
1835614
1899948
1758012
1845812
1786042
1875013
1825956
1825539
1834118
1893928
1792624
1820532
1749452
1735068
1600127
1757336
1843741
1621230
1607163
1255405
1079251
1238663
1448749
1703114
1343143
1682451
1737894
1866788
1865020
1824493
1708947
1878013
1895753
1790908
1762455
1614881
1902357
1814396
1702907
1770156
1335015
1720459
1157946
1406325
1444654
1686573
1617157
1646918
1675975
1685449
1646207
1673041
1537864
1531995
1688728
1789662
1721337
1755514
1505826
1781394
1565490
1758201
1756194
1751637
1681629
1718498
1716362
1777456
1695860
1747707
1715752
1724522
1679891
1693945
1723547
1770637
1554367
1667358
1611501
1693122
1758561
1648814
1690656
1731618
1700984
1595951
1347717
1275611
1443136
1424580
1384228
1493025
1399490
1154159
1297036
1641963
1333359
1475061
1201378
1705981
1424652
1720374
1287809
1720876
1433070
1710968
1276213
1784104
1481149
1814605
1574891
1783803
1590701
1833971
1630507
1762812
1487320
1764674
1554399
1716573
1569910
1723604
1570676
1762076
1566074
1864112
1519451
1559745
1487319
1694019
1446384
1781386
1575905
1828315
1641091
1743782
1843403
1808107
1590057
1801974
1634807
1796637
1550071
1814484
1621260
1696561
1455726
1591302
1784613
1813469
1390364
1913937
1671477
1825322
1547475
1922944
1578580
1795263
1568372
1749658
1687310
1828754
1603962
1884893
1618267
1817863
1559408
1794243
1776928
1799139
1735988
1868162
1616755
1793486
1468800
1748619
1702083
1661986
1694288
1417072
1474500
1725178
1577001
1704622
1502631
1660371
1713375
1812947
1680782
1795352
1610339
1766052
1629632
1696198
1476513
1804899
1742373
1697706
1649920
1633075
1623153
1626395
1462336
1670795
1720173
1859948
1746276
1803812
1736082
1727097
1625771
1714202
1695178
1737695
1547024
1661865
