14372333
12706996
2189828
3287141
1323718
1148411
1137961
1199467
1624510
1192680
1213416
881256
1090772
996224
1435774
1147761
1360371
1387011
1386463
1133777
1539291
1190383
1460848
1474529
1466422
1340670
1366523
1067689
1302254
1052231
1357569
1125889
1394062
1104333
1408726
1236307
1561349
1064183
1558231
1144590
1592262
1256002
1561944
1159377
1500471
1066609
1284678
1036608
1325185
1132965
1431749
1323529
1686141
1352529
1449979
1454957
1381411
1533893
1515960
1542180
1577070
1355403
1618333
1449605
1624097
1543487
1664798
1646541
1669451
1675911
1634917
1407702
1148007
1187486
1470430
1262749
1535478
1176548
1538084
1475080
1552744
1455894
1564668
1371466
1615258
1263601
1626964
1623760
1426448
1329617
1574059
1371368
1485724
1474861
1532985
1437390
1536328
1267762
1431140
1478544
1438364
1389673
1640782
1278424
1625945
1626115
1614492
1526428
1698092
1594974
1723074
1422303
1668798
1609673
1730111
1489436
1695943
1662729
1607463
1433323
1520062
1687644
1607561
1650901
1726375
1597791
1772180
1480203
1640047
1760394
1756460
1658631
1806396
1659115
1754466
1514043
1773268
1650515
1772050
1700739
1638074
1646687
1790390
1510197
1624458
1655624
1784230
1561190
1707245
1543942
1771850
1867905
1881776
1627414
1834811
1675957
1680491
1694357
1766410
1618344
1718480
1774240
1685740
1553867
1751956
1740413
1602614
1599707
1602842
1443278
5528294
3792679
1883587
1349128
1763755
1586334
1698886
1571439
1701715
1709315
1814096
1468104
1771480
1648104
1778911
1695349
1729970
1664055
1716498
1462928
1764877
1252540
1653417
1427519
1417004
1598674
1645958
1703975
1658668
1662445
1794457
1402749
1738287
1723238
1798608
1534874
1778146
1425242
1663983
1571916
1763689
1485404
1759686
1659960
1792828
1429674
1667634
1625731
1732828
1429188
1765594
1684847
1755166
1528334
1759914
1770058
1750695
1492842
1644041
1731230
1786727
1724716
1668130
1556928
1758208
1679966
1743464
1571127
1620892
1519629
1825221
1416283
1759373
1293062
1610774
1606828
1574794
1532504
1761726
1689901
1739023
1574549
1709225
1566619
1759426
1744583
1767811
1599210
1756371
1585222
1791855
1733855
1708880
1725086
1760034
1709305
1583969
4280161
2922320
3555704
3339733
1420459
1748987
1471289
1775363
1646713
1652335
1601044
1644555
1466812
1656235
1408115
1604218
1479188
1803723
1541678
1622250
1714865
1642514
1508015
1717094
1523318
1709872
1629414
1831196
1775463
1646644
1452586
1586579
1567246
