4151808
2172511
2258897
1958602
2542310
2079799
2476398
2144136
2354904
2066748
2357765
2172945
2506421
1951870
2400067
1820621
2429069
2450622
2410261
2453106
2453349
2388578
2525388
2323678
2422441
2362315
2287188
2429944
2397170
2460292
2168499
2408924
2340143
2588073
2495474
2382169
2497412
2445324
2487414
2406190
2246460
2544667
2270942
2361487
2430218
2321934
2457610
2143212
2222457
2484401
2303858
2476870
2379048
2410977
2338934
2114290
2458274
2294313
2278499
2411770
2382284
2377970
2206773
2199831
2232000
2111078
2148516
2475837
2308500
2256941
2305911
1917444
2476427
2139920
2436897
2076659
2244094
2104795
2318821
2096569
2261158
1969353
2422827
2219722
2388225
1849823
2450859
2050348
2463897
2322581
2420817
2210634
2454491
2212061
2204304
2200679
2430071
2605302
2261717
2172094
2099693
2249727
2063640
2515165
2226114
2174729
2356489
2226125
2236610
2273903
2104869
2286238
2301185
2123599
2351308
2141612
2341271
2233044
2185432
2021293
2237738
2200142
2246952
2305998
2244437
2244231
2250944
2025086
2421508
2169354
2320253
2213643
2135773
2350155
2222243
2096600
2239003
2185139
2244871
2274602
2001712
2285605
2300098
2027587
2186218
2201465
2226885
2230697
2143977
2122695
2292338
2098709
2202171
2200459
2275081
2161938
2247977
2179547
2281843
2149378
1950809
2172374
2101554
2172738
2142700
2035419
2169227
1970422
2499214
2273614
2235964
2194754
4292278
5025862
3075854
1155700
2624133
2550125
2465585
2406308
2280034
2527066
2576736
2337208
2373844
2302801
2449638
2329704
2412018
2368497
2238941
2024169
2274214
1987399
2246624
2245381
2485569
2510205
2261599
2367709
2337167
2370460
2339591
2322819
2454551
2209258
2234546
1890993
2317042
2431748
2424200
2335980
2380088
2299710
2327254
2199643
2330114
2279749
2102821
1878972
2406001
2227174
2234538
2083815
2209713
2175697
2306654
2294888
2294888
2306119
2238050
2114487
2388425
2350020
2345821
2049343
2310035
2441334
2260196
2274273
2241144
2251574
2367850
2290130
2300734
2401484
2264564
2253369
2256249
2306000
2204157
2391288
2197903
2194712
2518369
2221411
2194183
2074549
2450891
2159549
2388318
2430124
2339460
2373540
2293344
2007027
2114399
2339074
2189588
2347825
2164743
2024869
2284740
1920187
2387909
2017613
2398449
2128441
2395883
2195480
1936539
1852069
2304675
2315718
2218552
2164618
2227762
1955078
2431878
2256978
2195584
2266532
2290668
2301785
2307978
2152534
2293279
2299675
2241397
2287368
