2529098
3309114
3674405
1695409
1347487
1735402
1445327
1657818
1587198
1646374
1419580
1703922
1384658
1731167
1642696
1699658
1557484
1865929
1701569
1598315
1449204
1540911
1516501
1632131
1469747
1759314
1460752
1754600
1380250
1650319
1598495
1868162
1595891
1668029
1355689
1745739
1452567
1648334
1589740
1849742
1717185
1909656
1625004
1854675
1803948
1697631
1751410
1794565
1683915
1813540
1695332
1772016
1731809
1689173
1486139
1752064
1465284
1740868
1527771
1799308
1747791
1652404
1528264
1836315
1607344
1834260
1628944
1584425
1629780
1789609
1538766
1703765
1591627
1778660
1527521
1673963
1545336
1630804
1556193
1894911
1470494
1677870
1665097
1794549
1740994
1566074
1473555
5128042
3656446
1726139
1818744
1830862
1846568
1871375
1712657
1860052
1521598
1727413
1493701
1699569
1582250
1601394
1485543
1857699
1235079
1721640
1409794
1792444
1438031
1673779
1680282
1744036
1375729
1694839
1591958
1796227
1769110
1895351
1782206
1771891
1373476
1510316
1437836
1558515
1646167
1652819
1713225
1226214
1148711
1474642
1322728
1733345
1458563
1801124
1469545
1615972
1232852
1703051
1314047
1708524
1334744
1668641
1537744
1649350
1508804
1706450
1477920
1688298
1378579
1668568
1549819
1599340
1457405
1534586
1375734
1689163
1449454
1652837
1561952
1661338
1435171
1588434
1497414
1682914
1586657
1593075
1641951
1601460
1356516
1737815
1468053
1673048
1658510
1664523
1673587
1476969
1531256
1633386
1624527
1552370
1367093
1728618
1597265
1370256
1562931
1766955
1630224
1759260
1617688
1639861
1539594
1621091
1657561
1718918
1602385
1707195
1521850
1682024
1647521
1749269
1613691
1597608
1561250
1478793
1522321
1712225
1615812
1668670
1505904
1729651
1510254
1660607
1647387
1750361
1542898
1672650
1761519
1653043
1652290
1619663
1624500
1566006
1330710
1669184
1713222
1637524
1553264
1632553
1679984
1589826
1450055
1747589
1347733
1692222
1677790
1797928
1616736
1749726
1647128
1790089
1621882
1597761
1661832
1643074
1702231
1733481
1618185
1669255
1607169
1610254
1631351
1590860
1644786
1705109
1365138
1538399
1707704
1616950
1708317
1709147
1547938
1761758
1561445
1691251
1416880
1595731
1576573
1624582
1558969
1564583
1479539
1569551
1624510
1757348
1655200
1722143
1698643
1755598
1811080
1574144
1683291
1735815
1600305
1877669
1617475
1619880
1700794
1677179
1692611
1727025
1567484
1629444
1706891
1796500
1756255
1775967
1723367
1829205
1650948
1728688
