969243
1365025
1192329
1091707
1091403
1362180
1290409
1404656
1435580
1333492
1542900
1357733
1362422
1330939
1534813
1238506
1300255
1366962
1399962
1426269
1553871
1420828
1490461
1442429
1214858
1215222
1268100
3942518
2359164
1445235
1296068
1266613
1382721
1325523
1524131
1473721
1392470
1520686
1359758
1445790
1546558
1478641
1303420
1510611
1451250
1392485
1377454
1475740
1474255
1285283
1481229
1420299
1537308
1290875
1335203
1515500
1677328
1433260
1265509
1421247
1356453
1545977
1551550
1293145
1570387
1350684
1603131
1516870
1465228
1367066
1597079
1467055
1440418
1421131
1446394
1470452
1520019
1582252
1586872
1262689
1477516
1547783
1518876
1437431
1456077
1389694
1273475
1205912
1485702
1409697
1606867
1587794
1371250
1537930
1567914
1452595
1344945
1486861
1629486
1409031
1415148
1488391
1388831
1388099
1622942
1411770
1527406
1571632
1607179
1519917
1602652
1453421
1490863
1534647
1497895
1557599
1560772
1480462
1508635
1444134
1296761
1353246
1604408
1577797
1611668
1566125
1523381
1381648
1622772
1306095
1531719
1563927
1546258
1604034
1625125
1489358
1466262
1372026
1501500
1561928
1412094
1356413
1411152
1482521
1476004
1535027
1429746
1475932
1604469
1496707
1588265
1390708
1578712
1416577
1519177
1433546
1321052
1525361
1486208
1483279
1462859
1288582
1276338
1470110
1329814
1374769
1236133
1321691
1341300
1372479
1385169
1530202
1347797
1562526
1528773
1302251
1405141
1386905
1438026
1206403
1564656
1418464
1393759
1418690
1447709
1391182
1553442
1404850
1288525
1435871
1410897
1352795
1374317
1531298
1556048
1340000
1291463
1532527
1444391
1448750
1408747
1217863
1292403
1441206
1395250
1412912
1331389
1367696
1342571
1336391
1443700
1253968
1225114
1282518
1515662
1470084
1382222
1560508
1436529
1411756
1234268
1439656
1246154
1277434
1198409
1462507
1350229
1333190
1390831
1312308
1269115
1259788
1277127
1376719
1378736
1574418
1294302
1290002
1351447
1296649
1379849
1529607
1166431
1371806
1177414
1210470
1202969
1255309
1423313
1405790
1183041
1344806
1351430
1297374
1103398
1377337
1336008
1172793
1161051
1314808
1130975
1256845
1335869
1191083
1221903
1278549
1010550
1256210
1103904
1285541
1086176
1190139
1115089
1231534
815122
1144255
1047398
1016518
2497333
2300444
2006241
839640
1244327
1226216
1144424
1331937
1080615
1438310
1122579
1346832
1305949
1251622
1146840
1424353
1269887
1389415
1261545
1298446
1163497
1044709
