1568522
1046326
1003262
1108183
1379368
833610
1701432
1133459
1560468
1510770
1211432
981650
3649126
1726303
1730253
1444312
1725846
1434611
1718830
1364626
1139671
1156847
1509724
1592376
1707220
1028746
1802857
1316262
1752526
1282817
1662803
1181314
1750872
1280384
1816391
967022
1792797
1263591
1842804
1373999
1621470
1461884
1722806
1621399
1767236
1181840
1793102
1447777
1732583
1407601
1701155
1727630
1761880
1355425
1748752
1382236
1711896
1388571
1730167
1425178
1653698
1410907
1678466
1398332
1692787
1378539
1739225
1751901
1747023
1230970
1608414
1143724
1519511
1057564
1699692
1268546
1607828
1330781
1649461
1289168
1627753
1437246
1688214
1463561
1732197
1082393
1807430
1258594
1802522
1620083
1696022
1391402
1759857
1658380
1754370
1107072
1809717
1425004
1742606
1643258
1783950
1599848
1389586
1291918
1782774
1224300
1689435
1283367
1417068
1411713
1674265
1312233
1741880
1345201
1629737
1325032
1511205
1503845
1644546
1210693
1460460
864878
1191122
937603
1538718
1259802
1248799
959335
1677492
1284922
1439304
1252822
1438089
1108683
1502614
937386
1399999
1249226
1584275
1073538
1401253
1235706
1380551
1241926
1514770
944375
1491403
1350045
1582910
1383138
1453788
1106526
1536033
1084711
1569969
1215107
1587379
1290880
1589014
1237657
1386927
841437
1328867
1329660
1586320
1188957
1468835
1302062
1471358
1196050
1403185
1087012
1270171
1479954
1445102
1118293
1542642
1159529
1687236
962331
1580320
1045583
1688196
1308446
1505634
1271888
1649346
1213105
1707470
1083823
1639866
1403623
1632473
1431697
1664989
1102574
1416035
1388884
1614264
1536795
1594009
1370061
1697372
1233757
1655608
1336743
1613455
1407562
1690052
1411058
1593318
1080622
1702771
1340028
1616343
1442817
1506306
1365998
1605295
1273187
1589499
1247664
1584850
1461185
1518027
1283629
1648081
1350538
1535699
1233277
1715610
1456648
1526134
1321191
1464300
1131860
1315117
902109
1715096
1285276
1339063
1200218
1304279
1190109
1467403
1104436
1333953
1242564
1321691
850316
1179178
901970
1084321
872090
1163300
878607
1282549
965480
873739
899271
1230661
2126374
4369831
2526575
1383931
1656276
1747200
1554185
1761240
1692466
1727190
1617389
1746836
1554764
1748772
1527852
1745837
1706984
1735511
1636861
1763426
1387463
1706982
1403030
1764239
1504537
1722358
1803052
1739483
1448451
1743044
1516409
1793246
1801269
1804346
1657081
1721981
1437129
1795032
1589750
