884139
940096
1367263
1160929
1111407
1192324
1311295
1002875
2058107
4315219
2338128
466420
943469
976031
1165423
1161500
998146
1119019
1199034
1252820
1178842
648076
889021
992344
1293285
1350181
1055594
1123383
997946
1201911
1082933
1174350
1109962
1174791
1297942
1185487
1025209
1214794
1238697
1106170
1053419
1231107
1287578
1142386
1322406
1439148
1116026
1253764
1176518
1077165
1301434
1220994
1025309
1364398
1223287
1133395
1117661
1057184
994670
1178140
1367145
1160779
1133687
1159735
1144768
1286787
1069406
1110521
1162058
1144581
1025154
1214468
1098357
1275366
1317007
1228947
1040773
1201976
1414046
1198797
1192469
1245738
1128066
1299558
1183952
1299077
1255626
1264777
1445284
1177208
1333897
1209681
1172898
1120571
930156
1322266
1179779
1318112
1164382
1036360
1404165
1005080
1093902
1322715
1329942
1151335
1402913
1233584
1230346
1348205
1226264
1313495
1166187
1328150
1114602
1182781
1429715
1117068
1166209
1239969
1161143
1261657
1095925
1211871
1117751
1244342
1199460
1437564
1174980
1245038
1244572
1308415
1323957
1347601
1253089
1190538
1165249
1167083
976606
1117030
1336588
1237826
1175071
1205852
1237173
1411214
1264161
1198108
1121250
1285645
1019171
1188430
1181001
1127492
1329163
1329654
1141566
1236006
1105527
1204771
1161557
1191261
1076528
1256792
1065875
1216993
1130105
1231707
879892
1205173
1085058
1136935
1131645
1287434
1184984
1279447
1220130
1304446
1191249
1144067
1216630
1205725
1267175
1154232
1369269
1370903
1283014
1064101
1149946
1210470
1320493
1207724
1140963
1200379
990510
1284544
1073116
1240054
1195648
1173806
1440826
1186657
1016283
1173017
1331770
1289185
1184397
1264521
1186314
1382063
1385420
1197477
1275149
1148567
1273345
1185763
936821
1200352
1115405
1304366
1162352
1241473
1395557
1253057
1154738
1048328
1091871
1189271
1298551
1200026
1320874
1251389
1397814
1255743
1296866
1222734
1111130
1017890
1003022
1217636
1095876
1187183
1231079
1085053
1112109
1209367
1152020
1302710
1125015
1112143
1232890
1195494
1291148
1168489
1107200
1227136
1364471
1152777
944757
1017787
1911396
3154957
2198791
765084
1040817
1265829
1291392
1190791
1116646
1215563
1147722
1154839
1289445
1174867
1062433
1186504
1166889
1305835
1061602
1158793
1070174
1078597
1118489
1132548
1066223
1270096
1426410
1173297
1160535
1069374
1072608
1251798
1128452
1310602
1116813
947827
1101805
1280478
1198371
1088706
