6593390
4622818
2588989
1359488
1210360
2175458
1456583
2115343
1528282
2365420
2030589
2182226
1551626
2356189
1871391
2267853
1800103
2258986
1442054
2214555
1513312
2218456
1499613
2348302
2104776
2424924
2095184
2213877
1916370
2410977
2273435
2355909
2211753
2506248
2302898
2518221
2231494
2317491
2237814
2524688
1680911
2475043
2125943
2496052
1979768
2459750
1966410
2201433
2008489
2425240
2097282
2411114
2091405
2461104
2175204
2541857
2224489
2427948
2116933
2162540
1854863
2401240
2093261
2410666
2179462
2309780
2472810
2312699
2269945
2458841
2273673
2465256
2240305
2455377
2361309
2401375
2177880
2388371
1990707
2462214
2224799
2398196
2111646
2455024
2355482
2430652
2247092
2390290
2108542
2321766
2353949
2451502
2266668
2463792
2334283
2446237
2150231
2463987
2292760
2477523
2138528
2449020
2206767
2418140
2133804
2471205
2357439
2470100
2263998
2466995
2345859
2473325
2229577
2457948
2323915
2493327
2232828
2392105
2347140
2307673
2225165
2483820
2326519
2509797
2337569
2467848
2338294
2472676
2178992
2438402
2362585
2455960
2163867
2517711
2354266
2439962
2202228
2396280
2360720
2442232
2225148
2469785
2150608
2118668
1836367
2388986
2185054
2260038
2321013
2137561
2155177
2240874
1852867
2417490
2294229
2402999
1958154
2297742
2227152
2402435
2159233
2387210
2329929
2432525
2109047
2470052
2263448
2444522
4398186
4953782
3012551
2322822
2070859
2507537
2327688
2422696
2082599
2375340
2125476
2520053
2246034
2394263
2219524
2280482
2142142
2384047
2036472
2299093
2261325
2490318
2305823
2470790
2215448
2548952
2148052
2542471
2109082
2555971
2323165
2454026
2289869
2546981
2246398
2531867
2236993
2502335
2285432
2543992
2309433
2452944
2209588
2566113
2201852
2591501
2324394
2553236
2123472
2599348
2325319
2335605
2572552
2307119
2477027
2576523
2284825
2549303
2078162
2621018
2236513
2643757
2169381
2307850
2136598
2172532
2204513
2430667
2153827
2400294
2539222
2569748
2230614
2547432
2233624
2521284
2110091
2371409
2499882
2237674
2477740
2396076
1881503
2161810
2328443
2349055
2371346
2575122
1875689
2468931
2244827
2523727
2256239
2566953
2224804
2375760
2549651
2351151
2509806
2326448
2073620
2301718
2319524
2431521
2182964
2393182
2301831
2384339
2026909
2266353
2233550
2305428
2009992
2355345
2159397
2202562
2114107
2347611
2128798
2390821
2151807
2416773
2212777
2405340
2105617
2318434
2160843
2375506
2264724
2385215
2108252
2416293
