500385
939676
1130410
1397581
1144818
1240019
900990
1089095
873033
1193949
434861
1295764
1182299
1319881
1264361
1317897
1210464
1089808
1225832
1392720
1290503
1360383
799682
1163942
699309
1210747
1092982
1308747
1075543
909329
1105208
1392042
1118766
1180386
979853
1373038
876798
1367892
1052668
1121467
986441
1380497
593694
1096669
962064
1218398
600554
1356789
779512
1255403
898256
1061162
695870
1221253
923373
1146405
716615
1390037
844451
1196121
875838
1202388
956398
1104782
904363
1299956
629553
1366552
741228
1205321
895467
1173912
928041
1138487
692442
1339438
1038258
1045512
1012491
920613
850586
1408238
799198
1349433
800775
1347653
778756
950742
974300
1034150
724026
1395919
612355
739909
1062470
983727
635971
1373625
1170798
935646
867740
1062769
788134
1139207
840916
1401801
1044242
1231714
844870
1437965
1042140
1224253
908482
1116014
598019
853858
1092720
1109136
543677
1251463
969617
1164577
558549
1418774
1192908
1178968
817652
1207695
814110
1423423
1099324
1099234
720563
1255829
441526
1428168
1220449
1052492
983748
1439106
1042278
1335245
817260
1338301
716697
1228613
661110
1107263
959077
1075652
1090905
1454785
1133219
959741
994697
1384728
751841
1187475
664226
1199059
710638
1113470
828980
1377597
1325463
1167779
838860
1288296
1053369
1026924
796358
1317532
738479
1161192
848257
1032894
745933
1091159
939841
1136948
952921
1459699
1130277
1220322
662393
1422109
535095
1313058
836477
891837
850458
942992
648564
1329771
984813
1159247
554107
1307556
524169
1210219
753672
1160941
552806
1132308
759965
817491
522622
1088674
1402215
2743706
1977842
712047
898891
1395740
812339
1142065
934872
1249473
776463
1278060
1073381
1243346
1075332
1327351
650344
1247170
779137
1329998
747273
1033699
828726
1299958
1104723
1256212
1130028
1190556
1103935
1163820
588344
1159792
644478
1254589
802081
1061455
1220556
1039016
1111309
1106250
1003016
1126456
958186
1411985
1106751
1222496
1058996
1158490
612712
1188643
778292
1312141
555624
1188867
721802
1156681
945184
1175038
1050599
1381497
997618
1172342
1009170
1155565
961337
1122766
963266
1232572
1010661
875503
1159337
1195227
1152596
1180255
1048154
1279704
1084835
1305537
1147311
1248530
1074406
1217666
898541
1074914
1068179
1371907
1044358
1277918
1139716
1378653
1169827
1256398
