2090691
687651
1250210
1036428
1165930
1188607
1650211
1227248
1239391
861954
1123086
842562
1244681
1031066
1408771
794780
1573272
1255442
1270305
1221945
1385967
940936
1376194
1003292
1354842
3722431
3723739
3621004
1602359
1136187
1531219
1479246
1679726
2315187
866433
1389604
1712866
1588021
1633885
1262137
1599724
1415566
1561584
1041306
1472609
1362813
1526797
1463971
1548287
1307112
1676383
1348723
1652419
1322667
1521137
1590101
1722871
1126029
1545221
1267569
1780685
1703334
1602184
1019100
1668819
1792769
1801847
1724005
1745618
1873093
1883030
1768048
1793795
1770180
1825893
1689760
1690378
1832423
1719685
1531720
1683280
1793328
1695542
1808281
1726988
1926214
1673271
1695255
1729858
1804788
1710930
1688095
1724422
1717786
1680205
1731299
1773188
1559919
1728184
1860463
1691543
1698195
1715246
1749405
1653656
1779000
1703050
1874584
1673746
1589662
1678466
1812577
1724816
1716261
1588034
1805861
1716925
1829429
1715484
1786777
1727844
1834949
1831997
1779144
1689464
1795791
1775668
1825894
1714161
1803678
1719475
1830601
1762465
1604279
1551583
1481641
1639752
1676024
1634969
1716920
1717774
1813105
1616241
1706705
1605177
1757551
1742426
1783312
1656280
1837896
1784372
1762532
1218852
1237497
1582447
1835832
1693494
1739256
1552339
1708850
1639243
1865342
1741956
1619728
1858482
1979400
1901194
1878713
1809253
1971071
1757621
1833493
1789284
1847567
1911519
1875894
1748581
1859269
1687420
1887633
1734665
1839770
1854613
1787582
1908964
1806637
1679440
1760018
1790279
1739567
1833933
1855578
1769402
1836993
1762301
1855368
1837142
1911965
1844073
1813188
1778838
1912133
1733136
1685248
1749130
1744962
1797642
1755454
1715845
1821433
1752308
1713309
1899194
1874122
1815818
1839070
1759377
1746467
1618594
1714275
1750168
1714390
1730654
1736052
1732591
1758207
1731034
1769037
1717969
1855800
1724765
1882384
1849247
1823303
1681199
1777542
1748490
1711587
1623640
1778360
1902488
1840972
1602663
1722894
1643565
1672504
1681350
1751763
1804822
1846153
1806413
1901714
1826272
1802823
1789127
1774925
1782792
1740762
1647255
1839129
1804477
1813236
1811146
1850321
1972691
1788716
1695671
1744907
1737612
1953901
1776115
1882324
1897648
1951826
1926668
5494316
3601023
2420087
1910200
1981162
1909859
1912089
1931508
1966373
1769012
1722775
1700510
1755901
1870357
1745381
1796816
1915603
1776241
1933778
1799206
1864594
1880776
1835671
1754125
1764346
