736971
1125576
826500
1110599
947410
1246087
1147711
1424918
1181831
1460872
1108034
1364771
1284270
1335389
1500386
1379120
1265332
1369978
1413419
1395248
1295495
1439118
1516491
3779772
2609326
2398850
1418352
1643921
1392330
1576754
1561644
1735106
1616140
1658502
1573514
1680318
1648574
1663987
1565230
1582801
1473781
1455062
1516763
1440748
1477606
1723096
1614880
1638856
1362355
1668917
1461850
1680754
1309970
1547143
1600643
1633821
1521381
1442807
1323295
1031199
1308747
1598115
1374462
1582982
1696694
1794096
1314903
1720960
1494038
1729048
1859791
1781941
1747093
1623977
1288291
1752392
1604133
1744186
1743716
1725455
1690505
1767845
1739702
1798510
1689592
1785915
1671833
1809530
1762544
1489633
1239150
1702060
1499922
1677615
1580993
1723536
1676601
1736859
1536873
1873112
1543073
1634085
1617754
1436748
1514126
1619894
1572126
1490946
1445743
1515818
1491191
1764563
1752533
1778820
1648153
1754996
1723514
1696374
1700929
1737711
1725905
1753361
1747302
1683726
1632825
1676460
1670555
1744586
1693444
1683213
1625290
1746798
1531527
1601138
1542373
1676654
1580773
1541360
1433399
1794197
1599594
1684595
1583372
1586123
1657408
1782037
1751945
1675279
1280566
1764262
1689366
1692712
1507621
1590990
1616114
1678057
1373391
1417160
1042342
1455066
1484972
1758556
1635896
1765552
1626935
1781827
1679298
1754385
1688235
1742631
1869252
1737633
1577094
1796156
1582901
1693832
1616570
1769588
1680806
1773934
1443024
1706426
1439399
1741729
1601694
1722360
1656311
1744576
1497932
1691328
1408077
1699198
1650531
1730057
1676855
1672747
1632309
1680727
1406639
1685249
1574278
1681457
1653565
1584979
1655053
1691685
1643705
1627199
1505998
1517406
1569187
1753231
1711168
1702651
1415862
1612687
1630077
1726035
1655450
1667075
1700525
1700685
1613596
1578519
1681495
1704290
1712105
1713940
1625927
1715488
1669611
1753425
1629668
1681087
1484603
1745982
1663376
1678865
1492686
1701215
1507157
1740416
1365252
1640081
1461677
1592137
1527767
1549018
1233353
1671551
1577856
1508021
1365879
1496113
1340710
1457122
1258972
1409024
1083991
1298047
1383820
1585343
1588528
1636838
1490139
1556338
1311143
1582048
1450741
1603614
1518036
1506543
1107514
1426809
1240574
2230768
4401628
2863922
935407
1588880
1640205
1611519
1467318
1569018
1475986
1470117
1272147
1588161
1480588
1391947
1471977
1593238
1309845
1609116
1344048
1566558
1569688
1623423
1523435
1574931
