3570194
1602014
2161182
2427341
2375739
2292980
2390789
1880781
1870500
2133303
2300595
2035805
2413759
2275421
2388605
1973477
2351848
2414076
2479045
2144019
2451192
2367855
2463498
2542438
2558937
2303884
2654479
2383462
2539677
2455900
2556420
2561055
2631390
2478677
2633943
2554209
2704865
2486229
2665734
2515293
2685022
2369146
2690453
2277821
2410330
2642731
2532113
2533363
2427843
2544313
2701738
2425372
2693865
2401447
2559859
2512934
2560033
2242832
2000148
2280035
2513013
2535147
2530021
2305251
2475610
2288738
2459342
2465652
2238117
2439958
2359299
2336988
2508099
2371628
2483305
2496516
2261155
2396952
2433505
2285735
2527467
2429209
2519120
2457327
2445528
2480809
2462004
2407186
2167036
2287630
2359228
2136765
2439456
2128166
2455503
2398392
2427167
2325780
2238324
2239391
2335277
2294398
2483923
2221236
2343090
2320362
2102524
2311561
2371603
2298191
2181497
2277310
2404760
2107653
2514159
2328307
2449403
2336897
2302930
2346462
2286393
2474563
2280759
2368746
2485423
2298021
2538465
2349486
2405202
2327466
2461848
2366100
2501357
2303222
2581654
2314183
2545428
2385558
2474733
2362621
2488305
2245510
2630836
2323449
2549973
2389988
2578868
2242596
2647868
2343223
2485463
2538893
2516520
2278251
2391022
2346791
2625302
2320113
2537777
2548900
2545209
2316598
2577203
2286478
2668955
2205891
2603333
2321291
2365498
2315791
2609965
2322938
2440016
2118361
2551474
2268696
2549523
2035198
2521933
2385708
2574371
2128569
2691565
2336967
2659936
2290945
2596484
2348636
2535683
2291839
2622236
2340112
2606595
2377248
2530822
2343172
2624069
2300185
2665416
2433074
2535781
2357415
2547261
2329671
2344163
2506523
2636904
2354302
2439590
2490633
2458793
2364496
2636906
2094410
2595200
2515732
2507193
2431101
2451190
2004249
2689880
2465301
2346352
2411496
2496937
1848056
2097467
2044847
2414481
2300297
2411782
2434699
2614923
1723813
2605650
2181888
2417961
2290038
2389178
2348952
6085971
4167518
2498094
1165891
2511716
2320306
2431508
2143149
2569079
2409535
2480309
2173875
2487555
2262747
2331406
2256241
2572207
2422408
2489270
2079511
2202925
2367572
2434135
2083555
2463628
2067949
2430697
2076669
2564614
2147921
2160694
2269526
2514874
2083440
2545431
2164760
2464243
2224425
2426462
2163116
2314831
2178211
2423488
2136864
2673315
2349778
2361562
2164635
2260079
2191319
2490593
2252621
2517773
2099300
2573186
2226781
2499234
2229570
2343426
2114361
