2267781
1012832
999757
1000869
1007092
1301372
1144862
1611382
1019121
1569429
1158600
1278262
1192454
1615858
1630511
4161757
3533667
2238903
1283666
1729801
1633752
1518213
1329956
1504538
1485647
1357053
870714
1655471
1611784
1648479
1388705
1711599
1376094
1481953
1293502
1659373
1312537
1639190
1620714
1685265
1610278
1793933
1283604
1680354
1671995
1821777
1708634
1702269
1528704
1765264
1431047
1669062
1534014
1638069
1705781
1827679
1686346
1608763
1545996
1792956
1519350
1779121
1686272
1807133
1699595
1792420
1455623
1758695
1496730
1776215
1705686
1817176
1718546
1705569
1432198
1318393
1168020
1595555
1559783
1749417
1618282
1549266
1615805
1779327
1570890
1791647
1525829
1625785
1663832
1791298
1594554
1777996
1530046
1557177
1721260
1682699
1492467
1694715
1646943
1694427
1509852
1786897
1705911
1566095
1126516
1641095
1600428
1644676
1541794
1693880
1303942
1785741
1627608
1734656
1610688
1704202
1708882
1767582
1545204
1779392
1502484
1689736
1469009
1171621
1538660
1255454
819636
1421510
1224326
1593155
1429383
1657116
1371497
1572443
1588783
1696350
1471084
1654513
1481084
1653989
1532955
1741531
1422520
1544568
1649445
1704244
1755443
1651421
1586142
1706110
1526654
1620503
1671397
1706207
1632915
1702987
1599978
1650752
1506625
1713800
1621325
1708413
1667022
1697637
1553327
1619795
1552274
1673371
1581543
1698346
1635529
1663553
1633819
1666714
1525334
1675339
878008
1622212
1511990
1726292
1592968
1757087
1479143
1581521
1259392
1643658
1416231
1732782
1517901
1711296
1627356
1620947
1551621
1643379
1474494
1705396
1578290
1715756
1369096
1743096
1469989
1716997
1680680
1652373
1691996
1673322
1613099
1674162
1408908
1828399
1650497
1805377
1601245
1754172
1539122
1690002
1472690
1619589
1685715
1633917
1501277
1734323
1401687
1714195
1549024
1711636
1402417
1668717
1647762
1837697
1643210
1806774
1611356
1766576
1610909
1791901
1843172
1733799
1750837
1719707
1576995
1777171
1627836
1693616
1558870
1502111
1568694
1724406
1517494
1699392
1595831
1698282
1540170
1765148
1604345
1808475
1459450
1785201
1352169
1771256
1680043
1704900
1539993
1766709
2760460
4506038
2572062
1585941
1682636
1680786
1700369
1719207
1381287
1716443
1540595
1507853
1450203
1548154
1326893
1400038
1677090
1680416
1525438
1647583
1381726
1472978
1331253
1619155
1308562
1568360
1170540
1602261
1277517
1513581
1383929
1477932
1402440
1527672
1298636
1606905
