4236145
2267304
1186470
1712863
1490263
1935943
1727961
2136964
1547822
1935726
1847532
1982104
1636540
2015477
1565061
2267406
1715166
1796372
1745359
1850055
1731218
2214415
1857096
2118205
1540277
2070484
1749034
1989803
1727427
1927237
1794793
2135034
1742488
2317963
1925018
2273085
1868490
2258966
1828430
4693602
3387695
1532360
1752860
1689524
1501887
1915236
1712149
1815947
1858191
1742524
1798942
1957558
1697129
2162721
1606751
2001003
1515882
2152094
1648210
1938796
1715506
2230356
1726502
2018162
1807266
2211685
1877845
2291783
1940708
2252990
1910055
2183551
2181875
2134856
2055233
2300035
2237079
1887636
1816693
2077545
1983622
2398962
2017587
2447969
2039580
2494368
2268916
2515354
1834321
2423657
2539758
5942190
4033187
2568345
1893758
2296906
2302496
2469534
1965227
2240893
1984718
2499764
1878575
2490162
1902737
2502048
2088050
2522641
2173090
2335048
2208994
2584021
2243642
2342847
1965841
2406967
2125427
2275206
2032486
2113851
2143550
2526215
2186261
2309622
2069859
2508047
2093352
2512363
1958300
2253367
2076341
2104574
1887829
2125634
1938646
2443878
2040222
2552011
2092080
2412484
2208039
2369157
2498900
2354402
2186200
2643891
2495212
2477430
2087487
2413266
2542928
2467183
2233857
2518768
2293972
2566836
2471342
2630766
2311306
2567913
2263171
2595920
2359166
2505755
1980324
2589940
2263075
2617755
2203750
2423119
2390398
2416944
2389689
2464433
2372703
2504138
2401043
2416887
2872137
2363597
2425600
2369863
2426495
2402450
2196475
2501268
2382253
2336897
2369368
2269480
2425738
2423932
2440037
2435748
2377168
2428292
2409981
2368332
2098244
2341673
2291913
2534757
2248712
2435779
2344032
2488144
2392773
2413687
2311970
2461456
2357383
2557515
2334650
2423668
2386029
2460112
2243311
2578145
2080838
2552363
2398515
2415939
2350656
2544633
2301192
2362743
2404308
2398528
2041180
2482429
2375969
2435463
2197573
2420159
2065044
2580762
2042064
2570868
2327137
2466028
2064679
2411474
2453387
2513063
2043773
2558320
2383033
2410054
2200645
2382509
2019718
2560025
2048266
2543839
2003687
2504965
2356883
2375973
1951164
2407787
2317852
2398060
2306549
2413424
2236271
2503989
2250896
2279980
2051183
2362523
2327588
2462379
2111864
2394764
2214171
2500568
2474815
2376643
1944693
2474287
2060066
2572914
2099196
2541681
2363172
2460726
2371376
2418093
2347208
2448778
2045024
2483768
2430627
2466963
2213846
2522943
2377517
2454202
1915358
2431176
