1592565
1299672
1381851
1333609
1112652
1191286
1238335
1193543
1404262
1411772
1287042
1284355
1273205
1216324
1490182
1367650
1319764
1420058
1450920
1247251
1276994
1323515
1395854
1373208
1364398
1376598
1609037
1373905
1473124
1501822
1430949
1431242
1632983
1358268
1439339
1272602
1542371
1387540
1528003
1434727
1562144
1392038
1325539
1453242
1523290
1462657
1545837
1471455
1644506
1360523
1537880
1441984
1616407
1477646
1479038
1511606
1542468
1330828
1584850
1448543
1530829
1493249
1436199
1511532
1417227
1351541
2635549
2641596
1943770
841471
1263376
1375013
1504123
1427697
1493109
1397426
1590510
1213796
1486985
1387601
1383665
1474919
1540791
1444334
1515688
1385633
1419983
1415103
1575439
1355406
1360776
1515361
1559190
1426641
1514859
1461961
1558513
1488338
1577872
1532691
1518279
1386194
1542105
1454039
1449302
1330544
1131937
1398763
1415714
1409102
1462211
1212063
1296741
1343442
1441677
1320005
1437710
1368602
1445240
1095638
1219420
1319290
1436958
1412723
1211991
1251771
1212292
1375032
1469183
1421679
1344925
1488134
1439429
1470636
1488807
1436481
1470495
1466569
1488364
1451115
1478137
1458721
1497938
1406639
1501781
1462832
1494269
1448324
1506855
1517024
1517428
1436149
1503774
1475726
1515505
1417214
1506514
1504670
1509909
1467318
1547151
1505603
1525909
1465215
1548027
1556420
1520644
1485846
1549546
1509334
1504205
1528619
1568115
1560057
1496159
1559816
1561801
1552382
1574044
1562352
1561604
1552236
1600457
1556113
1575521
1485922
1563841
1441092
1488416
1549668
1518762
1538591
1578437
1546202
1582590
1566016
1580124
1546743
1584640
1547121
1575523
1545255
1569439
1540864
1570000
1542866
1578726
1556022
1578906
1562123
1579914
1560056
1546954
1544594
1583296
1560289
1592222
1550812
1575461
1544005
1567371
1554523
1578906
1551295
1578127
1564746
1583609
1571543
1618644
1546584
1538666
1549572
1575482
1558181
1586953
1544579
1593109
1547622
1583256
1547570
1583358
1550400
1569605
1534542
1572230
1560574
1577711
1548472
1577730
1554382
1576897
1546692
1567932
1543046
1576303
1546650
1575907
1526889
1577136
1552270
1587764
1563863
1587360
1553623
1583223
1540680
1571729
1532341
1574800
1572923
1578387
1555836
1579716
1544310
1510366
1536869
1578637
1554300
1589872
1552196
1554032
1512173
1574143
1544770
1549901
1552509
1582872
1514322
1566121
1552649
1584117
1547745
1573084
1560670
1548379
1544110
1570056
1537135
1572772
1502973
