2260296
996094
1679355
959511
1567699
975538
1439588
1455895
1275429
1426300
1618457
1480924
1625051
1216232
1604090
1158056
1716122
1506891
1798277
1579346
1689063
1325524
1600392
1442295
1663803
1522608
1793628
1507997
1706099
1606347
1700123
1491829
1621879
1349034
1725359
1030111
1436284
1289541
1467739
1149142
1776063
1510398
1797314
1582828
1759370
1595528
1705748
1602238
1706687
1672029
1469333
1299178
1792433
1570518
1631122
1461552
1616380
1687413
1696003
1632372
1679576
1644567
1732651
1648276
1668352
1573365
1690171
1599626
1656015
1565237
1653278
1369639
1651746
1651671
1682500
1528202
1719172
1394765
1821993
1352911
1603968
1354041
1784905
1333900
1502345
898664
1353214
1063246
1678009
1471678
1272094
1169429
1380878
921489
1165320
980716
1226554
988881
1171144
1319877
1167863
1219116
1600205
1352822
1400038
1282641
1511975
1209708
1754914
1288562
1737048
1431627
1677657
1390639
1307689
1159030
1627316
981905
3658348
2696841
2259233
1102695
1604329
1259597
1722439
1230775
1611920
1215179
1628650
1226838
1593136
1208422
1701680
1289019
1631770
1288002
1336602
1219112
1537815
1134912
1587197
1111374
1683282
1213835
1729367
1200962
1535153
1309649
1385540
1107920
1552935
1199888
1576031
1290968
1729581
1323045
1431861
1048511
1726154
1493232
1829571
1596679
1655714
1499826
1752146
1411963
1744298
1438419
1836875
1591115
1599090
1639216
1625428
1534835
1659204
1393776
1781843
1598154
1728547
1748145
1515591
1731307
1828586
1679935
1635528
1577299
1760768
1640588
1668271
1620598
1675627
1773890
1783522
1471873
1760936
1561622
1586355
1773818
1735408
1757037
1603236
1483311
1813516
1653655
1722937
1395045
1708201
1539999
1288408
1389224
1537730
1530654
1547965
1541309
1624433
1759723
1657362
1823990
1525350
1443829
1683057
1798047
1709393
1860225
1768623
1853460
1792679
1771992
1784721
1827368
1898034
1752827
1692652
1667217
1852713
1709922
1735371
1712835
1608803
1964511
1814159
1806344
1760589
1819901
1807318
1801628
1795001
1886678
1904515
1859209
1729608
1706221
1754010
1849192
1844781
1830530
1728840
1862376
1843255
1875252
1777141
1841198
1840413
1940971
1879889
1864166
1868089
1845988
1747219
1833879
1786718
1749889
1754819
1680434
1787593
1814728
1601703
1692088
1704938
1642189
1642897
1866943
1781462
1783177
1817313
1782550
1556424
1735338
1647548
1754782
1672036
1730712
1756988
1849063
1710608
1721300
1868415
1850545
1682092
1852211
