652590
969907
738688
1147559
898860
969107
828172
1218768
980478
1053120
832239
1112213
979917
1079318
998826
1092701
930669
1230299
1198505
1236594
1149936
1169947
1071657
1070822
696194
1108351
973209
1104988
1104937
1108326
936367
1218241
852369
1227942
1012637
1117572
778920
1231540
982974
837413
1006377
1074328
966319
1020438
772521
1055013
870839
1093850
769130
1223578
1111911
1227626
960674
1080583
802536
1126027
782119
736009
614692
790080
861212
877515
592291
582105
929211
972721
862921
1005645
741924
1269575
904376
1061844
1103553
1142196
895581
910853
3996125
3159096
1243220
1050804
826357
1143497
1027069
1174248
1088750
1144849
1072383
1171645
1134996
1018432
1004735
1108940
914766
1101309
1033925
1084483
937289
1088039
844705
1130414
1198863
1226910
1073623
1026509
866968
1028746
922337
1025744
1110740
1078625
1081054
876145
819354
1085064
1183859
1164477
828396
869436
1094005
1202421
1059929
1041930
1313978
1248588
1319150
1102047
1153648
1255715
1324920
1246254
1283729
1277874
1115883
1300421
1317778
1160367
1200648
1253527
1167108
1246237
1313265
1284355
1335575
1261061
1370051
1281958
1278756
1211154
1224701
1296592
1168413
1290043
1352922
1221936
1087309
1164004
1177585
1248810
1280872
1147796
1334298
1275634
1039159
1339522
1248261
1192594
1321737
1215585
1161618
1272666
1120493
1297309
1223330
1254911
1205000
1219333
1285023
1342981
1394320
1283774
1228922
1261108
1235152
1246374
1232737
1218299
1127514
1154932
1016233
1189743
1203561
1208419
1278355
1267958
1089574
1309084
1260788
1266807
1144904
1238721
1159313
1138556
1233944
1161547
1131563
1308704
1260677
1258133
1316200
1186661
1157714
1237534
1124052
1175007
1093585
1410736
1325984
1220107
1169928
1237138
1279705
1256002
1309545
1144814
1162827
1335816
1283335
1270015
1342400
1337846
1265345
1252584
1198497
1254873
1290489
1300291
1222780
1254976
1090023
1159059
1199129
1252757
1266010
1297309
1239640
1258352
1282824
1276896
1330467
1302808
1403645
1228376
1318669
1329675
1096099
1184163
1100019
1168111
1182033
1143758
1221589
1139510
1344527
1035551
1170670
1256435
1139810
1215821
1085051
1168281
1106967
1265767
1171273
1211728
1242162
1020642
986542
1151472
1096413
1033798
1134343
1143157
1132543
1169367
1088056
1086725
1076861
1070002
1071047
1076959
1126186
1119761
974549
1078682
1097698
1125838
1026271
1081377
1076702
1143889
