1649097
1425032
1622812
1763297
1310048
1140913
1813374
1769613
1371505
1800407
1682862
1855532
1684315
1748075
1838086
1875865
1714900
1875094
1860266
1753651
1807882
1911682
1850196
1824715
1747768
1788366
1768852
1879238
1858852
1795972
1852688
1845854
1899819
1648420
1844583
1806515
1890483
1803375
1627459
1921347
1481898
1762904
1835038
1804663
1851483
1779255
1694046
1723461
1841444
1872767
1756263
1828638
1863982
1750887
1619367
1881339
1811277
1711330
1783198
1729197
1853582
1713973
1786237
1732216
1833284
1776737
1798071
1730543
1832554
1722372
1796487
1822307
1805794
1718657
1837592
1770009
1900875
1779378
1797397
1826738
1859345
1753654
1833372
1799425
1853774
1766273
1799561
1728662
1840014
1689389
1739724
1733140
1749110
1753970
1794547
1775911
1691140
1743974
1804255
1833082
1865103
1772943
1821151
1748167
1709012
1467011
1676340
1823818
1786548
1826014
1781624
1845642
1767255
1793802
1844751
1866883
1778031
1697036
1799570
1781787
1821935
1613215
1821354
1746727
1817792
1763013
1860981
1751962
1784637
1834482
1903269
1733467
1781398
1841314
1838378
1762093
1775621
1866155
1798142
1763527
1803182
1846292
1851995
1810220
1785891
1871894
1869259
1796395
1776764
1860873
1895044
1814140
1805351
1842198
1599453
1718110
1811294
1831901
1806233
1745059
1800597
1734948
1868735
1760207
1863682
1744184
1703412
1686471
1680321
1732542
1651296
1682053
1690103
1746483
1689182
1736707
1865352
1615048
1849601
1708747
1833084
2486802
3930413
2246793
1726730
1705736
1826902
1827521
1823364
1731899
1782823
1800747
1857756
1757015
1860038
1700048
1899407
1716874
1799277
1810444
1763701
1759834
1875575
1771926
1860883
1698487
1687220
1890056
1708222
1829329
1801952
1698499
1848438
1717817
1812904
1695733
1852608
1736490
1804878
1807231
1848924
1698860
1714437
1790924
1851768
1670523
1791884
1629725
1718354
1647306
1655041
1688380
1680406
1643342
1657405
1632822
1551375
1835554
1807885
1757648
1807631
1670366
1767571
1805885
1885678
1703841
1794388
1742207
1849715
1670453
1805124
1708441
1902273
1702326
1743597
1665183
1809457
1418380
1874415
1726564
1781753
1699536
1815946
1724261
1869816
1712451
1749727
1778204
1865029
1723500
1836801
1736987
1779632
1733816
1809664
1722780
1910850
1716383
1794814
1743320
1813891
1830658
1815452
1712887
1862311
1869755
1770284
1792307
1851657
1747541
1738190
1847360
1807764
1761081
1808465
1696716
1841502
1672917
1811067
1725737
