2596333
965418
1569552
1575903
1531272
1524917
1599959
1352737
1300490
1439852
1605491
1627647
1749086
1591476
1732637
1716342
1680220
1473235
1509182
1639993
1739272
1612755
1664083
1672135
1735918
1409089
1244817
1358354
1376090
1304863
1106315
1269666
1411342
1547430
1649563
1569613
1677083
1702823
2023429
1709792
1744074
1610079
1650632
1593091
1564200
1598213
1620972
1810158
1643943
1576998
1748206
1631415
1644990
1704261
1890020
1796235
1841046
1862352
1792591
1730137
5497807
3956118
2007752
1639830
1836755
1787588
1898408
1810414
1774958
1750011
1812415
1784616
1842015
1710964
1846528
1650677
1762420
1619530
1763333
1662130
1628791
1815736
1858180
1672914
1707920
1837709
1745225
1576646
1728762
1737265
1846881
1680918
1678804
1275873
1836372
1819728
1731764
1739400
1781155
1662484
1790878
1796751
1724777
1656437
1894453
1745451
1826973
1697868
1500723
1765286
1803940
1714492
1799132
1731308
1947691
1779577
1641911
1772371
1681896
1719848
1855858
1748593
1737507
1733709
1814582
1742287
1734854
1367719
1541115
1640400
1840038
1624496
1845816
1740544
1913105
1601185
1815606
1849639
1707072
1819687
1633494
1596486
1672057
1568148
1490312
1503270
1719678
1543989
1313639
1669731
1730544
1669062
1872412
1786691
1765758
1691706
1868109
1783767
1727912
1611923
1591477
1785658
1812809
1588657
1789774
1787531
2001140
1840912
1722176
1658362
1914835
1782872
1786177
1592535
1531356
1670981
1829959
1706755
1721491
1702650
1959039
1798898
1863414
1696811
1857293
1843215
1851353
1696796
1787071
1665584
1756222
1757309
1700176
1673735
1710963
1696474
1603526
1699812
1600543
1830291
1834612
1695952
1797086
1726612
1854503
1873185
1786048
1758908
1709498
1846104
1827849
1734553
1762141
1788184
1752988
1845336
1786768
1740658
1706141
1814200
1821832
1680245
1829471
1873631
1898293
1742436
1741671
1598802
1854833
1691070
1698134
1700528
1902410
1804693
1840838
1691244
1772443
1868434
1866653
1518985
1817022
1728780
1892155
1821549
1605061
1692585
1678632
1739391
1566999
1574680
1730115
1655382
1646550
1802439
1838277
1789405
1915730
1849593
1820294
1671894
1819709
1772727
1881050
1691599
1731314
1871581
1827658
1753946
1782554
1753765
1896600
1637323
1828691
1829920
1789215
1788566
1816245
1744799
1832978
1720861
1850496
1873513
1909959
1406298
1740572
1722951
1871918
1632403
1609329
1615313
1899496
1585814
1689150
1585276
1851914
1737590
1701887
1446685
1390382
1679709
