5561695
4108889
3178552
1658167
1967770
2114204
2217342
1865355
2239828
1774675
2109423
2092414
2229403
2129447
2215122
2268707
2278953
2068319
2250304
1678632
2277591
2183866
2212446
2264910
2235580
2153238
2238386
2215616
2308451
2004217
2276865
2172425
2230534
2268153
2071592
1955867
2324858
2300830
2309732
2127924
2269486
2303176
2232203
2165642
2136320
2296546
2270133
2221686
2279164
2089036
2268131
2088151
2328877
2195358
2101161
2128614
2232017
2201893
2275458
1978194
2159865
1968327
2269271
2120697
2237974
2133114
2224469
2250847
2229964
2172528
2311128
2247833
2166671
2216919
2255052
2130602
2188372
2261948
2231050
2193601
2017816
2137401
2305805
2300288
2122759
2190712
2223402
2212876
2264231
2085088
2223352
2274168
2268126
2249823
2233262
1931331
2286530
2128914
2238967
2094473
2311968
2085223
2260061
2157051
2231131
2115560
2293879
2070102
2253729
2203448
2233496
2077285
2304112
2021361
2185467
2041756
2234643
2254263
2297272
2167881
2288564
2216153
2285661
2143086
2237142
2102145
3447899
4747672
3250186
1441751
2438703
2322201
2330459
2178496
2293951
2249607
2274437
2134718
2333254
2265877
2285198
2232541
2330575
2315161
2275712
2169261
2280320
2323289
2245367
2216456
2224914
2087687
2344326
2151582
2237291
2273910
2335289
2127191
2328590
2092269
2273302
2142965
2372817
2230529
2276031
2112348
2329689
2176315
2350325
2272251
2285659
2332391
2304948
2190107
2342069
2019061
2234000
2227573
2404738
2273465
2271588
2090872
2232168
2132470
2297402
2202431
2297130
2321190
2185293
1985483
2275027
2174152
2290683
2221961
2274020
2271324
2281004
2219043
2313012
2197378
2333929
2250625
2288796
2211382
2263490
2177615
2091505
2053463
2288897
2276958
2135612
2077115
2310013
2152042
2245367
2203103
2326928
2241523
2326593
2224637
2297508
2216178
2307518
2114754
2266767
2172195
2233024
2222171
2287805
2152507
2312312
2212407
2303944
2094439
1877632
2174145
2276751
2247309
2259640
2027373
2255797
2247297
2329699
2317457
2221472
2140731
2318801
2222936
2330000
2212546
2295469
2098258
2291334
2263750
2277487
2273057
2311573
2128326
2308849
2291724
2289985
2224879
2336620
2277538
2277898
2172451
2304909
2248197
2377359
2283734
2331431
2237927
2327136
2274115
2280324
2123792
2233321
2270935
2288564
2211425
2294304
2241819
2318369
2225832
2321189
2251328
2325404
2273054
2330638
2125624
2292643
2198276
2339577
2263217
2263511
2251605
2334836
2203282
2232799
2199075
