2626581
1635062
1441149
1583897
1660997
1740713
1616876
1681525
1663827
1701413
1610420
1748159
1743199
1822644
1716512
1834032
1761360
1771634
1751552
1729229
1640163
1704059
1705838
1767233
1807849
1717713
1664398
1762818
1888640
1836185
1882677
1761275
1920260
1768605
1876347
1761974
1916006
1869574
1895030
1796040
1782638
1755868
1862930
1764544
1806929
1704061
1674897
1838772
1900162
1836025
1724025
1669666
1907735
1797817
1861355
1827042
1822479
1871801
1854150
1801071
1864986
1786059
1792088
1835230
1625033
1871467
1898322
1822983
1841365
1725549
1853388
1910951
1914505
1758370
1860825
1794930
1801100
1796898
1828806
1883456
1865242
1863315
1835773
1751814
1854433
1800184
1905225
1914447
1880563
1877080
1790937
1863775
1893082
1862734
1583860
1673093
1617148
1817461
1894360
1809618
1795598
1462029
1810270
1817633
1810254
1779270
1749405
1836469
1849187
1824400
1735468
1741201
1701177
1789679
1823541
1840352
1748872
1858974
1774015
1707660
1658113
1707575
1616252
1797335
1521219
1638909
1751583
1735933
1711221
1727348
1762958
1730644
1645935
1742217
1776350
1777746
1713120
3601452
2496707
2498229
1060385
1862954
1814544
1768883
1470350
1772166
1363793
1822976
1745776
1794560
1823654
1836745
1691995
1827770
1814581
1788850
1736968
1814594
1859430
1866570
1812934
1828369
1817991
1712833
1780476
1704278
1670033
1812684
1703364
1593614
1875252
1706868
1745046
1687628
1853605
1823246
1805070
1823824
1847026
1667004
1704768
1816980
1640160
1773231
1707072
1755824
1731283
1713913
1708963
1782614
1735500
1671479
1808211
1813138
1770877
1823763
1851266
1817231
1828410
1841101
1818080
1788318
1735565
1840204
1689829
1806031
1870047
1835787
1683749
1770874
1796643
1674739
1732519
1828795
1733636
1868425
1678649
1776269
1710749
1663543
1732377
1814047
1745190
1822661
1883051
1703113
1721809
1745427
1719989
1831884
1869785
1763136
1855981
1770009
1744375
1811726
1857109
1764788
1867061
1848168
1659332
1831382
1737000
1760673
1705428
1683198
1858890
1777140
1854855
1827624
1808189
1590674
1863741
1797851
1858311
1788643
1861481
1827304
1743740
1761623
1841519
1796416
1745352
1831251
1744680
1745899
1819624
1837935
1737685
1629812
1854551
1786328
1738355
1866249
1746334
1676323
1865120
1782724
1861355
1706473
1715823
1790024
1741135
1760334
1735826
1781076
1853565
1823208
1851381
1822987
1857402
1905356
1900719
1828188
1915159
1865830
1910338
1847905
1893058
1866137
