2252326
1199238
1244933
1432112
1026033
1239202
1157091
1464392
1423428
1777886
1376205
1600216
1428874
1581452
1569870
1699077
1410520
1663352
1554530
1706820
1375817
1589789
1469901
1531219
1279824
1687167
1440230
1621764
1293685
1571823
1539057
1334209
1504231
1383889
1478610
1736830
1535152
1730991
1511524
1683536
1442361
1616025
1581283
1623401
1571504
1665343
1523676
1618544
1349655
1637056
1320939
1686547
1462038
947654
1110431
1264100
1117879
937314
1185327
1330844
1081736
1619216
1381919
1582155
1273884
1491379
1534801
1637853
1464638
1654980
1390022
1534166
1508297
1604733
1431651
1536358
1507192
1587638
1554397
1561606
1373986
1590760
1531523
1595787
1570383
1650713
1603775
1648383
1592692
1586605
1521814
1623432
1644690
1595081
1595186
1634855
1698656
1707876
1510131
1735977
1460320
1707958
1645953
1662057
1704748
1711762
1560654
1712829
1599512
1691578
1561706
1608603
1409226
1720134
1473266
1622671
1514680
1737760
1653611
1722427
1695142
1703611
1701906
1806554
1728023
1835184
1506763
1799184
1704702
1859619
1509599
1827703
1645405
1662652
1545758
1937034
1803223
1928624
1394352
1892707
1940473
1818773
1757151
1861816
1842684
1904037
1791492
1779923
1880703
1929757
1520652
1901078
1521456
1769438
1545186
1714719
1595710
1645536
1537341
1843000
1695632
1850880
1736409
1902643
2533475
4338282
4410031
2132068
1650975
1883193
1898174
1737933
1903369
1857769
1446416
1910963
1470022
1788908
1878078
1733725
1779813
1775877
1446746
1757176
1648553
1697691
1741067
1796653
1752869
1878737
1483716
1875960
1501408
1731362
1564115
1902730
1691259
1828549
1363026
1867907
1757216
1648811
1641371
1740599
1716208
1684453
1708188
1634849
1948808
1719958
1640183
1753440
1661249
1805843
1676708
1868384
1588767
1828098
1472107
1859652
1643218
1840874
1550052
1836508
1574063
1877888
1467671
1866564
1707833
1839516
1542217
1784689
1831693
1437910
1907229
1930673
1764769
1832761
1410961
1829076
1612157
1870153
1511038
1812768
1697543
1808608
1780969
1721502
1767947
1875009
1480746
1860579
1658389
1798808
1391100
1704786
1709409
1712864
1696178
1747108
1811548
1649996
1821758
1821882
1676927
1895913
1510626
1903635
1733393
1736643
1795010
1757620
1742278
1753268
1643553
1743792
1858397
1865059
1541156
1911293
1416611
1744788
1695153
1423870
1703861
1695766
1561176
1832459
1811782
1716902
1733522
1864763
1667868
1815926
1520052
1858444
1792197
1735229
1553828
1829054
