2688533
1788801
1775964
1852589
1862866
1683985
1906577
1719222
1678395
1621381
1679655
1674707
1828510
1744746
1830791
1766697
1792081
1633341
1868937
1742587
1858113
1776669
1666310
1740228
1831592
1743912
1753280
1780190
1833232
1787292
1821437
1578495
1575305
1651557
1683821
1818856
1832226
1801905
1630873
1713315
1807447
1674601
1837368
1314475
1842017
1794799
1835825
1742505
1641048
1517555
1502281
1773016
1760098
1774267
1790176
1767337
1797873
1826176
1741392
1536636
1531954
1564811
1670116
1652177
1685672
1656277
1464924
1538461
1629634
1747907
1681824
1761195
1768965
1728857
1755736
1592287
1718303
1704448
1734367
1541241
1785345
1725209
1775737
1678915
1646157
1622840
1670897
1657432
1745280
1767563
1764531
1680467
1727837
1638766
1633347
1640971
1761233
1758892
1519088
1567105
1552126
1438649
1666510
1640451
1746977
1676022
1765216
1666495
1737819
1518044
1315065
1403632
1637997
1696395
1786812
1625100
1446678
1409013
1722661
1509839
1786336
1692875
1655211
1646672
1669710
1645361
1720741
1676851
1602875
1660790
1795976
1698197
1803353
1618666
1720371
1660271
1722702
1653739
1805278
1662321
1800541
1658735
1721375
1613138
1716811
1701138
1785058
1612684
1692277
1606644
1732771
1605281
1720522
1735878
1726936
1605445
1726647
1666345
1714786
1569480
1689785
1655546
1723580
1657777
1793391
1651885
1686557
1494853
1656925
1603467
1702567
1692831
1457519
1643230
1514588
1611134
1755045
1780298
1752468
1562748
1714778
1701122
1727755
1695027
4763125
4046033
2109746
1886612
1931276
1800732
1910567
1878998
1851768
1785401
1804552
1758712
1906753
1805886
1919139
1853319
1873829
1773947
1880952
1782692
1924232
1800706
1871356
1686201
1799815
1740149
1913218
1765221
1830155
1715075
1714647
1823587
1762978
1713397
1606594
1758510
1809196
1605070
1815912
1783523
1812422
1776445
1803176
1626444
1812872
1560385
1744525
1544254
1673983
1761888
1777460
1751008
1766491
1744067
1766989
1764243
1760548
1781452
1763356
1700422
1778179
1766096
1779939
1723272
1748881
1765576
1783476
1757573
1752536
1754951
1744677
1778888
1753848
1778042
1756807
1764951
1757839
1775546
1773266
1760711
1760475
1729923
1767027
1793073
1757047
1793934
1765121
1760306
1767566
1759631
1755761
1704118
1772501
1792039
1762907
1766121
1764448
1771478
1769971
1775734
1768822
1767626
1772836
1769935
1777273
1770150
1768797
1688438
1797224
1731537
1764087
1748307
1774023
1762142
1751478
1541325
