5620132
3669682
2053734
1949751
2283371
2135902
2314772
2107341
2362289
1954448
2371929
2082212
2396018
2146505
2456615
2037912
2388382
1957747
2311547
2349919
2560950
2333214
2517093
2260318
2509406
2210933
2412858
2140326
2411816
2241187
2348080
2182037
2389891
2094604
2378755
2413359
2441091
2295732
2407524
2183653
2464387
2109242
2437585
2158915
2493871
2185515
2574828
2249484
2481156
2185658
2481086
2223712
2559624
2264859
2508371
2116945
2569662
2333084
2318310
2208045
2513697
2296692
2455958
2230643
2486371
2332685
2563786
2260214
2446673
2081226
2486281
2133677
2487200
2079866
2173306
1994901
2134989
2076178
2347247
2103281
2337380
2194799
2370852
1991400
2226254
2217972
2299857
1780376
2335610
2075979
2026379
1912399
2294919
2034865
2355885
1648622
2336020
2194334
2385066
2060917
2360518
2016920
2435815
1736189
2495623
2191819
2507934
1691869
2253036
2255125
2461634
1940385
2362706
1779908
2343609
2148643
2293918
1984609
2403929
1759528
2442057
2009856
2434276
1861834
2409235
2055876
2474848
2298514
2410473
2229554
2355857
2190339
2458379
2180291
2389359
2193928
2162957
2032693
2359870
1948938
2251120
1981766
2174711
1820667
2159703
2096476
2320395
2236107
2321801
2195713
2348615
2088353
2428236
2137758
2383346
2215825
2442713
2207675
2433971
2078578
2426445
2207223
2221886
1984667
2257137
2188853
2204934
2048164
2383436
2076561
2333412
2188235
2302978
2213479
2337982
2052864
2380809
2216680
2322599
2197781
2294067
2228457
2407727
2084514
2442340
2171061
2388485
2181194
2285954
2089967
2333324
2176344
2363342
2183379
2368344
2195088
2363279
2196816
2375080
2160568
2402555
2196218
2387601
2153007
2173796
2092939
2241623
2046903
2356183
2109719
2410839
2202732
2392143
2128588
2298188
5446632
5245245
4039839
2030195
2114189
2638801
2256474
2657809
2324465
2683446
2289674
2596526
2144542
2658587
2233428
2608817
2379839
2681037
2246700
2601353
2297939
2537155
2261216
2473426
2010483
2508543
2042595
2586396
2202908
2560281
2053408
2543785
2314657
2606039
2253010
2551688
2223136
2595391
2283864
2640872
2450329
2619616
2282314
2570502
2305995
2646665
2380264
2631488
2312853
2606819
2313293
2455036
2399105
2656910
2406785
2589957
2300025
2647598
2367973
2540998
2355709
2639722
2200151
2697804
2264848
2623282
2370541
2472403
2295563
2647704
2204754
2591847
2274717
2625985
2408433
2522053
2198784
2627894
2327715
2595265
2292332
2633554
2372035
2603346
2306523
