752489
943469
941078
1100336
615385
1442126
837752
1158142
941177
1297803
1348816
1095507
803644
1377163
1186904
1346004
1081871
1420562
1124300
1359117
787082
1348575
1202288
1396984
830383
1311884
1396700
1245981
1171080
1496737
835154
1471473
1213771
1459897
924376
1276353
1221358
1434679
1074620
1250498
1057466
1307892
1317800
1548529
1176791
1340765
1197786
1479551
1124605
1585370
1012612
1277028
1102069
1412420
1175432
1528557
1143090
1604941
1300711
1466604
1072863
1371255
1135474
2689554
4003289
2296906
578697
1524098
1088006
1472912
1112969
1489232
1281523
1651273
1170471
1474472
1056563
1632533
1189988
1168060
1458040
1625353
1024368
1517231
1286592
1634424
1234528
1486920
1163225
1440165
1113680
1550426
1211155
1388595
1311003
1496851
980307
1546701
1031135
1526154
1081714
1446799
1317355
1533945
876779
1638943
1039309
1390401
1194831
1348420
943461
1324020
966369
1362028
836350
1274023
1012069
1316783
1268463
1500129
1243659
1319308
1082629
1148401
1100253
1211133
1008034
1347949
1350025
1448587
922724
1113614
840605
1323601
1315191
1426936
1042428
1355084
994972
1311243
949481
1545568
1104785
1433117
1064515
1227979
1154134
1447279
892696
1512488
1092905
1237404
918269
1162319
645260
1161132
703471
1204616
708064
1336705
763021
1378238
849978
1287332
972386
1347423
880748
1306535
1110892
1316988
709744
1351593
772339
1361713
969434
1287993
1210703
1403075
1204475
1478233
837748
1572653
664271
1456580
1052970
1507811
1147137
1504654
788865
1432713
1131459
1433556
891666
1493119
865456
1171446
1342115
1388411
1001398
1428903
1281897
1334854
1227878
1457215
1234159
1427459
985977
1441565
1192712
1489346
1470175
1497762
1238279
1414200
946311
1305968
960450
1372310
1002719
1441406
988979
1282058
956019
1419765
888221
1180510
990968
1405947
1305634
1534768
1247989
1401625
1157141
1525988
1079915
1533098
1290548
1513726
1277843
1520020
1205876
1432258
1487790
1552751
1363504
1501257
1222766
1387674
1178470
1471926
1280539
1460501
1296226
1575477
1170550
1609294
1165841
1467420
1425456
1556767
1465247
1515228
1088598
1582683
1145344
1631767
1053724
1541492
1237342
1623143
1160287
1558337
1231078
1616555
1117724
1553428
1162817
1608696
1224035
1463612
1348039
1523213
881048
1607599
1214701
1631125
1260653
1620436
1198956
1555485
1066056
1431892
907914
1604380
1113705
1026688
782820
1515515
1062688
1493800
