4331615
2372579
1692838
1786463
2168407
1598952
2243763
1604256
2277869
2032540
2337361
2244851
2236198
1814464
2205404
1702783
2341463
1861180
2286230
1835205
2237271
1723884
2217135
1833836
2389106
1993907
2393175
2266001
2337864
1918699
2402223
2180151
2300885
1968302
2286372
2175661
2371484
1846175
2351224
1871396
2283037
2139928
2397389
1927804
2173152
1808511
2440259
1997220
2395667
2056275
2292899
2137528
2273549
1852307
2376935
1958291
2446592
2271435
2325134
2253237
2361519
1913652
2365566
1879520
2348973
2072341
2380488
2197493
2300614
1941778
2361509
1856098
2354344
1985163
2337535
2088962
2473467
2148772
2334435
1950729
2354203
2052321
2328266
2132884
2355283
1854165
2467907
2240842
2346199
2019463
2306879
2202593
2343751
1867667
2399305
2036580
2379098
2065162
2297914
2238455
2266069
1840453
2363453
2251917
2266580
2170248
2324413
2355365
2339408
2432254
2438919
2418082
2339736
2554713
2447623
2492085
2464203
2420257
2344953
2480306
2371774
2421894
2352228
2386498
2179044
2599075
2389329
2338159
2432906
2493723
2341241
2297165
2344159
2330250
2276819
2304906
2266545
2489539
2327420
2447177
2460468
2435213
2164868
2035379
2359670
2351726
2618735
3779411
3720683
2367265
2316642
2312591
2386394
2285689
2330413
2299856
2298237
2339386
2310192
2246892
2423740
2308206
2308818
2281169
3284790
5274393
3500424
2864789
2156809
2120640
2258602
2400392
2534623
2289121
2502053
2357333
2417767
2317922
2423902
2070563
2158369
2337870
2456092
2291648
2463535
2321524
2464930
2213699
2410084
2320607
2410309
2351878
2539556
2299655
2472390
2256541
2557159
2380269
2569163
2492049
2537474
2386718
2620364
2391722
2509799
2292137
2380579
2291497
2420103
2269919
2552565
2140515
2285940
2305525
2396763
2213289
2317630
2169186
2401076
2304206
2338409
2177704
2430405
2155964
2411026
2233623
2354547
2171298
2326926
2101563
2318070
2184389
2419289
2024343
2279070
2301236
2398905
2144196
2355959
2187095
2333456
2107593
2372020
2163400
2304974
1795440
2266580
1995470
2348176
2018047
2454079
2043980
2367257
2241079
2359308
2106815
2230314
2082753
2274268
2177142
2372969
1921723
2309454
2097740
2366973
2203455
2277528
2263844
2320453
2230403
2250195
1953560
2402455
2146770
2253583
2309206
2332274
2296064
2288155
2082965
2406016
2184449
2318903
2188549
2334094
2144859
2315849
2094953
2458130
2198663
2357326
2177184
2268464
1893259
2259675
2299443
2146604
2146464
2312989
2156075
