5622352
3670211
1690264
2072365
1632127
2327715
1764008
2267189
1668981
2361085
1757716
2274555
1654725
2249935
1684120
2209936
1983199
2204630
1883766
2402180
1802468
2267868
1648603
2301370
1823564
2361452
1924733
2158991
2089618
2173398
2086626
2035657
2075338
2127623
2113693
2012397
2100784
2111085
2093088
2136419
2199915
2100744
2023138
2140605
2108353
2023508
2000529
1907591
2028379
2178118
1781845
2317741
1792175
2420767
1898534
2299379
1842579
2414995
1913387
1949752
1972989
2139218
1893526
2199964
1739730
2270079
1836536
2046887
1970540
2180071
1917518
5601817
3542662
2014515
1380600
2434000
2184298
2115583
1787946
2292316
1891231
2326271
1950705
2313610
1856913
2279370
1925153
2341848
2034939
2089382
1814756
2240622
1802653
2387383
1901646
2419447
2029187
2345210
1961153
2344104
1664300
2489623
1836896
2306155
1744642
2505522
2042368
2359204
1894247
2347098
2125537
2416024
2120703
2260860
1964062
2362659
2359269
2389121
2355945
2455549
2409301
2462666
2382045
2426739
2197214
2559952
2272660
2648901
2203936
2556074
2407729
2353839
2196612
2517573
2164578
2526778
2332780
2638555
2150479
2685313
2361186
2565563
2338856
2662751
2091925
2554424
2414885
2359284
2280403
2243134
2217151
2303824
2353603
2291481
2206694
2525631
2309073
2539840
2223645
2424723
2347839
2527330
2190479
2528880
2037231
2539546
2292573
2553745
2303690
2459720
2409935
2391964
2338505
2459190
2115848
2526162
2122114
2487977
2252153
2342551
2040127
2386547
1930272
2385459
2236859
2513236
1967912
2579307
2458491
2453655
2493742
2486770
2490106
2628300
2336590
2616932
2365977
2527922
2167833
2525096
2473966
2505276
2321119
2570336
2149130
2559083
2083427
2577466
2372667
2463085
2484633
2570258
2131310
2604138
2180089
2654467
2268980
2681602
2247529
2656348
2348810
2530825
2300088
2560206
2289706
2629418
2328225
2525121
2255803
2520947
2154124
2610070
2202894
2585631
2396075
2359715
2433378
2562131
2926049
2369060
2369728
2473980
2684138
2563031
2461831
2512406
2196881
2658844
2183738
2616792
2552256
2546102
2366455
2597536
2362477
2590647
2484345
2474442
2242949
2459575
2350895
2429328
2217251
2393968
2305455
2561210
2365262
2577869
2351941
2575816
2195234
2552870
2375200
2528953
2445306
2363564
2359432
2590901
2204754
2573998
2365761
2559081
2367392
2393181
2366405
2523072
2217256
2548804
2300578
2590658
2394862
2481019
2215855
2581382
2356286
2562830
2179468
2581857
2328979
2426600
