1507893
1090147
730604
1177243
832303
1428846
785373
1369560
1090742
1333315
879417
1391890
883066
1450004
1103832
1393783
1308183
1493596
1238368
1480769
1161892
1609709
1292411
1498206
1298505
1517656
1187518
1538461
1451231
1656219
1507578
1478938
1591732
1640271
1314870
1494726
1499302
1673483
1510296
1455777
1539845
1750210
1225815
1113542
1490366
1598230
1213541
1480055
1335086
1616382
1326621
1594783
1195642
1694718
1523637
1563662
1501991
1429441
1414746
1593226
1510839
1570438
1340464
1619128
1493464
1623832
1408577
1409832
1522472
1476296
1303125
1495516
1425661
1609757
1331310
1607932
1510371
1658373
1620159
1647968
1515439
1665301
1643396
1581966
1412247
1661020
1396024
1554531
1544837
1589271
1293218
1592790
1313947
1487742
1598870
1553428
1419535
1632512
1446687
1529097
1472571
1737158
1356564
1662292
1470637
1498200
1400476
1569267
1577415
1485288
1367403
1640619
1530182
1687822
1517999
1608520
1366038
1366674
1420641
1649645
1690345
1667631
1568220
1755387
1591032
1720823
1624270
1734279
1586236
1688232
1661172
1689589
1540022
1761620
1515243
1730548
1654536
1751635
1650562
1739512
1530101
1795118
1657310
1704198
1593684
1745553
1355635
1559241
1594353
1689416
1518123
1711721
1567652
1666132
1581941
1725251
1621067
1618620
1695064
1745183
1672596
1806137
1633527
1778019
1606270
1788318
1826817
1770018
1664226
1917594
1642153
1740943
1693702
1827819
1905577
1784002
1602431
1848057
1742915
1861210
1612165
1823980
1920044
1753636
1449932
1598343
1492725
1689379
1448985
1551275
1442722
1700991
1441741
1862209
1522123
1623922
1512219
1703542
1437559
1820724
1387814
1739037
1384296
1771855
1371230
1606822
1442243
1747368
1612708
2367826
5359534
3582230
1606287
1834324
1671661
1839481
1624541
1729899
1676449
1798643
1405112
1824140
1535955
1631302
1896565
1695633
1641018
1771014
1506026
1898453
1552040
1907819
1679668
1822042
1714193
1888007
1489949
1834633
1788295
1847908
1749292
1736612
1712611
1783745
1481370
1921485
1534105
1731837
1629376
1659215
1707759
1870449
1418161
1895444
1483162
1452099
1309989
1311174
1402999
1551529
1638753
1775799
1669305
1845758
1756535
1840074
1752152
1855203
1704516
1770999
1597361
1731382
1780754
1632555
1503824
1556431
1305294
1770323
1683965
1807569
1647697
1860084
1762902
1889271
1676469
1851677
1631393
1881273
1939604
1810360
1808933
1817486
1747130
1861881
1794871
1867337
1795721
1952531
1813357
1863749
