4828761
3052985
1170591
1704638
1782606
2115186
2234358
2011929
1578853
2205243
2239882
2375792
2330569
2292343
2421953
2454825
2395248
2384542
2489309
2323864
2480914
2403828
2731433
2400322
2566454
2473289
2657882
2468545
2760996
2463727
2724418
2571666
2535649
2571490
2501444
2495005
2495781
2547529
2143140
2251222
2196824
2326388
1722641
2197319
1770299
2311089
2184644
1967450
1797052
2350943
2576964
2506925
1914303
2031007
2248176
2360429
2450589
2330038
1846055
2550900
1988774
2537990
1767729
2223167
1920427
2487560
2007396
2518653
2062054
2419020
1918516
2443929
1811464
2299402
6201473
4386904
3919209
1965407
1872050
2387764
2015381
2289505
2273234
2097603
1810686
2340094
2274391
2411209
2395093
1869262
2245776
2254724
1746591
2271552
2219328
2023309
1723989
2340833
1794044
2346397
1862855
2406038
2478929
2328848
1880028
2342337
2286939
2420436
1941326
2276628
2477899
2361235
1919220
2356364
2237464
2410032
1946847
2431613
1984471
2517116
2151987
2447348
1772640
2105838
2388243
2368084
2520217
2245501
2353453
2384346
2593808
2459983
2398071
2467389
2480598
2411443
2479090
2426255
2458558
2543564
2497294
2429085
2395637
2244577
2586734
2435933
2575078
2422151
2524737
2368578
2326294
2509343
2484596
2398415
2491391
2509747
2316809
2398076
2478395
2412076
2446697
2525684
2447942
2474673
2316420
2440021
2554195
2387036
2323802
2520588
2476323
2559650
2316229
2358761
2444093
2417278
2272629
2387526
2425613
2402544
2343666
2324897
2198808
2111717
2295972
2410783
2271899
2534259
2287840
2438101
2330306
2372053
2475019
2404699
2455701
2499874
2320644
2416464
2475344
2441580
2413170
2452529
2409769
2415456
2332563
2459458
2480184
2502065
2457833
2435412
2394037
2524013
2358223
2396485
2429943
2387765
2317368
2458440
2330877
2424536
2339929
2435449
2421963
2296276
2356339
2438052
2309102
2417247
2250431
2403579
2397515
2379200
2382057
2247882
2187997
2387912
2231092
2372233
2315289
2408029
2314499
2407202
2165292
2486343
2351493
2463170
2356972
2451200
2483088
2434367
2223934
2345273
2362362
2364117
2166123
2422497
2367973
2433860
2449183
2530242
2285162
2480817
2363264
2485340
2342326
2364294
2398264
2468760
2257096
2408763
2368049
2290117
2434947
2331927
2366930
2545937
2312237
2477183
2347238
2332484
2439543
2436193
2413455
2359192
2345377
2409485
2399416
2474700
2385438
2449540
2509912
2511637
2337859
2441248
2451671
2501034
2356269
2383091
2507968
2555280
