2920498
1027224
1828143
1193514
1938912
1411615
1762367
1144170
1735393
950592
1213854
877603
1235546
980269
1513720
1019551
1537383
968760
1775787
1092686
1889011
1291986
1878174
1453114
2069729
1478940
1884046
1423817
1875112
1709406
1922935
1143361
1845686
1266565
1731762
1372939
1843067
1212805
1699547
1167437
1966104
1307640
1967665
1328909
1859735
1465406
1922632
1537015
1988288
1468655
2012452
1544436
2087864
1368635
2063849
1469507
2038714
1352691
2085813
1431801
2063397
1568010
1944171
1677319
1943924
1520170
1960594
1654558
2040980
1537577
2124580
1609404
2126481
1623087
2070336
1559449
2088610
1752327
2043304
1608871
2072996
1611246
1906746
1740039
2172642
1413525
2144526
1689348
2199380
1592642
2308723
1730724
2276062
1769794
2429948
2079303
2316157
2111770
2266676
2174815
2253047
2159325
2446399
2233475
2464538
2307046
2504065
2247376
2390396
2232086
2548567
2248041
2519250
2331391
2532413
2311957
2380706
2308034
2378971
2151534
2466648
2229068
2518400
2229340
2465459
2092670
2497589
2184235
2619368
2280583
2532339
2180851
2398435
2111274
2136470
2212505
2343008
2246762
2193261
2358683
2371494
2434188
2477391
2354572
2373917
2072026
2447988
2219881
2248816
2260852
6226709
4938356
3127954
1569687
2417998
2322393
2563705
2477631
2478772
2558152
2414200
2353065
2395618
2403091
2519108
2472838
2457042
2552496
2410561
2351930
2400360
2337961
2467749
2402870
2450738
2469170
2481355
2339145
2353228
2472411
2585520
2513329
2447480
2540970
2385070
2342922
2341753
2464975
2440415
2490435
2434555
2482078
2467272
2305486
2365279
2462073
2136237
2353091
2283168
2316892
2305247
2525297
2371830
2478199
2454092
2462507
2562066
2495771
2533592
2364716
2410228
2405718
2574283
2468646
2544547
2443272
2410155
2387758
2403325
2486745
2499496
2453590
2405868
2356790
2491795
2352884
2391004
2474716
2438462
2366368
2418571
2415700
2491345
2227265
2241082
2481711
2421369
2401811
2471443
2361532
2347490
2388448
2414429
2426807
2332189
2307282
2179775
2366043
2366600
2462630
2345378
2283863
2427175
2298359
2481905
2473082
2437419
2289313
2308280
2397864
2230095
2226274
2316383
2307627
2449106
2282315
2386000
2486665
2441465
2279437
2270629
2394974
2400944
2372797
2422491
2366449
2429500
2476636
2387739
2535623
2404375
2416053
2417914
2474135
2472769
2396774
2306524
2476606
2502416
2518697
2469045
2491176
2465521
2288939
2397374
2333263
2292978
2388348
2371638
2382327
