8129092
6190528
4182622
2219023
1917947
1748693
2374395
1908701
2402883
1765028
2364034
1768536
2416111
2193739
2401491
1774844
2408447
1875661
2422905
1515977
2167873
2091828
2437770
1829959
2460487
1948034
2333489
2115664
2435826
2048469
2253906
2337117
2483529
2267974
2491796
2255819
2493886
2471444
2423632
2235780
2527640
2236524
2485968
2233830
2455373
2161607
2537610
2315457
2437392
2218611
2440263
1973356
2531064
2217484
2524702
2190934
2443716
2302086
2386455
2286497
2435169
2425872
2252666
2278905
2461467
2332303
2468274
2183909
2466218
1901575
2343212
2173882
2276671
2228499
2459372
2108924
2217120
2167860
2291487
2106441
2463643
2230434
2475335
2053573
2440519
2220995
2539736
2063782
5883839
4744219
2733992
2256503
2485448
2552875
2579080
2456480
2573644
2343981
2637735
2436729
2558998
2214263
2560645
2430401
2597815
2296085
2620285
2487593
2524712
2500923
2531238
2515504
2600725
2282436
2598992
2583849
2570459
2579479
2566481
2583888
2621641
2340251
2601747
2626037
2552024
2402764
2534351
2684650
2437901
2498714
2511984
2476912
2535784
2484693
2523555
2498826
2556629
2195045
2439721
2460043
2568820
2458227
2509648
2434317
2612801
2339837
2564276
2431202
2439444
2374932
2469219
2013866
2552469
2556714
2573015
2152983
2605920
2488943
2558847
2588944
2519728
2234981
2569865
2421661
2531737
2451999
2535645
2435786
2585127
2304916
2507007
2304243
2533495
2341730
2533022
2377745
2449367
2330596
2573939
2538156
2512646
2440783
2575336
2548654
2584501
2344261
2558161
2462100
2570495
2435178
2576935
2435992
2633921
2336384
2521676
2102397
2355495
2313676
2403322
2186495
2426753
2312657
2505242
2541865
2602631
2591989
2276461
2367063
2482213
2639567
2450813
2356507
2614118
2531698
2493815
2460987
2566160
2228844
2336591
1888076
2265765
1936528
2365743
1992082
2367335
2070798
2452082
2247819
2316312
2129868
2036223
1881328
1930916
1854978
2062458
2188770
1901191
2134868
2026969
1854120
2080047
1867711
1988146
2125054
1967105
1671276
2186027
1837452
2128550
1816287
1696313
1459299
1870484
1792180
1831773
1969851
1789657
4064222
2766451
854934
1799635
1490799
1928394
1545784
2022508
1536928
2092459
1743334
2029477
1811249
2060987
1915733
2230519
1935027
1956401
1367921
2055373
2012007
2040891
2063415
1884604
1752727
1875041
1621746
2012604
1656805
2035564
2039674
1946962
1893954
1820849
1442011
2081157
1781104
1836652
1200079
1964490
1957723
2086129
1847597
