1416572
1176345
742217
1035215
713216
1142761
1112304
1441484
1075097
1326414
862935
1199088
1067280
1220776
842427
1137947
1064351
1463231
1087325
1270827
1304152
1645704
1205293
1527671
1224461
1713913
1198853
1521455
1303538
1516471
1289415
1538627
1006861
1393310
1208546
1416622
1307619
1622580
1214390
1435963
941386
1064647
661542
1130104
969755
1144540
1096972
1202301
997619
1219981
1030055
1059797
887504
1192788
1078449
1116477
893566
1206655
1051235
1307787
1061594
1184264
1135421
1153930
836421
1222735
986954
1156713
1220429
1146509
1069860
1220279
1150381
1241760
1188589
1203882
1044143
1460612
1414474
1227793
1202863
1143662
1251692
1155661
1036572
1303506
1281690
1298954
1243878
1140574
1214593
1161227
1307785
1409867
1416090
1223332
1200121
1449267
1254388
1289555
1032547
1258209
1279673
1078708
1210264
1285651
1109248
1181349
1385216
1415766
1405916
1287180
1193890
1433396
1265931
1165679
1182568
1250512
1227986
1285881
993517
1135034
1164805
1144510
1095695
1107187
1142214
1236166
1168628
1264698
1228834
1149814
1134511
982374
977797
917269
1185152
1232829
1418700
1210235
1156809
1228300
1348683
1398020
1318856
1314134
1235653
1274356
1200250
1308113
1143118
1223077
1262568
1212359
980887
1063001
1256169
1175660
1217283
1285614
1385350
1444275
1287583
1278562
1130458
836659
1115513
1239214
1192199
1211672
1301166
1291705
1200339
1224180
1196322
1341185
1295166
1288414
1182898
1287032
1371242
4750196
3598501
1296840
1526941
1441075
1585894
1528371
1539112
1491042
1510401
1297383
1379356
1387215
1489725
1445465
1375285
1413520
1543555
1438550
1373052
1446043
1460395
1477265
1398290
1468776
1350227
1530818
1360240
1498880
1394624
1553438
1435846
1518426
1238402
1591967
1507051
1444894
1550477
1453670
1393000
1441937
1591122
1513844
1524233
1581913
1558656
1603842
1508696
1562722
1578460
1428564
1400601
1509891
1547628
1431048
1519391
1575866
1521939
1422755
1308764
1517723
1312940
1586162
1349116
1589408
1325773
1524620
1241639
1475731
1328769
1442185
1248449
1476972
1351329
1433670
1281539
895544
928717
1486381
1346178
1507321
1298118
1522754
1131030
1391610
1165384
1587441
1462086
1520804
1540811
1642149
1406550
1563537
1320424
1652650
1507101
1647286
1594242
1644560
1478495
1681202
1379999
1617497
1375932
1604598
1524797
1539481
1360174
1208888
1477140
1504853
1341636
1448903
1438667
1465345
1482123
1594551
1459742
1551544
