1270811
983470
1216155
1270499
1276881
1085195
955737
1159258
1345789
1337596
1347867
1602666
1569287
1612944
1443360
1522222
1539181
1658092
1746513
1498921
1581637
1712420
1640977
1677741
1570387
1605032
1545494
1506926
1464209
1349059
1373177
1573663
1685881
1801789
1708913
1468006
1413966
1485568
1446492
1493712
1460912
1602943
1521272
1641138
1209902
1477457
1459360
1519280
1630667
1095758
1291002
1311494
1654734
1329471
1573726
1587516
1637513
1442405
1701910
1169272
1353317
2259919
3668126
1964801
918067
1495049
1648937
1490224
1539956
1281013
1592372
1348410
1636007
1335738
1594411
1332164
1599026
1274697
1509529
2399408
4695489
2994753
3982849
1951450
1680221
1459149
1843989
1425608
1741187
1633280
1614877
1471331
1814101
1919260
1434164
1876941
1757661
1883446
1753962
1338239
1685493
1788806
1749331
1819457
1667254
1932710
1543206
1313343
1703411
1700093
1640093
1834920
1743849
1889860
1508934
1757857
1704133
1632376
1770588
1510761
1773378
1620298
1746514
1451208
1676367
1562620
1604859
1913739
1667924
1420739
1598051
1565581
1558425
1318941
1642727
1396061
1557476
1762548
1847804
1562215
1706918
1539008
1731437
1534130
1614931
1627949
1761408
1353765
1478814
1509828
1694672
1594062
1764699
1788940
1905116
1710554
1770831
1913544
1691620
1700838
1817450
1648103
1889853
1673033
1668189
1935460
1773621
1864565
1738758
1612626
1730449
1742111
1645646
1885065
1686510
1856405
1754333
1672263
1371510
1629185
1637326
1826633
1578249
1783468
1657210
1811431
1631627
1785739
1582303
1643920
1747930
1799464
1632484
1793142
1506599
1880577
1569340
1838645
1640317
1601965
1804773
1816048
1756154
1792643
1641513
1832629
1675291
1831438
1721692
1792023
1641139
1800534
1623782
1811625
1798698
1792513
1741717
1841638
1739912
1734836
1723076
1857837
1732167
1797504
1626172
1834382
1735503
1846147
1765721
1724857
1673246
1816378
1655821
1870490
1630231
1815018
1691321
1687314
1746211
1852086
1640736
1855415
1637760
1781998
1616096
1827998
1681006
1299114
1189355
1342060
1457490
1615443
1495845
1623829
1599427
1740659
1475840
1686088
1451719
1604474
1518976
1637369
1515162
1745108
1663373
1769939
1783155
1795242
1665117
1618028
1639404
1845963
1796504
1676582
1648168
1752477
1477998
1806674
1402821
1211998
1499056
1417121
1571768
1515085
1507220
1721304
1447399
1088840
1357572
1333542
1378894
1600706
1454605
1367500
1257650
1523116
1383544
1625626
1470679
1263673
