4326306
2352881
2041001
826743
1700339
1339726
1923508
1557406
1888338
1340395
1936216
1371361
1906963
1345223
2009888
1270232
1514981
1369714
2087490
1303774
1969909
1383038
1746734
1378946
1996075
1442367
2128530
1559285
2047757
1508560
1917669
1696010
2024010
1549862
2122461
1741363
2071110
1592552
2015479
1842400
1968802
1793437
2226641
1710283
1760309
1821430
1872295
1802124
1937303
1717245
1860311
1625546
2054147
1743515
2343709
1966102
2144276
1881808
2113923
2071525
2177411
1949752
2275013
2011440
2316922
1964451
2200073
1878525
2316743
2185353
2386567
2065862
2229007
1822050
2243867
1915323
2051880
1844744
2260564
1848018
2255938
1730173
2178382
1825578
2339922
1854313
2153841
2103777
2282057
1740723
2311047
1857199
2318992
1803990
2222172
2468345
2252006
2043464
2236420
1775944
2185798
2167412
2377654
2089932
2157486
1919194
2198417
1820144
2358150
2160127
2373918
1969266
2348505
2100846
2389728
2152655
2456048
2365192
2421563
1809321
2409633
1956292
2128696
1967260
2399592
2394208
2453265
1794734
2167286
1805115
2257422
1905084
2324828
1957736
2308482
2247355
2132722
1856825
1994160
1761228
2000272
1745904
2098861
1971285
2095740
1915990
1790109
1741797
2306047
2101172
2196614
1804359
2305422
2164866
2261978
1901974
2203128
2041696
5523519
3489678
2045007
1638637
2251097
2093210
2184717
2327302
2086373
1943835
2158241
1768278
2269426
2001523
2258183
1996846
2145286
1954306
2165415
1805090
2040872
1971986
2025216
2062642
1916905
1744430
2036600
1720863
1894671
1870455
2223853
1840674
2158156
1974900
2170666
1700029
2154018
2056744
1913484
2058912
1901685
1788314
2148847
1679915
2197586
2038766
2009970
1786166
2212727
1831260
2175577
1735614
2153608
1952148
2169130
2297003
2078127
2078975
2039682
1793294
2058700
1982656
2181367
2020726
2214847
2053382
2159030
1797997
2120381
2023874
2153675
2039836
2145232
2059300
2174687
1793040
2025872
1894243
2178514
1945655
2217708
1729535
2387277
1974685
2147822
2221962
2039565
1986349
2118879
1821624
2107049
1793101
2225076
1650084
1985487
2112192
1969080
2187470
2184618
2456161
2541526
2453990
2557351
2470799
2565980
2476304
2586317
2139683
2156906
2380095
2473553
2396248
2381790
2503198
2636625
2215027
2488610
2020264
2567724
2363853
2568833
2430927
2545051
2310659
2579578
2128590
2537660
2328249
2578461
2453480
2491925
2293343
2542305
2353090
2592414
2416598
2584090
2477995
2543348
2327351
2614461
2463085
