1466800
749012
1250147
1350593
1433271
1269408
1520769
1430168
1263022
1293403
1578680
1139896
1510678
932966
1376997
1110167
1595847
1133429
1460023
1263611
1719181
1173999
1639460
1331078
1586350
1548957
1485007
1192542
1510288
1403084
1543525
1375374
1704351
1295176
1687026
1384202
1589044
1379920
1435461
1362834
1492797
1348715
1686788
1258608
1692867
1127002
1755531
1239038
1656932
1366002
1590991
1400892
1744602
1228269
1844164
1450183
1652842
1490186
1512250
1469881
1642611
1372705
1772950
1132531
1811792
1388874
1741055
1444195
1515771
1609383
1658753
1485925
1797561
1076483
1851652
1354763
1671421
1640696
1597520
1521042
1723605
1454847
1848047
1192704
1784942
1674965
1677530
1619768
1652548
1573279
1625965
1542490
1664395
1075827
1454481
1166851
1874081
1497570
1707352
1682253
1535705
1270467
1763158
1099116
1851460
1484968
1469012
1471131
1364982
1423614
1882232
1222401
1772085
1470211
1658608
1476564
1649780
1150985
1688367
1205709
1865150
1534427
1778983
1412656
1871585
1285665
1799864
1421402
1533792
2695419
5180056
3395885
3330828
1467804
1722957
1446859
1597051
1504528
1455544
1560649
1536620
1420004
1757008
1435644
1770291
1340228
1821153
1360321
1606606
1285498
1702903
1044594
1414911
1001281
1727560
1549387
1726479
1107078
1657229
1700125
1913474
1784414
1776357
1307763
1533418
1494515
1766203
1458917
1783364
1518804
1802974
1643470
1812661
1485415
1908020
1397321
1844317
1822676
1717563
1613421
1674142
1586830
1779663
1396139
1854503
1914629
1943316
1503359
1638577
1529776
1673906
1562098
1786731
1407687
1758972
1755498
1777495
1424842
1659565
1412883
1643062
1165542
1770427
1538837
1763957
1490968
1859936
1821528
1673241
1515596
1645288
1618280
1758441
1397291
1798521
1585858
1707037
1461076
1183363
1472278
1453818
1619930
1541497
1512809
1790095
1503617
1732817
1554069
1694557
1708877
1603266
1340287
1757721
1543987
1756274
1513891
1782681
1502111
1765414
1626442
1744765
1636397
1701007
1688915
1846447
1341548
1416891
1713808
1824179
1369757
1635267
1293092
1819391
1501967
1843257
1780185
1902306
1768693
1889034
1745273
1826890
1633997
1787757
1576043
1474382
1462171
1709610
1724937
1785907
1814597
1824762
1762565
1848302
1755067
1864954
1650144
1802686
1714355
1764978
1498563
1763664
1793041
1743367
1779452
1868290
1738369
1855877
1741754
1495252
1695758
1790807
1767867
1783161
1746067
1815197
1615989
1878367
1728234
1824562
1751532
