2066995
1567730
1401292
1438474
1631114
1174695
1194669
1238011
1111521
998492
1566173
1451869
1503452
1568162
1677601
1873613
1788547
1781476
1629895
1753528
1755887
1849977
1798011
1897766
1856741
1894174
1843047
1799799
1838137
1905019
1897708
1814472
1752707
1807832
1754276
1572637
1547373
1738931
1870767
1862984
1831821
1964833
1853239
1665475
2566887
1607319
1758542
1837192
1722015
1866133
1691235
1397531
1448798
1874963
1811598
1907214
1533525
1312652
1679461
1835183
1796342
1510113
1808478
1807945
1803867
1900384
1818028
1914623
1750658
1891113
1848539
1903496
1801962
1841691
1537549
1922681
1718414
1384473
1584084
1904010
1768153
1907800
1840343
1725918
1573389
1866044
1720111
1916074
1886660
1887204
1748309
1862408
1750636
1562685
1402084
1601622
1851788
1918934
1850576
1280237
1802255
1714476
1802728
1881772
1798913
1907412
1599710
1639794
1806133
1928460
1765462
1767929
1666766
1604970
1781864
1886293
1835560
1888223
1871765
1768122
1640003
1939564
1871393
1751896
1616904
1274563
1878643
1937297
1940884
1911844
1619262
1879781
1793328
3016083
1789185
1931110
1948324
1891094
1804152
1886940
1909430
1823414
1785788
1873984
1840441
1877663
1839287
1895671
1848679
1866223
1779497
1912253
1794611
1901899
1841379
1803838
1705511
1766806
1729727
1864724
1856032
1823387
1784588
1643414
1751248
1860278
1833169
1874581
1860339
1908364
1844909
1866836
1728377
1820883
1850123
1899789
1815388
1630734
3129162
1318445
1440614
1438393
1462059
1519848
1394493
1495293
1312653
1408974
1422437
1502299
1532885
1325537
1217779
1496078
1432998
1594190
1441736
1294659
1597645
1657511
1715711
1709864
1682601
1615630
1684225
1806619
1783258
1800862
1831117
1816799
1808752
1631144
1838761
1846910
1811371
1874280
1874824
1796965
1881144
1797536
3822608
1897877
1784687
1887489
1885836
1765653
1790284
1904092
1891717
1856965
1835389
1870946
1913344
1666206
1626306
4624046
4186487
2421810
1785142
1821314
1852638
1865660
1850067
1877514
1730921
1823499
1813176
1786688
1849193
1663516
1841829
1815818
1816564
1807184
1789893
1690888
5239895
4056321
2025244
1761298
1861363
1845913
1913889
1822084
1848495
1881499
1820250
1788038
1891804
1846474
1883375
1875036
1838970
1869306
1727985
1866922
1915753
1805999
1821222
1845737
1774122
1865315
1834286
1853958
1779841
1771972
1815086
1806040
1809757
1773993
1817425
1866616
1862180
1874972
1858098
1864524
1747955
1865764
1848174
1810883
