1681183
1023725
830337
1367501
1059867
1388090
920064
1373493
894323
1503974
1237019
1645850
1080968
1503607
1133450
4126740
2735214
1043019
1347975
1752145
1293698
1577841
1405300
1637464
1421420
1593890
1340061
1635792
1404030
1685691
1333925
1480177
1399948
1705289
1391026
1600735
1408611
1598466
1461118
1667374
1360057
1370529
1258886
1690838
1156181
1618108
1287574
1625437
1210536
1575925
1300864
1396615
1393584
1633286
1578434
1722909
1528902
1743858
1423950
1681491
1429732
1489708
1574265
1714468
1511622
1463537
1320159
1648145
1100176
1665733
1498041
1770449
1642953
1701655
1459056
1657255
1458302
1695237
1529280
1721155
1523946
1772716
1512720
1708366
1629932
1663139
1344213
1488275
1692625
1708200
1507758
1449815
1404942
1543769
1518975
1481817
1544958
1362382
1475241
1247846
1442714
1349976
1272301
5088640
3197226
1925790
1364112
1743666
1668683
1687817
1423861
1709617
1628904
1664688
1713541
1754593
1679200
1647540
1449871
1516512
1494581
1841387
1530622
1671891
1618829
1479041
1294912
1674655
1381203
1689051
1189567
1582273
1117594
1588994
1253858
1576009
1238349
1712869
1192311
1500957
1193798
1693409
1550846
1442765
1018959
1547212
1061960
1528892
1274914
1610268
1216128
1405781
1490912
1306537
1688869
1506868
1373964
1723380
1164814
1657984
1468601
1639293
1367470
1617476
1446029
1387951
1375440
1284845
1028033
1339227
1020863
1158103
1144101
1131233
1107615
1490558
1080185
1349230
1198260
1354732
1185883
1206313
1332033
1470766
1020166
1456067
1069146
1397853
1230837
1373984
1543267
1480638
1036005
1204941
1058687
812048
942597
1014698
828802
1298696
849021
1113106
1048725
1046382
940655
1049751
920207
1169448
969481
1351647
846264
1279823
1090466
1515615
909246
1289307
938691
1161232
1437950
1451667
993094
1580071
1155123
1662874
1103891
1494586
919065
1445490
1104436
1643800
895178
1519465
1162977
1638325
1053459
1290006
969558
1361879
1076724
1410257
1277139
1362793
1689847
1444777
1154211
1469245
1184249
1602970
1400469
1403864
1292367
1494618
1080075
1405095
1047159
1265087
1737828
1490333
1549992
1563020
1357659
1656367
1174972
1485732
1510133
1342833
1259637
1441613
1286222
1441925
1349929
1673484
1550495
1396835
1437416
1700079
1195883
1385186
1275488
1490666
1459265
1304530
1533889
1666921
1410613
1571089
1141429
1425367
1335646
1700899
1550566
1630869
1596980
1609030
1631901
1450178
1402556
1510848
1588996
1600313
