4844404
2883648
1309679
2082662
1908702
1966405
1800270
1965278
2014562
2211650
1816870
1981311
2029941
2110554
1651434
2004898
1898294
2303510
1851462
2279525
1249050
2044602
1637650
2350979
1717644
2229024
1861476
2185211
1973403
2066583
1589845
1990194
1671119
2066779
1651718
2005439
1767953
7101880
5175154
3143948
1326263
2194234
1850781
2183204
1857679
2161768
1806747
2133407
1633068
2148909
1733191
2047243
1835533
2213819
1815483
2128756
1740547
2116719
1828915
2178824
1738398
2171050
1790607
2186293
1721500
2168518
1755428
2261855
1810355
2217140
1702536
2129037
1719559
2205677
1889349
1959736
1859338
2113061
1825595
1993085
1734021
1967356
1819527
1896852
1842200
2031095
1765180
1961226
1714158
1955851
1617472
1993687
1747710
2002005
1859866
1987200
1577223
2109480
1624003
2049312
1639256
1986093
1828542
2022855
1780416
1927476
1772997
2046033
1815880
1993708
1808316
1998713
1833033
1991266
1838653
1951104
1740236
2114916
1750620
2031350
1736178
2023107
1832320
1877695
1860188
2066158
1434381
2118983
1864037
1995653
1728652
1981303
1777508
2088478
1852605
1935718
3490630
2008757
1320227
1887820
1383063
1807312
1634677
1875349
1468918
1994867
1618130
2077614
1678744
2205812
1743418
2160820
1868342
2094266
1726481
2065117
1841485
2122185
1662612
2041850
1597386
2025765
1659188
1994754
1819954
2103785
1637411
2196842
1733459
2080854
1651554
2063944
3537126
5033861
3023383
1046264
2100444
1952380
1919049
2040169
1680433
2222709
1779361
2061469
1800592
2118946
1677064
2124857
1762033
2114971
1724971
2109597
1922544
2104320
1876624
2069484
1784433
2115195
1791658
2215390
1825526
2171156
1799445
2072313
1783263
2165146
1795504
1966824
1571875
1964704
1610141
2089059
1681274
2013965
1752677
2056098
1698211
2001751
1589709
1998449
1634127
2077078
1731685
1944674
1693224
2004215
1792274
1911821
1805325
2477126
1931413
1796213
1826390
2061747
1752121
6104861
4135622
3705233
1919935
2763818
1998370
1661632
2230139
1776580
1900729
1822964
2014732
1833075
2055099
1910347
1841372
1851486
2158932
1985056
2058610
1873157
1844107
1929544
1943296
2009554
1651620
2015212
1690209
1938994
1942582
1981485
2243486
1931223
1855767
1980870
1683828
2019271
2045169
1964670
2064327
1721531
1905865
1936329
2048120
1933490
1663446
2019637
1940282
2002242
1944437
1887662
2019205
2054351
1720220
1934597
1939408
1962443
1853232
1968807
2051492
2016181
1903608
1986190
1953602
1955054
