2911926
1608186
1760396
4562185
2788944
1849321
1659550
1512951
1261882
1863695
1783448
1800498
1776950
1678201
1738871
1759141
1599858
1581773
1724730
1788042
1656631
1747652
1717666
1710017
1759314
1798786
1652914
1680241
1660687
1745872
1739496
1533274
1502897
1751539
1474999
1759824
1714420
1460179
1806758
1868986
1565679
1716342
1553004
1464355
1695135
1693895
1806717
1873292
1529565
1863738
1623825
1810532
1765671
1843147
1670955
1881726
1666306
1739526
1378693
1919403
1827293
1818527
1793557
1950814
1565909
1901013
1685461
1780732
1874053
1743884
1931187
1854501
1785076
1939354
1612156
1947783
1927374
1897040
1803852
1929593
1780067
1938012
1655371
1799298
1857717
1797247
1847498
1801232
1858703
1896468
1669696
1935208
1937139
1851837
1687375
1830410
1767522
1866487
1572156
1959169
1818022
1946961
1640540
1872332
1685072
1889808
1630995
1735622
1346587
1839101
1555280
1757376
1486934
1736891
1543925
1805963
1570084
1835906
1786769
1792287
1715892
1903903
1776638
1934014
1800632
1857327
1649658
1824087
1795326
1866307
1794382
1909474
1666591
1868637
1770477
1802610
1930092
1785462
1820741
1781412
1821683
1717380
1770128
1723226
1850269
1825593
1667480
1899214
1658792
1860638
1740061
1892758
1781158
1926279
1772216
1920464
1776886
1908541
1796581
1924028
1719825
1886402
1829213
1937342
1808068
1887157
1792801
1932234
1780632
1933033
1798332
1896143
1780812
1879087
1825453
1947977
1861417
1863531
1791367
1889802
1713386
1901133
1819133
1901478
1849727
1911658
1690065
1894334
1701711
1872958
1810252
1895278
1777936
1929739
1641146
1941817
1825167
1910259
1816173
1946729
1641408
1946194
1646835
1926772
1769707
1888480
1767911
1918274
1708256
1917968
1602057
1901573
1770762
1897233
1937764
1861732
1640640
1921272
1529810
1816183
1667836
1941332
1809250
1963230
1772866
1926989
1780918
1936327
1686436
1853773
1799779
1856563
1787592
1907428
1591185
1796883
1770769
1899139
1795173
1939284
1750718
1613896
1600708
1943469
1769250
1883283
1702897
1862280
1834053
1861937
1781972
1844203
1766492
4328789
3432131
1998878
712211
1892614
1951562
1901573
1825958
1865843
1797426
1862511
1753099
1861879
1860587
1918549
1810640
1905532
1763517
1830912
1758896
1935345
1788820
1861417
1729143
1805148
1713311
1883703
1754641
1921816
1902431
1827082
1892772
1919663
1777050
1719519
1526229
1936463
1841493
1869271
1874891
1908647
1754657
1941051
1814665
1883895
1840787
1915164
