2375094
1332613
1547828
1550263
1278523
1629934
1495858
1586098
1395990
1631149
1460517
1572903
1556413
23976531
21977041
19919997
18036238
17561832
15683922
15399264
13522941
4425274
5768855
3770543
1784344
1246810
1646840
1724288
1669776
1264626
1605358
1642515
1706927
1617404
1689490
1697741
1726255
1637231
1748216
1687814
1580034
1796304
1668530
1522437
1760316
1683076
1752161
1657004
1633187
1653423
1658790
1673355
1664697
1633931
1700364
1444690
1653636
1663936
1679600
1637890
1729520
1088843
1745112
1513114
1622777
1615058
1648659
1647193
1742664
1556728
1656999
1684347
1584935
1598419
1776725
1307996
1764385
1553477
1658250
1732011
1623063
1436974
1828752
1680584
1756581
1525399
1668259
1742841
1683124
1605125
1705843
1448225
1506115
1263492
1624295
1507599
1583593
1591595
1775706
1653989
1674030
1677237
1711467
1699056
1682166
1631896
1827325
4360978
4486918
3201353
1218055
1513848
1793108
1747755
1806122
1629105
1597730
1523359
1618437
1435389
1491960
1342486
1617278
1565085
1560490
1185341
4414183
2663411
1970363
1369757
1586885
1531353
1656653
1667799
1701771
1373637
1660017
1414370
1681946
1553589
1553280
1462033
1445520
1475857
1602286
1402706
1338652
1374387
1750737
1512304
1821511
1326112
1671448
1502388
1652000
1510386
1571720
1452225
1610801
1547757
1692116
1405172
1752227
1809496
1825420
1493261
1685693
1559087
1857302
1421222
1737720
1245545
1599983
1281393
1261539
1017236
1389464
946902
1147223
944607
1233071
1164880
1633580
1117513
1501150
1318845
1386212
1659036
1639170
1642599
1643264
1499978
1676161
1522276
1610684
1510768
1613789
1629735
1290292
1517408
1600200
1710487
1817045
1489882
1639767
1154600
1696134
1464116
1715918
1433305
1715524
1163156
1456247
1641992
1595514
1465404
1378540
1493372
1773855
1334944
1707314
1323563
1346502
1600209
1741577
1228092
1181142
1158266
1636781
1324727
1549291
1289799
1708218
1683346
1673231
1409989
1351820
1505917
1665086
1385099
1499981
1461451
1778142
1422461
1683034
1707410
1535789
1463410
1581735
1426792
1649245
1471194
1643829
1734050
1680272
1503623
1776267
1584219
1729144
1463078
1777895
1547082
1693936
1580632
1655508
1475723
1588529
1143127
1609703
1258141
1265412
1199900
1604189
1075695
1325950
1100609
1768684
1263222
1602712
1250150
1659480
1279789
1603775
1528242
1641076
1418071
1414183
1272012
1471657
1510901
1664099
1399863
1612097
1252002
1593903
1228495
1581660
1212812
1406421
1110531
