1002562
1506960
735433
1663898
1344193
1668564
1365591
1684593
1734748
1512329
1346520
1697598
830355
1592580
1646830
1595978
1729045
1740515
1668838
1506486
1453618
1565406
1792830
1755812
1738662
1748921
1719142
1782363
1703875
1683987
1654535
1731599
1767673
1720546
1721815
1682770
1822771
1679630
1729208
1760784
1760619
1580190
1341138
1671800
1491379
1540060
1448795
1509790
1456550
1561415
1114869
1706787
1602490
1704331
1493695
1668023
1569237
1256492
1301517
1425519
982667
1571820
1517846
1690376
1540226
1581026
1568767
1577059
1688577
1782058
1544264
1698367
1696617
1569173
3676698
2309536
2157729
1162224
1497533
1687961
1409240
1710760
1470194
1461210
1589650
1535569
1556792
1803381
3992405
2475390
1048687
1330048
1251027
1610400
1543409
1591225
1401265
1485454
1444161
1486283
1026256
1639150
1406748
1663856
1545250
1494970
1642211
1536340
1391174
1575400
1667854
1557873
1208471
1503615
1245755
1300161
1272812
1545630
1480185
1626697
1200744
1201372
1094507
1447974
1475393
1575440
1630470
1453168
1437254
1440923
1650136
1548325
1611759
1515548
1608434
1536402
1675392
1623324
1553009
1533670
1118917
1106711
1116387
979352
899112
1235745
1337791
1481186
1339124
1374966
1026303
1531555
1218349
1635354
1554392
1509774
1636210
1457574
1331713
1223407
1159918
1459586
1431299
1548824
1569727
1350691
1453630
1481091
1499800
1680722
1370565
1633414
1649611
1617464
1597062
1660537
1605939
1435169
1318899
1362402
975583
1424949
1354968
1609041
1053339
1394231
1349739
1416719
1388661
1443973
1610390
1551198
1530310
1200933
1432320
1596052
1605925
1584976
1581660
1494330
1462095
1611684
1552156
1677677
1800594
1432100
1751935
1655410
1749907
1612105
1750904
1654051
1581284
1667997
1760825
1708866
1543440
1468349
1528534
1705436
1300724
1808234
1408413
1729887
1277788
1696245
1334984
1548605
1644351
2033567
704243
1604593
1505534
1535989
1575774
1585739
1334071
1577810
1275215
1620070
1554918
1253982
1452934
1523189
1410570
1325085
1304839
1556903
1543875
1653215
1503348
1546339
1500064
1593649
1654783
1469494
1582859
1672869
1608439
1586842
1503744
1554324
1650268
1532018
1668541
1681706
1662547
1698566
1670744
1684725
1628168
1686315
1767667
1652773
1652208
1715670
1695557
1552312
1489824
1642490
1539621
1613654
1666759
1721138
1552188
1630177
1764745
1711930
1778936
1737558
1457910
1717664
1704348
1619663
1733084
1539990
1549632
1673236
1559701
1637410
