1141376
1064687
1122565
1476732
1641710
1539874
1770111
1237726
1141527
1620695
1210963
1605971
1320673
1637321
1417162
1389092
1037092
1492221
1326541
1554066
1264552
1508708
1325396
1520726
1518858
1707697
1243277
1729447
1603977
1620300
1540230
1559113
1685947
1596120
1432175
1618403
1659016
1673782
1437702
1612745
1625197
1640613
1294584
1567882
1577704
1568990
1547774
1674416
1504760
1423070
923236
849360
909607
1569110
1594455
1718727
1477177
1654309
1297979
1541719
1130963
1510066
1523989
1646096
1397867
1605393
1180773
1504599
1415710
1592275
1529818
1594265
1473764
1629416
1455177
1654178
1471249
1639583
1442602
1690577
1601765
1630967
1461336
1592100
1480352
1473513
1240992
1645222
1650167
1657313
1205062
1490551
1366292
1810402
1676591
1634057
1109466
1594585
1467719
1521450
1505795
1328093
1310043
1578100
1348584
1607116
1502379
1687162
1415436
1666100
1535919
1490354
1484867
1671877
1497859
1704610
1029333
1625913
1449236
1676599
1483557
1569568
1555165
1636055
1374376
1660560
1269289
1634315
1212280
1572016
1530856
1620232
1494754
1266382
992547
1396254
1424598
1634508
1393603
1479668
1441681
1385524
1121137
1639532
1290583
1345249
809933
1030125
811972
1134238
901793
1212332
829686
1327390
844214
1328462
740227
1393009
832390
1404111
945887
1128332
889382
1111018
892491
1242220
768545
1366706
819865
1370492
979357
1292380
1032283
1448915
1004699
1439324
1036080
1373586
1136024
1105867
851996
3571552
2497798
1203650
862697
1445444
947619
1335757
937169
1346505
860883
1214307
1125744
1409477
1112042
1175088
1046953
1332933
1267041
1588756
1303895
1196914
1139158
1658886
1212158
1428981
1385677
1628896
1301152
1534775
1032415
1511654
1086049
1641103
1032149
1638828
972440
1675212
1167252
1552359
1106643
1673706
1392510
1593113
1057359
1637782
1460389
1708568
1403008
1647776
1450624
1542219
970588
1634566
1129558
1678603
1063049
1573456
1282671
1437822
1022810
1429429
1043627
1453199
906284
1619226
1081950
1532878
1065909
1590466
1382268
1228343
1155597
1525481
1508983
1737184
1299864
1572507
919125
1605023
1531299
1557360
1456252
1646825
1390808
1541868
1193359
1606932
1472807
1556262
1376869
1486631
1571796
1692356
1540564
1653647
1058772
1643445
1506456
1769567
1288975
1491513
1322546
1500100
1247986
1502929
1357228
1740748
1559981
1542659
1538916
1502326
1707783
1441762
1292516
1657779
1582555
1702402
1299718
1461362
