6625390
4654356
2871862
1372431
1615939
2026300
1881312
2066598
1738373
2127802
1854992
2126052
1829138
2122526
1825256
2043940
1890393
1968937
1835328
2118234
1853354
2165386
1862326
2172156
1783766
2154606
2019623
2189880
1945747
2124350
1937078
2205250
1835914
2159189
1830031
1995894
1994598
2201671
1869528
2072252
1929033
2217601
1961104
2209643
1825942
2174707
1866363
2217732
1901115
2148046
2057380
2180572
1996034
2159992
1946114
2150094
4181796
4080891
2298751
1727987
2034825
2209482
2045833
2217933
1801228
2143542
1902549
2184316
2042986
2203551
2171114
2146437
2001021
2175496
1874860
2085481
2095244
2202270
1974748
2188865
1985674
2246552
1794468
2253456
1887218
2126351
2039275
2206126
1966769
2031538
2033878
2199696
2007905
2261773
2194850
2089335
1885513
2196009
1745717
2140182
1846510
2239320
2196531
2078451
1747121
2185021
1616187
2273310
1823366
2191297
2086887
2212275
1797511
2072188
1555324
1940551
1912702
1968574
2094305
2052830
1797072
2006605
1747431
2009097
1866116
2004836
1911876
2174793
2001719
2201223
2086756
2240399
1872287
2279859
1737747
1966975
1805768
2186322
1794622
2089748
1893132
2190087
1959350
2185591
1941656
2201916
2056093
2207839
1792870
2217608
1843240
2219688
1873056
2210151
1856064
2197652
1754780
2189003
1847622
2245330
1547625
2177681
1757647
2135590
1746571
2231326
1601110
2012583
1806381
2230562
2042118
2022504
2032406
2206372
1688490
1969392
1986114
2206654
2057529
2235330
2106635
2231737
1482612
2191967
1965904
2139932
1710528
2198867
1804804
2140458
1953047
2173548
1808900
2192412
2164320
2150941
1952408
2093660
2018438
2213032
1853831
2186369
2259579
2120396
1897907
2231530
1790233
2176652
2135957
2123506
1709066
2176779
1861431
2255145
1693766
2168837
1663320
2072479
1639000
2015651
1877960
2137773
1959714
2151650
1653719
2144140
1644699
2173546
1955488
2200261
1969890
2175003
1674330
2146593
1617272
1680120
1618049
2186182
1886280
2077295
1949479
2124925
1596355
2060870
1931287
2281713
2005184
2123362
1646572
2227565
1690103
1907655
1500869
1868687
1935711
2208930
1619975
2322177
1919264
2265548
1570885
2165328
2223970
2081545
1722717
2231525
1933674
2053670
1840005
2233827
2151397
2086416
1937524
2103354
1896337
2216383
1944010
2144247
2173521
2133991
1906318
2178313
1922869
2036963
1829976
2152360
2037505
1910326
1895467
2076698
2064390
2077375
1859293
2180852
2018921
2262688
1732560
2192566
1927147
2126258
