1456905
1058220
1403512
1059407
1120372
1260794
1114033
1407448
1351538
1402137
1503875
1254384
1539337
1343741
1373621
1380167
1366406
1143798
1409085
1293565
1260502
1271565
1396217
1352870
1544653
1407078
1437099
1202519
1342151
1394198
1116034
1394800
1568704
1427044
1476023
1203947
1375163
1168283
1253317
1401064
1357974
1352762
1469302
1062195
1428017
1381974
1297765
1316400
1251336
1271745
1415482
1224714
1526532
1420798
1535474
1434841
1457409
1492560
1554143
1508471
1553204
1545028
1503002
1864042
1344607
1556127
1460650
1596911
1623809
1484278
1606672
1566704
1610322
1522530
1571048
1589278
1598722
1526090
1638715
1545264
1609153
1529721
1679512
1575575
1611928
1546506
1635884
1391799
1635013
1526800
1573323
1325366
1532368
1349071
1582157
1706357
1626892
1251379
1613406
1379450
1486547
1545384
1601494
1559879
1654260
1497997
1640937
1497164
1561800
1597493
1624108
1516393
1691680
1524740
1478239
1536116
1570926
1406083
1573194
1539311
1594377
1519818
1646164
1297594
1526385
1481919
1564469
1408568
1563086
1247075
1204941
1441745
1326486
1337903
1393168
1296429
1317916
1374211
1274909
1205968
1037217
1482609
1288985
1038002
1406613
1383911
1345240
1343313
1227200
1527967
1438963
1407066
1432606
1403994
1505158
1451393
1403588
1335651
1295860
4290304
4105956
2512722
1545276
1681394
1690563
1569457
1781229
1705318
1771655
1672633
1674522
1586077
1738564
1818306
1817185
1670152
1753979
1690578
1811674
1685264
1692980
1768834
1796693
1627442
1864343
1639773
1763188
1699715
1824392
1805785
1766121
1637092
1632012
1446066
1697869
1640183
1786924
1800124
1796511
1863510
1864351
1835797
1821056
1882010
1916044
1775715
1700660
1818856
1816132
1896137
1888876
1886397
1894458
1855637
1843596
1852067
1798850
1845435
1850110
1850494
1831972
1888827
1755816
1843796
1802294
1800638
1875957
1814596
1861690
1896087
1835530
1880077
1771755
1889467
1912192
1767600
1795909
1813549
1880467
1880696
1811542
1853282
1850133
1852042
1755335
1895332
1891707
1869432
1839222
1888065
1789244
1899909
1764945
1899163
1864782
1890644
1829532
1806587
1875719
1895356
1863435
1723686
1843535
1843400
1828613
1832466
1850081
1778316
1795075
1849279
1877956
1881493
1846848
1893844
1719418
1632027
1843071
1832676
1841194
1780850
1705795
1770306
1592949
1666433
1672779
1796901
1748073
1830177
1770901
1847311
1832165
1842926
1786575
1859056
1706059
1811428
1841336
1653068
1898527
1847726
