4015397
2954784
1857004
2013866
1952978
2277339
1962616
2282474
2008650
2180937
1916315
2260639
1902796
2204254
1978670
2400203
2109786
2095997
2268533
2408759
2294565
2471806
2298264
2463008
2348860
2575800
2470244
2289709
2268707
2366819
2310996
2248193
2181267
2081553
2492716
2382944
2348014
2249181
2196631
2257266
2179674
2280238
2228565
2419469
2196878
2353430
2275951
2239188
2298975
2274654
2291523
2223222
2264100
2315362
2285659
2239902
2283642
2180966
2294684
2313784
2121536
2404718
2313915
2364775
2209556
2357959
2349312
2168251
2211138
2334080
2081411
2230738
2207487
1991598
2240990
2436199
2314036
2435264
2251209
2226266
2217629
2196213
2152746
2111789
4516980
4826286
2861220
2210728
2428221
2429940
2411065
2531999
2293267
2441594
2434227
2432025
2417676
2340883
2294299
2531095
2541132
2413572
2445524
2287499
2416930
2511991
2526601
2335954
2470867
2364490
2406110
2343400
2397691
2513336
2511082
2314123
2228827
2524907
2435381
2292143
2270843
2109104
2280109
2233563
2341623
2460881
2542687
2435155
2505129
2373173
2424818
2495971
2435061
2396530
2461144
2342180
2440745
2342570
2318102
2604445
2475727
2505462
2441260
2292673
2290528
2337363
2378794
2252013
2341908
2546012
2446781
2428777
2396974
2365610
2407418
2220513
2357304
2446361
2438207
2416616
2349267
2490905
2428780
2490052
2422121
2407911
2295259
2384004
2458940
2416346
2272409
2146588
2304199
2365950
2427670
2245653
2537842
2485811
2486381
2595998
2462385
2429571
2366948
2370904
2471570
2535971
2511732
2598319
2484965
2567755
2505942
2553040
2286240
2128022
2190448
2099781
2123163
2064687
2525316
2211133
2416640
1920134
2479149
1998734
2288402
2019811
2111206
2319389
2151675
2341570
2424107
2317383
2381911
2078372
2273769
2199043
2280356
2375254
2353474
2299763
2242789
2307400
2447098
2347609
2414265
2384830
2436370
2302953
2427704
2323189
2356680
2266949
2280649
2345464
2051511
2375668
2201235
2502396
2429754
2348441
2424611
2253879
2259935
2238149
2230793
2527099
2122156
2345529
2457634
2328440
2418836
2217435
2407538
2269729
2307796
2322319
2100181
2450317
2417651
2051467
2337134
2120668
2164363
2298390
2179455
2385830
2113322
2278470
2423844
2435545
2445646
2254955
2412620
2278719
2248153
2127582
2254638
2257163
2439248
2236493
2216441
2470035
2372891
2193602
2223483
2295647
2251628
2341319
2415594
2363650
2352968
2226008
2277157
2206762
2371786
2215673
2210543
2323454
2412253
2247049
