773673
1182230
1301431
892797
1147964
904460
892830
968978
1151323
1257281
1162034
1289221
1252041
1288178
1232825
1364287
1219380
1222732
1253778
1425690
1177249
1377606
1205102
1254473
1111677
1404220
1325042
1186389
1230226
1257586
1245497
1146573
1298959
1437823
1142596
1291775
1292121
1190659
1321309
1418837
1400665
1409425
1280235
1235830
1290624
1345029
1194579
1319900
1312935
1286880
1241069
1217251
1257661
1286006
1420603
1407167
1330988
1097104
1291470
1393402
1257181
1327086
1313957
1465743
1317016
1365879
1233650
1264555
1292306
1493774
1328213
1154270
1234995
1368672
1393855
1315581
1344470
1415720
1199635
1354506
1264394
1444830
1320560
1384164
1287702
1338286
1426527
1400482
1249950
1307376
1155189
1215030
1413687
1263523
1334340
1326654
1362976
1401945
1318000
1331921
1309295
1343172
1415583
1411216
1276374
1385954
1361190
1463965
1339362
1373680
1217030
1422401
1359166
1280771
1358869
1383766
1358153
1329277
1457007
1315656
1239929
1459894
1244614
1431062
1209398
1387487
1249577
1329444
1364936
1547432
1222589
1365837
1255815
1337001
1298368
1313732
1089856
1030933
1207788
1450755
1230742
1146760
1048042
1466198
1284412
1376959
1276015
1376887
1330590
1206727
1357944
1377695
1273579
1353092
1285459
1486392
1208479
1319975
1199422
1364511
1308981
1364812
1302953
1432101
1265849
1481581
1280077
1310166
1216150
1407541
1252652
1370547
1243975
1472549
1191894
1269848
1300770
1232564
1262572
1360380
1224675
1278919
1347146
1398623
1373537
1254675
1191367
1286189
1264740
1316052
1237074
1438086
1137015
1340762
1152297
1438667
1181549
1271764
1204740
1034765
1204453
1277872
1141839
1272224
1204560
1099574
1154590
1210117
1257823
3085890
1715964
1920626
996184
1445233
1323011
1445957
1263665
1245880
1310911
1373471
1134688
1372400
1130033
1228980
1128176
1373405
1225513
1373397
1291647
1383992
1227718
1438680
1251319
1321553
1250959
1282296
1201868
1320439
1174924
1294075
1039117
1284976
1237070
1144670
1223437
1364177
1239597
1127865
1194217
1314689
1113733
1273955
1181347
1229891
1200192
1242254
1263161
1183704
1271319
1204429
1161657
1253454
1180874
1315766
1231074
1322486
1219250
1263431
1206220
1359107
1268515
1305160
1208321
1358992
1176323
1275535
1302006
1223966
1217620
1280838
1147586
1364786
1237500
1298916
1135808
1048353
1169299
903742
1232147
1281662
1018790
1201124
1244414
1267261
1208318
1184415
1126495
1196584
1174271
1199889
