2520189
908071
1801843
1702888
1770721
1603365
1706083
1441313
1122649
868083
1745232
1618880
1738163
1662035
1748988
1637191
1693829
1797689
1670283
1696862
1662058
1634965
1616467
1836881
1682220
1761862
1778759
1844033
1843507
1854959
1882487
1876153
1812787
1839110
1694157
1825620
1742568
1793875
1868386
1709912
1856640
1621509
1229100
1304175
1720086
1648547
1871218
1357833
1696067
1458638
1695495
1800346
1752065
1606269
1745651
1795212
1611571
1636367
1370181
1836947
1894589
1811693
1787053
1866474
1877384
1830974
1701424
1883197
1863123
1853918
1896504
1878969
1861442
1360304
1819263
1883708
1841646
1858214
1805330
1824820
1804514
1793779
1803127
1835744
1803419
1846424
1615187
1744702
1702052
1708756
1684427
1841362
1814744
1853508
1858536
1848902
1818443
1834020
1854657
1840873
1788236
1864030
1818844
1848092
1814796
1837490
1636536
1701282
1494056
1641981
1879609
1827537
1843216
1848593
1821969
1811123
1692084
1838554
1747382
1840594
1782991
1819225
1734812
1799090
1732107
1777529
1760924
1863277
1783778
1856579
1745907
1618084
1761242
1772195
3452263
3219411
1907509
1789779
1832143
1862780
1744638
1803529
1767144
1824839
1781124
1869902
1845445
1793242
1774926
1834563
1796629
1803109
1778672
1851148
1822165
1849767
1788649
1831383
1792201
1636777
1829900
1819822
1822913
1848049
1776774
1821797
1771196
1831073
1777362
1847780
1871965
1822449
1779207
1800739
1750392
1773448
1753361
1845473
1912035
1855546
1779335
1815874
1784088
1807658
1794229
1840056
1908730
1807389
1794769
1810993
1792005
1808589
1782157
1857459
1839713
1844448
1740174
1783572
1797108
1667914
1822169
1812007
1896330
1838179
1862014
1831270
1793739
1830590
1863264
1867236
1943721
1881486
1866696
1840869
1863940
1847957
1826116
1806663
1913356
1803343
1962504
1815639
1811539
1876290
1623180
1831371
1822311
1849935
1898641
1814818
1855026
1847463
1900280
1848244
1817929
1835114
1835901
1805570
1787615
1843299
1961374
1696537
1736691
1752228
1763828
1591640
1741630
1808551
1811876
1804397
1771669
1846389
1814650
1882457
1806865
1888669
1914581
1807127
1833699
1853081
1869335
1875913
1790125
1897277
1901344
1848158
1796024
1849500
1862680
1898558
1820528
1873889
1857339
1892834
1830129
1823758
1823846
1861687
1779581
1837193
1859564
1838282
1781832
1886710
1864573
1861546
1788135
1893338
1816183
1874152
1816250
1857217
1861388
1833647
1683042
1711381
1870854
1777861
1784876
1893563
