865778
1096732
1380791
1385798
1012082
1215172
1391746
1520745
1209007
1290101
1202217
1334150
1345985
1517972
1304487
1506043
1417676
1571403
1708226
1527018
1452378
1363106
1594815
1635800
1547521
1611864
1756590
1689353
1658066
1531244
1558029
1607474
1752928
1565606
1495861
1589473
1618079
1646524
1568678
1527005
1518062
1349966
1213498
1404899
1686624
1682189
1564538
1566482
1475581
1406848
1649563
1690059
1694485
1652376
1455646
1585578
1473108
1733851
1651499
1633540
1702042
1598301
1736849
1608802
1704283
1767580
1743822
1574521
1776209
1614474
1819695
1585604
1608923
1759821
1789097
1696969
1844026
1605698
1784165
1621012
1713948
1643007
1789140
1661218
1713607
1727293
1457160
1698743
1696549
1701873
1726693
1682488
1670785
1603655
1558928
1573223
1489583
1723754
1770044
1814463
1738336
1649883
1745235
1644277
1756663
1595282
4896435
3350591
1717144
1577564
1746256
1699615
1871474
1729046
1857264
1564297
1842688
1702013
1812627
1710763
1826374
1898502
1916098
1552028
1776776
1650639
1679839
1789303
1860170
1719496
1841598
1589894
1757781
1721670
1800141
1726516
1842072
1760684
1716736
1644212
1932707
1614314
1592769
1773350
1890130
1623196
1774910
1502453
1619632
1650066
1798571
1780881
1859515
1682729
1729514
1689880
1710457
1601146
1781430
1796886
1896365
1647372
1571761
3484259
3581833
1633810
1609719
1457837
1589357
1663899
1518407
1496203
1547733
1679180
1707428
1634843
1560136
1735395
1635827
1394560
1333701
1316489
1552953
1664595
1673061
1593334
1672068
1753404
1627161
1562255
1556958
1553064
1453620
1809766
1540836
1491337
1578914
1561186
1594203
1655109
1633474
1660411
1847661
1660157
1537974
1619704
1769910
1626446
1585556
1662819
1676762
1737252
1597198
1572213
1628732
1757853
1813654
1797821
1761014
1628405
1486052
1751435
1831701
1844333
1661618
1797966
1872701
1804498
1737655
1838891
2005929
1773520
1686716
1741494
1241283
1435957
1651205
1721819
1607698
1760570
1709556
1743626
1253819
1530943
1627922
1700324
1583113
1569242
1670883
1696363
1696414
1564610
1778125
1783244
1807559
1732491
1749839
1720119
1753111
1660466
1753461
1640385
1622459
1661898
1769166
1840287
1603611
1558990
1782699
1699195
1741249
1342686
1530088
1754586
1794386
1619098
1450666
1740305
1659272
1536041
1580083
1639594
1679639
1729305
1618382
1552948
1708309
1778943
1629864
1511988
1600498
1598839
1269069
1735876
1633992
1487927
1648589
1578795
1691638
1798320
