1749851
940730
839798
1712085
2837764
2852578
892832
1369508
1123931
1430751
930938
1453009
1193940
1411177
1076110
1268578
1001712
1332908
1322738
1464347
1123953
1515694
1221945
1640905
1157710
1569464
1304471
1468479
1257377
1479997
1252341
1627563
1206954
1592677
1336136
1580476
1270300
1620305
1172786
1472694
1288032
1673077
1143654
1546274
1262153
1249293
1316571
1628549
1265600
1352336
1324935
1246740
1105094
1197818
1299237
1647844
1237709
1575893
1297867
1724297
1273710
1587187
1421766
1699912
1334292
1671574
1162160
1294692
1312042
1804816
1371381
1514587
1222906
1677808
1533794
1816066
1223701
1736452
1164244
1633778
1304215
1396039
1533823
1688572
1463093
1771640
1232022
1672899
1337455
1635836
1529753
1251352
1546028
1755724
1568534
1397375
1576995
1828283
1545974
1683902
1459528
1581909
1526454
1800965
1265116
1810847
1582557
1776450
1597093
1678019
1536882
1524233
1444323
1772052
1399741
1657149
1477574
1664472
1615660
1571964
1398513
1854059
1572905
1830765
1526511
1848664
1666854
1622467
1381979
1538838
1524225
1663984
1442832
1708955
1403668
1721489
1392744
1761150
1575654
1621439
1582735
1737046
1552448
1733864
1269182
1698622
1518327
1633322
1505574
1747224
1647325
1762526
1642781
1670920
1552348
1806676
1695505
1798266
1496983
1867881
1686094
1839634
1603840
1673795
1742559
1696074
1570707
1580008
1521993
1714315
1804061
1764586
1631457
1763865
1582398
1616370
1361001
1515847
1766154
1665579
1431273
1614573
1409828
1855356
1617071
1596788
1536925
1640485
1623485
1763454
1512074
1571495
1617289
1655493
1537339
1597365
1427347
1809504
1618322
1589541
1372352
1641390
1694167
1671061
1619728
1588133
1376998
1698097
1497919
1663247
1548730
1644527
1430479
1777098
1470970
1808419
1539290
1775916
1424448
1563639
1470663
1836287
1653630
1591415
1627955
1618014
1526720
1549704
1367012
1726943
1668998
1631230
1341816
1743740
1485596
1769276
1382045
1763052
1482227
1554428
1534221
1513141
1428996
1600730
1435737
1519443
1501874
1605798
1439413
1553917
1446154
1429872
1356985
4901141
3142523
2036218
1414580
1761440
1604432
1866601
1654915
1692125
1492287
1712368
1467647
1808020
1571968
1593989
1657360
1678549
1642155
4596219
4743062
3513662
3576232
1573690
1575327
1640169
1378426
1558602
1548674
1748040
1515362
1783962
1640599
1755409
1591654
1656552
1430942
1732796
1442204
1779206
1868560
1765789
1675855
1687776
1804596
1801036
1584863
1680290
