4241496
2288512
2023029
2474514
2020697
2256998
2186735
2347036
2032258
2292738
2250994
2264551
2196357
2265998
2267173
2355485
2074152
2105875
1963978
2012571
2118011
2090820
2160735
2235351
2119912
1950073
2089599
2416967
2248559
2153167
2379212
2345100
2239782
2314636
2216258
2243771
2140334
1912938
2198605
2329446
2345112
2276482
2275848
2396599
2458402
2414863
2290288
2194246
2136420
2333154
1985603
2309195
2372561
2322650
2346397
2380616
2205093
2333314
2353719
2446174
2329627
2043119
2165660
2326610
2278872
2390668
2213250
2205831
2138438
2028611
2295324
2196004
2331526
2251858
2178270
2177152
2175039
2126954
2099761
2279361
2204502
2205746
2281406
2074798
2086091
2196826
2005386
2183889
2058458
2090796
2080809
2217586
2192603
2293704
2112045
2275117
2220982
2248150
1965827
2222520
2241156
2265849
2151038
2224677
2167239
2168315
2104858
2142260
2335441
2346033
2076231
2156469
2106279
2153584
2170258
2327191
2255674
1931947
2079510
2256932
2176834
2220155
2136478
2261659
2214674
2123299
2361424
2003706
1803010
2008050
1947804
2047179
1995698
2177195
2058404
2254573
1984338
2270860
1868447
2312129
2053209
2210188
2029388
2185681
1874432
2035451
2267330
2204352
1992752
2311430
2031530
2132538
2010479
2303140
1968756
2157609
2042943
1927372
1957782
3823387
4723584
3467647
2577550
1804044
2293293
2273301
2166728
2100436
2139308
2012157
2096082
2212133
2078178
2180254
1955861
2009310
2076112
2176823
2118713
2123215
2043170
2244425
2238930
2096512
2273793
2047238
1976829
2036943
2111995
2226474
2208525
2180102
1961318
2152460
2230793
2220681
1980039
2082796
1991440
2249858
2031752
2265566
2247516
2031524
2071073
2008621
1994599
2292533
1978429
2228447
2260161
2231251
1981447
2252765
2158659
2234443
2154636
2077994
2080387
2240290
2076973
2099058
1980119
2076919
1928605
2126533
1932893
1964019
1898021
1839716
1831497
2130514
2102080
2072743
1853552
1833494
1923406
1867781
1958697
2002457
1946411
2067522
2054537
2150221
1821181
2220762
2269483
2015399
2057280
1905178
2000270
2065415
1943809
2202783
2312341
2295129
2111002
2209841
2028500
2313560
2184010
2196071
2064040
2032206
2115218
2326317
2226669
1977768
1966393
2088588
2166977
2077589
2005822
2163164
1955032
2314827
2177051
2005851
2041983
2200204
2084894
2261910
1972013
2153914
1950240
2238586
1958820
2034003
2125234
2301130
1961043
2091044
2042250
2122796
2133099
2186319
2230732
2106218
1984867
2109724
