1725866
1290144
817374
1078164
1008688
1098477
967164
1436325
1353710
1470029
989126
1562300
1108863
1625787
1299526
1312782
1012984
1425054
1271065
1505565
1350876
1419475
1440085
1577956
1497838
1593846
1505859
1679837
1668967
1617242
1383518
1595626
1375786
1528571
1520220
1583784
1214133
1667377
1525290
1669413
1475695
1647638
1380705
1556828
1513569
1595974
1156810
1609428
1641961
1629717
1400561
1640732
1499501
1650697
1283637
1553220
1536357
1708689
1441671
1627011
1005997
1690518
1511611
1652277
1482089
1339564
1472869
1675281
1548646
1655902
1419893
1657167
1424377
1647626
1448139
1626616
1547411
1661297
1522842
1671116
1332658
1469335
1412111
1635343
1403852
1589018
1199796
1597287
1517323
1628397
1381653
1492722
1470308
1630748
1490031
1548091
1557799
1633047
1563210
1587013
1339693
1629946
1471349
1629340
1342134
1612847
1489621
1589106
1401786
1525522
929412
1419320
1344787
1529622
1334623
1362402
1129667
1580463
1195325
1588985
1371483
1550467
1362276
1622852
1495474
1603959
1397069
1605017
1407895
1606330
1452978
1401520
996737
1570997
3783708
3386010
1696973
1017068
1125836
1338524
1004537
1516047
1124437
1460959
945202
1473940
1360607
1534172
1406310
4638688
3980409
2069213
1619691
1614331
1570554
1642197
1564628
1637433
1608144
1637639
1343924
1625027
1552971
1657723
1495903
1329370
975844
1432011
1508434
1166578
1048786
1223150
850929
1415603
1098815
1600374
1272159
1397349
1173113
1429802
1281816
1629336
1173292
1478035
1370357
1615866
1150723
1612381
1425839
1630016
1316750
1541186
1048754
1018128
781137
1421573
1303071
1475995
1222877
1501956
1389094
1569384
1307305
1490925
1393103
1286523
896402
1450185
1179063
1457895
1372264
1505258
1484575
1584534
1376725
1457805
1352169
1477725
1385734
1492349
1343736
1436566
1541844
1303526
1412131
1551322
1397120
1277047
1286494
1558670
1383087
1564450
1295554
1429095
1062328
1198465
991942
1199836
812853
1254742
966481
1172187
1314545
1299582
763785
933653
1013245
1176266
816238
1234748
1142598
1263064
905587
1402491
1129463
1037611
1029684
1277825
1037615
1272647
989317
1329283
1256778
1330972
950258
1344264
1420491
1564482
1517725
1420581
1554736
1549316
1564507
1425241
1349988
1556134
1486685
1565238
1524628
1409635
1369214
1537524
1522082
1468899
1464165
1421218
1473736
1487943
1337848
1423844
1398304
1545665
1375093
1586019
1477165
1523030
1383182
1570922
1497355
1551418
