1246465
1338390
1194895
1060950
1316626
1386492
1393966
1187615
1396664
1012771
1364968
1322619
1242510
1117279
1270380
1030436
1470399
1220921
1371823
1237310
1239184
1066783
1502949
1310038
1346512
988009
1392299
1386919
1413052
1356153
1439949
1360452
1506842
1197030
1384613
1152677
1397812
1066489
1300440
977048
1126545
1291980
1481653
1033622
1175543
995634
1259885
1123431
1379441
1195372
1514306
1188850
1313795
927820
1233107
1697395
3277157
1723481
1394507
1166623
1418742
784493
1383103
1270825
1491488
1365345
1267760
1377376
1314982
1116860
1436655
1232739
1345087
1152501
1341331
1193521
1351692
1276015
1181925
1121598
1357240
750502
1375480
742535
1071369
1267279
1347947
1100573
1223978
863377
1240398
1155380
1378127
1326492
1547119
789574
1437361
992932
1447970
1029196
1436409
1143120
1357501
986282
1387370
1136360
1487278
848558
1482961
1327117
1418085
923867
1412397
1077779
1413311
1126884
1416792
840077
1293146
776597
1381376
1356549
1314085
939858
1363433
1074208
1396988
815967
1465158
1312704
1447532
1120366
1388813
1125609
1222501
795823
1359136
1303508
1462831
844778
1463764
1137200
1357822
1060053
1338165
1240371
1337833
1470924
1412847
1371609
1341522
1451482
1406278
1389718
1397207
1328536
1384946
1455994
1277734
1250794
1355626
1465409
1453511
1140580
1278848
1419082
1362838
1250048
1257709
1296311
1408536
1373717
1475332
1466347
1526877
1397792
1602299
1521565
1384553
1449800
1517183
1520087
1414917
1124658
1447846
1453732
1431381
1035821
1328356
1464336
1695025
1496514
1548360
1044315
1548907
1093425
1452014
1166570
1574118
1467810
1568641
1173143
1593120
1404361
1377089
1063869
1438022
959759
1530917
1096109
1596429
1435882
1645790
1411767
1539518
1435869
1438016
1081740
1510827
1096929
1488075
1198813
1534879
1023035
1603080
1170056
1506226
1146432
1461712
1136110
1548524
1028153
1541303
958920
1504543
1116640
1600288
1249298
1631583
1096046
1578304
1128664
1602328
1181852
1270845
1241635
1641548
1208204
1494996
1101543
1482924
1143750
1574739
1260494
1634937
755683
1544943
1051193
1473226
1057683
1596633
1306133
1459208
1082520
1633189
1233593
1529650
1150560
1407015
1421792
1638201
1581577
1595324
1451338
1590960
1597118
1593019
1553584
1471489
1514992
1668181
1468726
1578218
1463179
1426192
1422249
1443915
1123864
1526080
1524705
1656017
1446098
1631034
1310388
1477252
1371605
1465493
1463823
1312684
1147405
