7266526
5313153
3332248
2923572
1053732
2060153
1628438
2081451
1699369
1739327
1845183
1792113
1949045
1972149
1940271
1844850
2044326
2224017
1992039
2083850
2095282
2330310
2154197
1969795
2170155
1919848
2059811
5161001
4043787
3257303
1910430
2418539
2445818
2359357
2272706
2136732
2314616
2340905
1978080
2392402
2173848
2051576
2382692
2295721
2260005
2179424
1939386
2301951
2007394
2299739
2228574
2331841
2172444
2018247
2079527
2238130
2120182
2657247
2441474
2296646
2160499
2291235
2006296
2398306
2101182
2161379
2226514
2180655
1955352
2057637
2204427
2398539
2562831
2698656
2310940
2165240
2129934
2337101
2223574
2407669
1978295
1928774
2295358
2325630
2305011
2182144
2327358
2265460
1905714
2193789
2228117
2261802
2148348
2295787
2224840
2163235
2579210
2576103
2224142
1743957
2197533
1927410
2316971
2028028
2054558
1995400
2108734
2231945
2075526
2050551
2313398
2339104
2385372
2105463
2189541
2067253
1925252
2305641
2027227
2338356
2161610
1986255
2202145
2263304
2040076
1936804
1925974
1953040
1904948
1920341
1914501
1903369
2012629
1813194
2202794
1921501
1868513
1761241
2156694
1780823
2209139
1833933
2044882
1838071
2065677
1817644
2111467
1866704
2058407
1876147
2014435
1983746
1896207
1893044
1908134
1892803
1932234
1846903
2289724
1947875
1945513
1814479
2165006
1887796
1930344
1897520
1973696
1883790
1935788
1870948
1890433
1832864
2048038
1898924
2066527
1991606
1954922
1816418
2078573
1866054
1906701
1796949
2238690
1975279
1999290
1910768
1915654
1702644
2149775
1937276
1980590
1993779
2037113
1918888
1856029
1902289
1971981
1853250
2075561
1908834
1901735
1827603
2001092
1898578
1997261
1854688
2017745
1978670
1896234
1978102
1888104
1902888
1931388
1857467
2273747
2022261
1940252
1997625
1946151
1814105
2177756
1871108
1932109
1801991
1930928
1928655
1882231
1890360
1830237
1892317
1968977
1939341
1905694
1974815
1865156
1837083
2093068
1918335
1982296
1895862
1892967
1944090
1930852
1811747
2152022
1749806
2134295
2025463
1904278
1966150
1804917
1831363
1917314
1817969
2018352
1816223
2262750
2020396
2006156
1802788
2171759
1935422
1932995
1974792
1909245
1771658
2242580
1764161
2183229
1842066
1954653
1992271
1998798
1816754
1969501
1804179
2140295
4849447
4706720
3032531
1307452
2606276
2201051
2285172
2306406
2576177
2528690
2589044
2514548
2527969
2641314
2558435
2639842
2560927
2435984
2400458
2393602
2562350
2676632
2548376
