1078085
816202
1342232
1127569
1074971
1110958
1251243
1110281
1283784
1123428
1364272
1081493
1494348
1110699
1227649
1240620
1403401
1274074
1295438
1107446
1353062
838536
1405368
1091041
1487193
1287341
1368123
1032492
1542927
1150160
1539187
1092733
1381043
1083599
1545519
1274766
1396457
1174915
1242030
1117286
1536097
1169266
1553414
1119149
1518647
1148451
1527066
1109750
1293143
1131587
1199415
1016726
1177551
1061832
1217545
1167485
1000906
964029
4421561
2438405
950248
1229991
1404642
1216191
1352794
1143434
1491474
1277607
1496394
1099910
1534793
1203311
1312448
1354968
1417663
1301629
1513237
1364325
1488551
1241668
1475807
1382491
1339557
1201863
1442243
1337957
1409863
1364558
1323695
1233391
1420980
1123300
1400952
1180829
1268750
1004331
1424232
1400313
1416597
1176430
1527944
1379572
1439312
1320447
1502240
1166395
1509804
1189396
1506879
1330934
1471212
1339455
1500580
1248870
1370846
1347002
1146920
1228572
1293621
1258059
1488904
1375202
1488582
1415828
1446797
1289122
1306018
1096759
1301392
1411797
1527709
1267437
1430573
1124632
1370662
1392966
1427438
1137620
1337662
1197240
1394897
1188111
1528897
1412679
1531076
1416902
1294077
1389828
1449563
1478047
1471473
1310981
1446936
1268420
1441522
1108760
1533593
1449157
1319652
1313941
1446221
1038323
1427195
1202571
1481078
1438274
1533864
1078684
1315887
1184905
1373857
1138306
1333784
1371968
1322155
1388772
1376107
1178200
1341816
1224735
1440197
1335501
1471388
1261196
1255250
1240730
1227473
1249221
1387374
1195798
1445632
1249705
1444718
1031405
1443168
1215182
1305893
1235361
1439746
1432486
1501281
1160464
1538776
1072651
1533478
1450543
1484927
1448512
1473779
1206244
1551437
1152261
1544891
1440056
1528850
1435037
1430505
1267207
1504017
1439673
1500490
1426725
1508428
1376415
1349861
1200015
1363742
1236809
1517864
1449553
1482961
1450902
1554214
1200737
1381738
1272611
1445132
1433978
1368895
1285782
1470645
1279274
1425059
1170230
1337592
1447226
1456633
1468478
1474072
1217411
1540041
1276600
1455581
1418654
1508545
1237434
1516849
1253747
1469024
1279753
1495407
1269937
1556826
1144760
1426341
1174061
1391494
1451757
1447337
1434646
1520131
1217419
1330634
1286946
1437338
1421432
1517760
1502623
1552955
1440952
1504416
1424838
1581337
1443798
1472760
1228517
1466313
1378071
1471348
1296811
1453824
1239096
1538447
1458944
1551907
1445399
1586594
1175703
1009563
1278760
