6297806
4375724
2356136
902636
1461513
1272633
1637604
1226944
1588498
1076276
1741292
1263594
1485862
1322424
1448247
1169182
1401576
1139496
1868783
1636842
5286003
4425978
2412752
1691476
2346296
2109058
2349055
2054049
2112510
2034858
2403047
1821657
2245978
2244288
2179015
2329938
2482953
1866698
2283216
1841896
2053790
1752808
2102573
1925508
2272351
2082090
2418325
2098181
2494927
1941748
2382607
2127528
2431723
2024495
2415254
5017008
1736204
2077404
2001624
2121535
2052390
2152224
2023801
2203805
2023078
2236974
1847523
2128314
1976403
2132539
1947353
2263684
2035851
2342200
2089808
2441518
1962724
2142984
1838424
2145944
1538703
2229625
1849232
2463347
1995755
2339771
1983973
2386196
2043336
2295571
1567743
2091683
1938778
2318411
2111094
2321188
1958418
2387992
2032098
2362170
2084968
2234915
2070544
2456964
2066583
2342240
1966976
2448678
2105249
2405957
2092300
2373525
2054732
2340658
2049627
2374828
2060899
2366259
2047441
2464854
2122644
2246975
2119771
2384744
1741848
2161078
1850204
2291181
2049873
2207008
2003354
2318404
2050495
2190610
1688559
2108398
2013438
2241299
2207764
2318595
2221953
2185564
2001473
2204780
1995588
2196751
2002942
2108893
2346871
2224448
2075912
2272490
2083320
2241145
2044574
2058668
2104313
2045158
1602703
2317408
2067078
2230490
1900041
2161898
2000884
2167209
1931722
2232034
2030860
2202313
1939934
2269554
1903224
2171975
2013303
2311891
1981365
2255999
2072255
2350953
2066415
2215934
1932242
2278990
2011244
2325434
1995707
2152614
2065134
2257732
2093198
2099703
2043478
2242300
2075225
2350153
2013715
2266184
2194285
2271965
1909417
2129477
2226619
2227582
2054559
2250424
2009828
2273135
2152555
2245141
2097990
2263304
1870754
2003450
1784889
2114396
1943719
2255798
2069070
2325491
2060968
2172653
1972553
2289399
2112768
2296171
1984797
2121013
2004554
2235785
2090144
2237401
1857761
2241651
2018854
2167710
1985540
2229570
1987217
2313435
2120195
2162738
1956054
2151441
1837123
2251425
2018294
2248304
2010033
2217623
1909415
2257424
2269235
2303545
2206069
2347984
2039300
2181614
2047775
2292622
2064795
2432619
2220518
2314174
2092413
2301279
2075028
2322695
4002412
5349765
5554105
3607266
2353215
2402105
2288324
2529155
2356185
2432911
2187852
2413445
2235333
2373218
2237488
2556363
2022773
2375460
2010589
2190124
1865397
2367424
1906850
2382865
2093465
2463259
2218330
2401135
2175954
2397310
2165202
2477388
