1231833
1151641
1155778
1087876
1312421
1416261
1295859
1423618
1103112
1400105
1112728
1399584
1091582
1238051
1075800
1180476
934697
1321164
1091521
1137541
1087840
1469816
1035028
1118427
1055260
1043962
1147123
1376278
1024188
1401734
1038281
1125398
848044
2605952
3540141
2268986
495390
1306687
1011190
1137645
1105949
1363468
969879
1258124
1086595
1457544
1048763
1302778
1106100
1214851
1118061
1302558
1153879
1280850
1158458
868627
1017934
1225876
1144761
1290539
1092332
1422164
1061158
1340367
1003244
1251557
1170029
1305740
1054850
1152385
1114476
1187442
1179961
1284874
1093278
1100015
1093584
1437480
891623
1327616
1183144
1320308
1192305
1274546
1160663
1430723
1164009
1475431
1185577
1130371
1282086
1192031
1086413
1338118
1088384
1461487
1184093
1325303
1193850
1411873
1151344
1443485
1106544
1413177
1147165
1225684
1131475
1356251
1033213
1192577
1091765
1359033
1212136
1164343
1158109
1341549
1095242
1364260
1036539
1081134
1195579
1428930
1271837
1353943
1136131
1421068
1060326
1405183
1149387
1415414
1171756
1428820
1024607
1256886
1041912
1232510
1229192
1427744
1030017
1240353
1088724
1267936
1045866
1014715
1083395
1336177
1189150
1253007
1015824
1314415
1056700
1310762
1118112
1369068
1094600
1437013
1018220
1419830
1068432
1355557
1174612
1189201
1182191
1323866
1090239
1363037
1029054
1346315
1012571
1317929
1075506
1355773
984470
1282574
1054884
1286116
1130160
1287946
1058929
1488475
1052784
1373169
1109038
1378210
1003146
1335100
1124211
1458212
1080543
1347618
1016808
1463868
1036753
1425085
1170778
1471341
1063643
1461696
980153
1358907
1251650
1338438
1127587
1400984
1149008
1370051
931749
1373614
1091466
1151141
1169777
1246898
1176841
1075458
1110584
1227121
1164741
1243829
1075063
1131036
1010652
1176473
1026751
1197938
1064997
1251519
1173410
1199603
1186406
1249706
1042615
1001626
1104706
1239100
1200630
1140093
1094177
1095626
1001163
1276123
1144217
1181148
1189742
1192616
1212442
1164250
1098001
1225286
950846
1221982
1259451
1292090
1205663
1133216
1146766
1278169
1160419
1273183
1122390
1256768
1027900
1173870
1157231
1190718
1085611
1187873
1155006
1233292
1163255
1117319
1089873
1313147
1013475
914952
1119680
1267051
1186547
1250426
1139968
1279981
1067537
1073924
1069648
1168451
1114641
3198043
1791172
1836182
981460
1274098
1058542
1149419
1230594
1086642
1086334
1240650
1145401
1185402
904578
1137705
