5638682
3662514
1681607
1478184
1592352
1671796
1668782
1378634
1263136
2003794
1280710
1880673
1453975
2116626
1542641
2162614
1538993
2198166
1572611
1951859
2005783
1487977
1667710
1911137
1628667
2055278
1493006
1869714
1787978
2012535
1483514
1982305
1940514
2025826
1785208
2209692
1471706
1900912
1973856
1702842
2127252
1792363
2153503
1683849
2124021
1649700
1873597
2139626
1820397
2034560
1916301
2127142
1991629
2158171
2178102
2145026
1939577
2137198
1982571
2038909
2102129
1974983
2086302
2091259
1689781
2248344
1961988
2254159
1965790
2074864
2206844
2076452
2131362
1955277
2070815
1996517
2179124
1824626
2085209
2122850
2086446
2127101
1678041
2204047
1850439
1970255
1971511
2031670
1581679
2144149
2020054
2044742
2205389
1849297
2156236
2216392
2003209
2345646
2202060
2373057
2247590
1859167
2154787
2349423
1844423
2387777
1848325
2387242
2266305
2493841
2184430
2338376
2306166
1844878
2100355
2038664
2072353
1694020
1831627
1920820
1813749
1905798
2055510
2206993
1804906
2206309
2020917
2214122
2053719
2247195
2092604
1954152
2282593
2096641
2168716
2226792
1998025
2169697
2132199
1921714
2180762
1925887
2055727
2024318
2159690
2032298
2002535
1950038
2133855
1951885
2156339
1872766
2234103
2175212
2186725
2139937
2309231
2117650
2289350
2130358
2195199
2129919
2286630
4854228
2838093
2324684
1940363
2347208
2378843
2391653
2138942
2338236
2028780
2356461
2181357
2399408
2378219
2454846
2190177
2171523
2215636
2164240
2145936
2309587
2209937
2318061
2075169
2333731
2027998
2296515
2130080
2178702
2233466
2311164
2243540
2367744
2122491
2389853
2262220
2384927
2140333
2317481
2260911
2387104
2210080
2320844
2129753
2427066
2393754
2380372
2344414
2382813
2200072
2348715
2171312
2434252
2367602
2320487
2338264
2358151
2088886
2209721
2188190
2438381
2251221
2368140
2296915
2364621
2165441
2321642
2144261
2347808
2241792
2170330
2180343
2315753
2159639
2388765
2182480
2355033
2237214
2349246
2115359
2143654
2147739
2316624
2060241
2458458
2220139
2272304
2135060
2419987
2213923
2270193
1951370
2535738
2306301
2340711
2194849
2390232
2141531
2546549
2082821
2426053
2276987
2290170
2388554
2295850
2072339
2041148
2034554
2094918
1983452
2286035
1930655
2195963
1589564
2437764
1934103
2042379
2194149
2346358
1955444
2501337
2011914
2492010
2062461
2481308
2181801
2485249
2079049
2440645
2107401
2515343
2110141
2444731
2173437
2382965
2117404
2245824
