2741695
1021293
1183135
1636388
1369278
1697777
1661351
1789476
1564075
1748901
1541304
1811172
1813037
1940729
1858607
1906881
1707572
1418803
1420077
1864360
1631732
1792838
1777423
1822883
1520859
1785287
1531804
1826933
1594570
1714246
1495643
1668605
1391112
1718881
1446186
1685825
1389712
1707231
1437977
1813842
1398856
1877693
1460612
1453466
1213480
1669151
1654659
1624894
1542014
1564226
1610760
1798487
1472728
1877307
1682346
1821362
1754301
1809172
1513823
1759157
1698135
4964661
3339495
1722178
1566764
1708006
1399722
1568094
1506497
1547787
1355888
1650767
1511414
1674375
1519219
1659297
1543475
1667191
1538393
1547484
1645555
1692013
1558750
1666581
1503398
1666121
1482837
1661961
1655124
1594900
1525855
1653577
1556690
1482523
1372608
1646145
1550095
1801972
1557558
1658109
1494745
1240520
1648095
1691151
1447426
1676920
1623211
1593244
1655101
1596590
1649901
1671305
1693919
1696422
1543401
1620629
1332547
1588908
1398467
1660160
1709260
1696681
1548344
1677425
1327492
1664328
1550391
1669386
1725041
1702471
1676529
1696658
1655045
1702977
1710486
1652621
1650421
1691651
1700365
1690312
1674860
1469254
1417249
1441744
1396906
1592925
1680842
1649662
1604979
1553997
1711692
1642280
1590850
1640505
1556994
1390967
1171826
1375456
1298742
1587564
1704220
1643575
1681739
1653309
1589475
1576984
1448537
1601544
1288732
1494559
1611030
1541555
1542007
1551586
1599725
1632037
1545389
1617596
1633228
1549120
1642739
1649099
1672191
1648619
1604978
1648669
1677389
1631706
1653877
1574235
1110914
1776815
1495726
1433286
1652198
1617155
1531998
1607188
1398478
1492093
1487567
1614339
1588677
1617708
1534010
1606902
1359418
1527267
1486493
1500309
1635712
1562117
1309814
1492628
1509523
1561789
1350506
1594680
1500089
1485146
1340312
1717680
1490487
1574787
1362798
1451775
1716425
1649319
1496837
1518675
1546744
1562065
1363553
1719565
1537700
1625851
1212786
1718559
1529832
1575770
1472524
1729286
1511553
1446978
1652775
1740136
1527949
1629069
1637950
1517184
1719052
1690506
1171735
1831364
1566756
1814273
1745452
1758490
1733580
1771284
1614217
1796027
1676767
1757670
1655821
1763022
1799223
1754577
1680674
1759649
1705837
1759030
1643116
1808347
1663046
1770569
1726900
1761667
1733262
1752407
1654131
1825947
1669832
1783388
1711846
1758606
1625349
1658925
1530254
1660651
1537174
1719851
1588033
1487637
1593348
1660967
1667129
1772616
1471542
1812575
