1155345
1206319
1232109
1157833
1250623
1217412
1265199
1299315
1311501
947733
1281068
1101579
1207965
1285242
1363425
1343467
1438686
1556877
1450932
1452137
1321825
1483739
1460455
1344332
1244249
1366559
1534805
1400874
1260299
1295179
1219855
1252049
1247392
1435199
1273708
1184019
1263848
1562938
1410827
1550795
1361900
1292122
1374414
1365997
1286137
1531681
1304920
1538472
1373319
1539649
1495945
1505413
1386340
1499783
1441280
1317055
1429807
1580200
1290332
1291969
1485219
1465816
1477463
1449561
1425281
1442553
1390263
979367
1238665
1378249
1418626
1201646
1292084
1327573
1333641
1465520
1394700
1431028
1253466
1416151
1409274
1262587
1330067
1514506
1437596
1227767
928128
1245095
1166674
1472913
1286968
1441581
1279207
1464037
1286829
1445985
1362282
1509961
1311901
1380454
1292700
1257337
1326922
1475477
1252884
1471245
1401197
1514010
1231598
1313273
1327479
1237701
1367646
1464893
1163843
1359666
1320407
1470054
1405379
1449117
1035865
1505673
1406149
1268100
1257755
1404582
1140158
1313252
1273539
1136748
1407723
1243918
1380689
1401320
1287384
1280961
1013590
1297076
1281170
1282276
1299981
1270650
1372437
1230201
1289475
1226685
1229167
1467622
1374701
1180372
1185096
1326577
1448801
1185301
1328641
1250452
1230807
1274189
1398212
1321935
1241045
1420378
1195537
1444979
1313857
1364578
1133548
1037999
967771
779724
957812
1192929
777408
1172696
1003096
1464483
1216899
1329241
1240030
1419578
1057254
1426794
1237818
1390998
1057855
1305318
1243213
1345831
1180339
1307691
1107813
1340514
1230488
1409478
1096717
1497690
1187182
1366484
1186488
1333091
1228779
4994859
2419791
2213405
1160522
1360195
1203938
1383064
1313746
1295472
1367867
1405621
1082089
1331192
1228966
1252764
1413348
1835423
868134
835003
1068959
1272824
1154984
1090114
1153977
1082708
912501
887168
918159
1019604
946658
1106188
883163
1110315
947763
1209233
975365
1329310
1021976
1255254
1243326
1323450
1074850
1336906
1219457
1348097
1267566
1465701
1116033
1413256
1079937
1329471
1197041
1400553
1122758
1403285
1188574
1390191
1183242
1357467
1206531
1347241
1251574
1340277
1189085
1436879
1206989
1435996
1212475
1428443
1227240
1439662
1236625
1379202
1136031
1432349
1160714
1313984
1291211
1125823
1326642
1364026
1200923
1402230
1146945
1442190
1218959
1333720
1297124
1394068
1222096
1367946
1196335
1361927
1199786
1446473
1231169
1439899
1228014
1409532
