937693
978097
871603
1204924
1080882
2550606
1669683
1114080
1215078
862546
1149660
1222683
1432772
1152229
1357873
1071491
1163722
1046235
1246274
1253641
2236763
4472547
2446538
1065556
1410430
1405380
1332134
1436579
1187672
1389849
1333024
1152935
1203858
1269614
1261819
1302840
1278597
1262162
1486119
1353490
1238822
1303653
1320065
1405723
1354510
1410121
1359229
1443612
1415864
1546436
1365631
1382821
1531965
1537405
1424486
1460283
1336464
1524404
1420208
1506939
1444322
1353965
1605919
1511398
1350250
1463427
1408752
1602418
1569808
1427123
1406642
1388292
1413860
1535626
1496197
1552628
1617399
1577554
1468252
1575719
1385652
1719414
1436252
1580645
1610482
1420917
1563673
1561463
1444805
1580027
1386521
1555080
1463275
1562407
1464732
1573212
1422567
1568557
1439410
1573297
1542370
1578718
1553971
1591114
1299224
1509303
1577743
1583208
1524229
1555961
1497272
1602901
1421217
1581350
1527069
1390656
1545285
1591305
1391188
1616834
1559409
2413572
905365
1546780
1726284
1653179
1498813
1600142
1642683
1572671
1278134
1571825
1380607
1748280
1412687
1621354
1594135
1437062
1639996
1506450
1442519
1667132
1471734
1517104
1589010
1419535
1311074
1625569
1392911
1657885
1409599
1642936
1671494
1551954
1531050
1580582
1451689
1821348
1593605
1544559
1798719
1557286
1626590
1510304
1617405
1520532
1637544
1512885
1637022
1557816
1553425
1526986
1696916
1600088
1749042
1596118
1881661
1621873
1585821
1612161
1554965
1586603
1715175
1584118
1688074
1547656
1625543
1553734
1599843
1578706
1910751
1488136
1722820
1635923
1682647
1692925
1678447
1576777
1614490
1567906
1539894
1661019
1663763
1498139
1688210
1586954
1703594
1585677
1636977
1658437
1466995
1727137
1599041
1686694
1743267
1628692
1555610
1590096
1593706
1629059
1647447
1470620
1712105
1536445
1641787
1403658
1581468
1531165
1648380
1361856
1486658
1366010
1347049
1645207
1391086
1571271
1441521
1598098
1627784
1546180
1376544
1628392
1450247
1536633
1450747
1510528
1394947
1764101
1360686
1607554
1379636
1367186
1506773
1643353
1538350
1572901
1470203
1606563
4287891
2611123
2182167
1332302
1661727
1797127
1610880
1657782
1777866
1691383
1490639
1720445
1538354
1644113
1563235
1733029
1614238
1653565
1699854
1800938
1698711
1852979
1801111
1838499
1739498
1870433
1675162
1972470
1766213
1791266
1714863
1757606
1270789
1257873
1668321
1838259
1623280
1848079
1756796
1819342
1707555
1922570
