3650169
1732760
1476939
1518653
1308910
1424136
1664845
1460046
1404885
1373031
1427066
1419391
1263559
1392312
1582932
1506803
1713169
1587326
1631754
1682805
1632937
1654540
1676505
1686384
1751244
1613202
1808809
1605678
1764806
1790535
1879479
1760144
1827039
1740243
1910655
1788136
1862649
1778620
1844689
1565612
1870445
1787330
1490123
1560053
1354194
1154656
1193088
1364606
1431662
1477185
1450142
1444550
1551240
1377711
1539013
1375285
1555752
1529229
1525140
1087885
1474058
1502057
1536542
1470564
1531057
1503042
1549142
1543843
1591524
1510989
1603953
1481007
1604253
1490546
1389678
1363141
1627610
1503269
1608893
1444512
1640537
1604929
1638521
1528348
1629180
1613012
1603760
1286621
1653123
1632434
1345637
1295967
1338901
1480945
1475433
1511114
1670180
1485532
1513901
1544498
1657765
1486279
1652547
1625549
1675189
1643614
1520636
1590483
1506706
1169879
1719829
1688545
1666336
1684090
1702932
1704849
1658810
1637459
1715648
1674066
1660325
1684040
1721827
1705911
1757189
1693421
1608004
1740034
1670944
1472284
1816465
1761048
1773648
1766808
1649843
1624542
1804995
1709249
1810097
1621605
1811540
1707270
1627584
1781666
1834031
1756061
1819981
1648630
1822350
1749335
1812148
1750050
1656716
1597376
1809932
1641900
1736875
1691586
1521398
1258706
1600972
1560179
1686038
1755515
1658907
1598496
1692331
1767461
1688648
1636333
1817083
1647509
1607457
1690099
1809878
1589903
1637584
1766361
1817582
1681871
1813544
1620694
1594078
1626498
1811065
1707649
1664222
1792235
1808734
1705296
1663753
1760734
1763758
1627210
1815948
1746551
1643128
1700421
1662654
1722191
1810970
1763630
1813669
1624847
1805608
1752120
1807720
1545409
1658894
1585246
1820066
1637773
1620963
1728585
1644393
1492557
1544397
1591590
1813488
1709066
1813978
1609879
1783509
1599699
1803605
1755546
1765204
1563340
1807016
1761713
1720199
1596627
1658600
1560052
3302257
3215836
1289246
1753588
1659890
1800276
1659484
1776885
1723363
1694680
1802029
1758594
1814245
1713040
1755048
1759751
1778112
1655681
1781742
4064048
2225588
1524662
1647204
1606778
1653687
1658699
1651007
1655280
1612157
1745400
1815590
1644979
1814454
1809495
1813315
1672353
1574299
1558373
1539104
1722666
1726355
1781335
1503445
1605199
1733608
1646080
1711239
1745336
1734574
1730910
1702910
1725684
1710802
1599346
1729003
1610138
1584263
1739074
1658980
1622109
1727378
1608137
1722146
1632323
1751313
1730270
