2008710
1030147
1301728
1396255
1219240
1331251
1255958
1387215
1237752
1569967
1236751
1469660
1233686
1386999
1311788
1245463
1255804
1310941
1277237
1281684
1394490
1543022
1428754
1037505
1179182
1117796
1193636
1424251
1579467
1698218
1206158
1416678
1275618
1314306
1264061
1455840
1352130
1094838
1583905
1348126
1590282
1453588
1607374
1721173
1389088
1424320
1470112
1705441
1489157
1582549
1630590
1663741
1441499
1555604
1539073
1528553
1592244
1501845
1505998
1597478
1534674
1577657
1396647
1593303
1668454
1537294
1720935
1606969
1566687
1402761
1363455
1622399
1520657
1425475
1622736
1624263
1553664
1771793
1445898
1625473
1637375
1653040
1656456
1518154
1488872
1565095
1507942
1595942
1658100
1679076
1566979
1639178
1720612
1716652
1735142
1890544
1399773
1682160
1644612
1850685
1711781
1733152
1519399
1741098
1793201
1718472
1455744
1703726
1633716
1724082
1839803
1691845
1741140
1680475
1805574
1422879
1652500
1865365
1638509
1652607
1392663
1572791
1562638
1628071
1749012
1686763
1656421
1930898
1572858
1687818
1631707
1750440
1530716
1831333
1739286
1623780
1653055
1695450
1519094
1716002
1553251
1895552
1683081
1668004
1693596
1846905
1679135
1660339
1673454
1721030
1744723
1677155
1729119
1710501
1662177
1685869
1649711
2675080
4952721
2986916
1423830
1820484
1771403
1752436
1677658
1829643
1533587
1884983
1462670
1653995
1351867
1783229
1541814
1588380
1713019
1675820
1722973
1722667
1775653
1740515
1608208
1725585
1658419
1839219
1510568
1939225
1239830
1499392
1293194
1646128
1306742
1685751
1458619
1768123
1531457
1778077
1648281
1875840
1505551
1836283
1604913
1882706
1555622
1808972
1646780
1819282
1480773
1822744
1594419
1815944
1584981
1808631
1650491
1807154
1463984
1815565
1534708
1804603
1522438
1739381
1644666
1728728
1653640
1736544
1608599
1823018
1733883
1808153
1567184
1806733
1492956
1810213
1560527
1741237
1662497
1633942
1633925
1752306
1612669
1631000
1609261
1725481
1682411
1802762
1604606
1789442
1638431
1802714
1655018
1835666
1668928
1828352
1835173
1827190
1790034
1868221
1707642
1860020
1917287
1826582
1758317
1859332
1793534
1818552
1581098
1613017
1490670
1767337
1628017
1668520
1624295
1437791
1322182
1582166
1336768
1715094
1406298
1837035
1836855
1804429
1560338
1848334
1477877
1923767
1751444
1950638
1707610
1898456
1695181
1751212
1671155
1827942
1807854
1853006
1736303
1741316
1634834
1827376
1668025
1971994
