2826923
924398
1653392
1689441
1669706
1439003
1922930
1545358
1969564
1653208
1580634
1900518
1885861
1817977
1860171
1799955
1929390
1830313
1952470
1732793
1926254
1756897
1890994
1757143
1887946
1867524
1908875
1750095
1929441
1699525
1861865
1725718
1932885
1808909
1900530
1705209
1927540
1605808
1946446
1669747
1933584
1774208
1833769
1667548
1638899
1720308
1881770
1611527
1896324
1698047
1931568
1548486
1922505
1740868
1503961
1696203
1705406
1632062
1714389
1317323
1699563
1550906
1692028
1629087
1656752
1742484
4879366
3105048
1860667
1686261
1894884
1830734
1915963
1783109
1876584
1423669
1899840
1769549
1903289
1718611
1663077
1651448
1906690
1758289
1707101
1665942
1782719
1728415
1905595
1781742
1856898
1766829
1676341
1486482
1751172
1850043
1868798
1733722
1914990
1789773
1901851
1687752
1881264
1747529
1927702
1812662
1745807
1816107
1911732
1712244
1861532
1775712
1911758
1778682
1638151
1621083
1860004
1775069
1834379
1789695
1895170
1813489
1909033
1863130
1815523
1878769
1858723
1701862
1865753
1624159
1863160
1850184
1876976
1810262
1897391
1709562
1786573
1812055
1887110
1819158
1854697
1803103
1828179
1799833
1887295
1848972
1848506
1650699
1905945
1757917
1788264
1653973
1751509
1785778
1854797
1709902
1926978
1707688
1798019
1728995
1836819
1654608
1889805
1585783
1766733
1654592
1904391
1834154
1899375
1626258
1901065
1795150
1891300
1552253
1758034
1672002
1854626
1769684
1893885
1561927
1828898
1796335
1815574
1792607
1815643
1762609
1909886
1784083
1899845
1847960
1723324
1849930
1894078
1624702
1785755
1650811
1898060
1757897
1893701
1633137
1856205
1560677
1903230
1838819
1888204
1870454
1894512
1916015
1922045
1820664
1890439
1837459
1908464
1861465
1853365
1893064
1886672
1795283
1922580
1833843
1908200
1883016
1903955
1836219
1854390
1757078
1795745
1848711
1914319
1839783
1863004
1847500
1898276
1793517
1887627
1832926
1916306
1846624
1905154
1835120
1931825
1794547
1901696
1808905
1858398
1881820
1897518
1835734
1916721
1786715
1867929
1538940
1736520
1915880
1867145
1841053
1900817
1608437
1855364
1827696
1903451
1918441
1900130
1843650
1914599
1723988
1897441
1838835
1896828
1878090
1896585
1843650
1927217
1714800
1877604
1837751
1865654
1924794
1903278
1890884
1844863
1647261
1914384
1791452
1864428
1791814
1647104
1558875
1769310
1629696
1899896
1782305
1871335
1899460
1882294
1837014
1750210
1522961
1666432
1687768
