1679799
881485
1198528
1055519
1331632
1034389
1286603
1168098
1437665
1191995
4068286
2061442
732401
1239914
1741364
1354681
1378363
1270866
1588076
1481971
1586075
1415871
1579396
1445434
1129472
1262549
1513378
1468554
1635832
1491226
1594461
1523627
1582741
1550187
1573726
1433916
1572326
1432754
1629451
1432447
1604411
1532490
1309994
1357015
1348884
1514731
1435776
1377866
1478305
1050658
1607016
1231659
1721929
1315175
1590925
1431992
1628232
1258858
1464463
1452125
1559760
1503125
1566381
1291779
1735142
1584873
1692637
1542480
1650177
1669849
1750912
1743878
1619035
1559522
1543745
1484490
1717457
1790232
1828426
1739552
1816703
1625881
1669216
1495170
1646137
1855927
1716452
1710672
1822887
1679523
1808886
1553759
1714442
1775704
1736606
1555681
1767453
1586631
1714431
1711145
1512417
1470811
1783782
1743233
1724712
1417760
1661835
1575849
1652990
1751974
1816082
1807293
1829848
1788528
1749202
1699787
1697716
1565270
1438660
1385690
1699213
1446130
1412328
1498054
1310213
1477214
1411010
1494006
1923619
1369150
1798141
1682884
1776161
1592614
1752387
1619407
1810295
1730268
1782547
1697493
1733646
1284100
1755926
1417165
1780078
1416923
1576501
1545900
1491781
1390625
1661001
1207901
1416857
1562540
1599209
1769432
1519491
1499228
1509074
1531338
1671460
1434267
1885246
1327339
1848000
1647727
1860223
1362275
1770305
1560838
1832723
1535694
1780902
1728041
1549835
1248314
1695249
1475391
1527268
1536628
1900415
1695543
1737167
1736696
1951499
1613272
1715671
1848612
1789467
1680306
1841515
1779092
1905150
1676736
1882673
1698732
1778789
1636287
1806143
1803773
1716222
1661076
1790858
1807631
1878720
1692248
1819088
1708963
1864868
1773948
1662182
1627802
1777996
1506313
1733913
1512154
1784183
1532015
1728825
1745443
1809913
1625455
1819769
1626577
1327043
1420406
1835623
1403425
1681555
1449454
1738056
1353554
1872023
1310153
1804841
1394584
1457699
1557795
1521110
1345229
1908179
1651615
1362897
1050556
1727163
1346059
1613545
1258707
1597650
1237394
1655392
1293279
1524707
1301510
1782426
1301790
1959473
1472340
1536184
1573945
5119140
3495894
2375337
1135184
1928933
1756618
1875757
1414719
1849300
1687683
1917056
1394460
1881929
1583947
1817836
1652859
1833776
1749608
1852942
1812776
1761568
1245262
1915319
1688436
1946476
1735156
1811983
1619186
1902540
1622623
1866728
1454632
1891901
1455963
1916729
1564380
1902024
1564970
1923177
1663557
