2483970
1276561
1368538
1110938
1467123
1409377
1240302
1484009
1503294
1664424
1311460
1599193
1451220
1703213
1527157
1787607
1645998
1747251
1628307
1688906
1632736
1602741
1678604
1656234
1725444
1677152
1497813
1694850
1496943
1670667
1232654
1642595
1558307
1470860
1405247
1413115
1489369
1575387
1175505
1602816
1453678
1531076
1290084
1507876
1572097
1727708
1504949
1654237
1584027
1725069
1521644
1723612
1696553
1652156
1568704
1747680
1399615
1704840
1664215
1647984
1545672
1753394
1501984
1732443
1487792
1678965
1510685
1684890
1560744
1717793
1525306
1678364
1530658
1659415
1364461
1709314
1627553
1752088
1740410
1723415
1550328
1758448
1618006
1614267
1519191
1789399
1720378
1708378
1535849
1761484
1688824
1586033
1521949
1682569
1677538
1740071
1733138
1734004
1552973
1742739
1713638
1749543
1507664
1834051
1669687
1710132
1534152
1819501
1699860
1813357
1660644
1816365
1755205
1737703
1543242
1801053
1803194
1800241
1652158
1792396
1757277
1812624
1527478
1484676
1301380
1843646
1416389
1838690
1460968
1809569
1605973
1844207
1695654
1722506
1599456
1861315
1654603
1741968
1751141
1811487
1685397
1794948
1614430
1839446
1793817
1795565
1607348
1804630
1728482
1738392
1524539
1846810
1586027
1878219
1678099
1802969
1529372
1788699
1494817
1849218
1703929
1750840
1651758
1766482
1715208
1718573
1603200
1775048
1777158
1685885
1435413
1623193
1555723
1928273
1414620
1818870
1557837
1867935
1741198
1783981
1593733
1723835
2577549
4241811
3069586
1431710
1850165
1837055
1725924
1782337
1837955
1810919
1816955
1835396
1701579
1889182
1832937
1805152
1905801
1885314
1827056
1853543
1692407
1863664
1745921
1853810
1821691
1854211
1689216
1854168
1665032
1879455
1805586
1828838
1847065
1826109
1834785
1860850
1717437
1878150
1784626
1859018
1826751
1845453
1826760
1856327
1790459
1858624
1705723
1793121
1855642
1802165
1746775
1853741
1636313
1939562
1663889
1813406
1934828
1878427
1901566
1893436
1674108
1785590
1751514
1797454
1794407
1759045
1739843
1840731
1672039
1735781
1537524
1795497
1801484
1789931
1606818
1787045
1676503
1730566
1763782
1757327
1843685
1802187
1702483
1788015
1634105
1757364
1768019
1813514
1640133
1775289
1745130
1799949
1773954
1795021
1733334
1767784
1670993
1751916
1613422
1815681
1489422
1685380
1538089
1757524
1625460
1780694
1583403
1792754
1525315
1675455
1405881
1730336
1685195
1635433
1557738
1664468
1553549
1652823
