1771362
1025182
889399
1561320
1212648
1629490
1312016
1851664
1480447
1778247
1657730
1673954
1482274
1793382
1730002
1827665
1651917
1427589
1477340
1239873
1571604
1817047
1723278
1782157
1289968
1774084
1678802
1772578
1248533
1817778
1720481
1671170
1564004
1842458
1800086
1856528
1391568
1586024
1149116
1818656
1393830
1601111
1167326
1756171
1172169
1720906
917417
1692852
1195435
1494012
1458827
1580612
2062075
4587284
2729174
1194717
1212537
1595855
1022498
1505377
1318776
1523509
1515089
1483003
1297387
1393097
1203347
1223745
1292500
1332940
1303383
1261649
1249051
1361152
1129911
1382550
1237864
1413742
1155074
1093834
1074276
1058606
826656
1115665
814104
1468412
1348944
1527589
1366438
1483405
799160
1352298
951619
1641279
1363464
1620036
1406651
1668308
1336238
1593311
1362590
1338689
830603
1234019
1115892
1496681
1515639
1670498
1723043
1627231
1696725
1603509
1388450
1704306
1460901
1575489
1172234
1541717
1112166
1849102
1643901
1783754
1595207
1630950
1742407
1640483
1585914
1687697
1465913
1768068
1589506
1687990
1604798
1720467
1544207
1821301
1252219
1429160
1396771
1876217
1633733
1867567
1837196
1862640
1794943
1831652
1784162
1715487
1882212
1924230
1761062
1813812
1661415
1762752
1184029
1735548
1707871
1758062
1625357
1730282
1244545
1405711
1532978
1530875
1506703
1683679
1667994
1428974
1707852
1835459
1545595
1946055
1711041
1710532
1282894
1765810
1303738
1803468
1128555
1540984
1510799
1395245
1572832
1631736
1534383
1871344
1863539
1864594
1731584
1291283
1539931
1797173
1742027
1826069
1770702
1872209
1835659
1859489
1786362
1867946
1847463
1860319
1728642
1820859
1870494
1902104
1882134
1851669
1825803
1911280
1789785
1925821
1838238
1919043
1881730
1853017
1669192
1870563
1752682
1794783
1819297
1907560
1684130
1858939
1729355
1653510
1598980
1750926
1647021
1806596
1835826
1851867
1864584
1865834
1825038
1853644
1809236
1840263
1833143
1906394
1839859
1712524
1872037
1788033
1894387
1763626
1729515
1858417
1827388
1868855
1871473
1814159
1917934
1857260
1776128
1874758
1768698
1924318
1871323
1839319
1862597
1848537
1895885
1904668
1765107
1857998
1701161
1588485
1816880
1866129
1903483
1884293
1803169
1861109
1804672
1869990
1900213
1852794
1824953
1843296
1819512
1846293
1853348
1785893
1751230
1748073
1815522
1854624
1698715
1854627
1754234
1690684
1792542
1755748
1701731
1785472
1671374
1721972
1868696
1906334
