825905
1073361
1308650
1154551
1148461
967072
1017942
1120552
1258577
1406642
1362718
1281312
1240964
1129119
1323060
1099567
987612
1267996
1311373
1223242
1060347
1133307
1139449
1296865
1094698
1073629
1343330
1094021
1309470
1332647
1361351
1252376
1359626
1361012
1480510
1263554
1383800
1202300
1350472
1254918
1450304
1240770
1363982
1444570
1454984
1274579
1307119
1405894
1321548
1541034
1386777
1138972
1522338
1255929
1445431
1319300
1380404
1170822
1388005
1305696
1350994
1316020
1542399
1334680
1391297
1219719
1127447
1292531
1317564
1322229
1395170
1467204
1346857
1345301
1473773
1275895
1347225
1265879
1186046
1411887
1341387
1277847
1394716
1389205
1512563
1304479
1435643
1389080
1348861
1284586
1377441
1241359
1350815
1174770
1300784
1262910
1248699
1273089
1429718
1265738
1510223
1380938
1510689
1407751
1382646
1416528
1407446
1307050
1510259
1291807
1532779
1321301
1398082
1304405
1496765
1313865
1375136
1247823
1263518
1288810
1571262
1284738
1385442
1445812
1429572
1432285
1391350
1426655
1472683
1416957
1400768
1438191
1325665
1376080
1357018
1357555
1387441
1419532
1438761
1302927
1407148
1346365
1296986
1469426
1418072
1389736
1337999
1379129
1453629
1476387
1292470
1221381
1452733
1390764
1529948
1321177
1437278
1241959
1290766
1308142
1272315
1311755
3390319
2895765
1249688
1513489
1482132
1473552
1323629
1482706
1532567
1298470
1509313
1425520
1403735
1431678
1390591
1461123
1478107
1429086
1493200
1390355
1378041
1380507
1468303
1479888
1481137
1391916
1411930
1413546
1419451
1458603
1498862
1319520
1530111
1384551
1523814
1447993
1557117
1436625
1506444
1448033
1585434
1350346
1603789
1362110
1540214
1505783
1606498
1402881
1634104
1252158
1630711
1432934
1606170
1502587
1561821
1426988
1466973
1420811
1514672
1402706
1602409
1423944
1545014
1324095
1503218
1394145
1653551
1460979
1513564
1353602
1398398
1301760
1601788
1335693
1552857
1353106
1482835
1535872
1485910
1447866
1695992
1454047
1624468
1527287
1560099
1535662
1657009
1486925
1592984
1540743
1667805
1435102
1583365
1523903
1527083
1466035
1706320
1451635
1644710
1400306
1409090
1457258
1499793
1467266
1520260
1378035
1525219
1180960
1167558
1282951
1219555
1289129
1236031
1149393
1253609
1241657
1309573
1292549
1538924
1488208
1167336
1189610
1184142
1299041
1293856
1283919
1235715
1281340
1240631
1129069
1464238
1272599
1418472
1407748
1514420
1325242
1414005
1168751
