4678828
2757194
1277748
2349643
1813602
2269624
1929773
2174881
1844249
2412053
1821966
2222726
1902843
2166296
2101251
2240308
2406536
2303115
2239342
2357775
1766515
2211410
2237564
2242063
2133533
2247059
2257168
2314158
2092912
2235135
2493089
2377472
2365900
2392228
2164976
2522172
2084990
2530087
2239609
2587299
2236518
2524624
2272268
2538118
2210853
2500337
2244893
2429107
2331043
2498758
2336425
2561115
2341691
2528138
2350995
2560048
2242787
2540983
2412231
2411155
2310996
2628820
2410692
2555245
2231325
2431336
2446012
2441868
2321476
2544823
2355821
2558217
2266389
2552819
2335166
2502838
2226889
2598904
2414757
2519133
2237974
2522598
2364967
2480712
2333975
2457981
2170971
2436183
2265767
2583553
2258175
2544109
2176900
2484043
2219239
2646745
2330534
2559859
2260821
2492622
2104423
2504813
2116255
2476319
2218963
2588629
2232178
2551693
2204554
2507009
2155493
2590074
2301490
2509043
2350551
2553130
2260867
2521553
2215337
2598110
2241533
2519784
2383631
2451564
2327985
2515643
2282625
2504513
2141264
3104230
2345786
2569921
2370262
2497181
2240177
2541784
2279719
2569355
2337797
2518004
2288898
2473943
2295145
2469513
2244186
2567952
2228635
2495733
2334505
2515719
2332952
2545330
2282168
2468969
2290996
2548630
2374678
2532075
2201587
2537499
2246828
2511241
2241890
2483390
2298260
2499165
2271255
2520057
2186203
2614031
2281197
2561862
2341965
2491717
2322133
2556105
2340440
2481228
1986096
2572304
2282339
2400346
2371693
2378363
2320550
2494639
2250769
2506754
2285984
2561775
2319530
2555239
2252213
2407457
2465602
2408572
2415045
2411048
2210383
2447908
2155332
2608659
2345032
2492083
2227795
2525873
2252573
2534615
2195589
2449573
2102250
2434152
2289711
2561125
2275100
2502358
2279447
2601386
2172574
2556682
1978903
2071586
2211693
2230129
2195122
2427378
2248899
2426690
2012640
2527384
2068893
2443386
1991044
2254786
2130353
3644928
5721386
3761412
2944271
2477847
2272875
2619671
2365424
2433363
2368900
2532089
2280229
2572915
2322873
2463546
2321135
2478080
2339587
2232410
2356934
2350274
2227656
2523033
2252003
2591490
2411697
2519758
2381498
2571152
2378076
2600055
2336736
2583436
2412867
2560451
2363601
2516178
2417860
2544814
2266256
2665396
2407692
2564621
2332411
2570860
2359590
2635116
2346257
2554229
2428748
2559335
2401283
2555498
2289444
2460227
2280190
2548557
2371631
2432868
2365422
2438718
2297472
2555129
2319830
2531824
