9251062
7294504
5306630
3323621
1338982
1640163
1579903
1573228
1914980
1865058
2345590
1874368
2158949
1705223
2340855
1800631
2674250
1820912
2343486
2107529
2511253
1910771
2500306
2011290
2343515
1965198
2550035
2366317
2543792
2258423
2499990
2353380
2432560
2346467
2538561
2351089
2236475
2163809
2571031
2329153
2194889
2283439
2404990
2314576
2434565
2269503
2527750
2420011
1869881
2156256
2404630
2509287
2370790
2085543
2557128
2305927
2006519
2076165
2371255
2000021
1999723
1842541
2042705
2116698
2575550
2251789
2424136
2147256
2453254
2366408
2010445
2318049
6349095
4327967
2711646
1483315
2398687
2118986
2190329
1787063
2116225
2156319
1725722
2269089
2091401
1993518
2232992
2216359
1937775
2281579
1814874
2057734
1852322
2324452
2646618
2531421
2651213
2442474
2514536
2423387
2614391
2257959
2530736
2174573
2631427
2424294
2675261
2429690
2621910
2376715
2654307
2510623
2649015
2608132
2610138
2428894
2642646
2275700
2505883
2389604
2603700
2415943
2643890
2441376
2676963
2383646
2658837
2456544
2617660
2449407
2545713
2435805
2692311
2407831
2592387
2384283
2538534
2396884
2557765
2338720
2568916
2471959
2550477
2415376
2637245
2420380
2664585
2395820
2660074
2514612
2516318
2503857
2591025
2408554
2682617
2309943
2702861
2391042
2654345
2476463
2438920
2501375
2597165
2094056
2589193
2251140
2640074
2299349
2719725
2296923
2579665
2332184
2662541
2408006
2687489
2331176
2707911
2463257
2653478
2348174
2507731
2314666
2557530
2284479
2623704
2273579
2557409
2389777
2653817
2406174
2532069
2395706
2692671
2503317
2687971
2135049
2685060
2382140
2557715
2416488
2551847
2414687
2621691
2351804
2676528
2356194
2665124
2451624
2666527
2354653
2516153
2391014
2561071
2276133
2606258
2237369
2661258
2443482
2642381
2177692
2386151
2414615
2675719
2382777
2495291
2285586
2591365
2137919
2431487
2059763
2133214
2101754
2331773
2109487
2368869
1975297
2316863
2121747
2657047
2321444
2353026
2355698
2540180
2264862
2007237
1780710
2327115
2313152
2430410
2122790
2150769
2277184
2557014
2183824
2539998
2175205
2599255
2281849
2555272
2149879
2359390
2427919
2583733
2260019
2576276
2303107
2557446
2147464
2561511
2392448
2488750
2148828
2547010
2327390
2518575
2088563
2655414
2183511
2637059
2032453
2418912
2284513
2596691
2369975
2610300
2183349
2535296
2315684
2624376
2315880
2518647
2216262
2606647
2385870
2651862
2370500
2671951
2397286
2571132
2230422
