1240579
426981
2599282
449423
388093
644946
450036
821604
405337
983398
586695
911438
531264
1198992
611035
1282772
558169
1071222
483186
1204805
466439
926745
730828
1234031
1040386
1133707
1003809
1400800
706258
1337984
1075659
1450886
1081137
1285075
822132
1232931
816631
1546637
838151
1309404
1007198
1382313
1338075
1352930
1032084
1403458
1088600
1619146
1071400
1484155
1041326
1528425
1039174
1726722
1316023
1506018
1288353
1576962
1477286
1543173
1356072
1649442
1133265
1593659
1373104
1597837
1085564
1623450
1408061
1622238
1284165
912197
1391043
1568587
1283873
1551233
1376505
1622564
1368608
1639230
1088435
1548894
1295928
1657874
1514584
1565707
1022615
1662671
1396916
1417921
888170
1646446
1411708
1613560
1337740
1458096
1379268
1649554
1209303
1585440
1431286
1543428
1281773
1574394
1383087
1522597
1055326
1561075
1371394
1583038
1453392
1593460
1513682
1592734
1273415
1582570
1232925
1581672
1364941
1603278
1315144
1598635
1348627
1615541
1376697
1616287
1273983
1611189
1422898
1617989
970505
1497066
1314005
1625753
1235293
1565389
1396795
1694011
1434515
1465688
1385882
1606424
1324124
1632224
1312885
1503531
1351074
1540568
1256754
1638250
1328979
1571715
1398452
1614264
1233541
1513698
1096645
1564535
1195999
1646574
1592510
1637593
1514733
1646414
1434846
1577357
1497673
1546837
1485684
1538000
1568213
1375672
1112939
1517642
1404104
1532046
1368011
1515067
1480734
1558091
1383143
1612179
1372477
1587964
1477612
1505554
1492972
1601210
1460353
1450958
1121573
1522732
1496259
1531664
1191600
1263518
1044658
1397695
1593926
1567485
1612990
1323655
1464026
1575962
1400360
1514700
1623948
4047870
2372880
2272458
679360
1670380
1555910
1442967
1662610
1593941
1444818
1593465
1665996
1506536
1648612
1523834
1487358
1615004
1530103
1678894
1492958
1691645
1542724
1718899
1659335
1679885
1525378
1761082
1643086
1750710
1393325
1718534
1624713
1595805
1503535
1706911
1594377
1719848
1662504
1726061
1594053
1766757
1699314
1698141
1633013
1715015
1732704
1789098
1723285
1710985
1565572
1788129
1612685
1666060
1779788
1741481
1726224
1758529
1699435
1785606
1673118
1671190
1644768
1785012
1729565
1625169
1623045
1635006
1586165
1816961
1772002
1793756
1789550
1857169
1768114
1694621
1734812
1725236
1830708
1744245
1709015
1801828
1536663
1560249
1257207
1557438
1382293
1240489
3000427
4736385
2852227
3578621
1637556
1747201
