849670
590287
1368328
911596
1187869
1218475
1391496
1067367
1242043
1182926
1091505
1119715
1090405
931454
1168946
1395070
1291676
1209920
1237092
1246808
8299412
6941254
4941516
2985822
986578
1241359
810474
783794
1314904
1285987
1348347
1299429
1356554
1212579
1312962
1312120
1443868
1235622
1372377
1342132
1408281
1458039
1346297
1173756
1278788
1253216
1361159
1327216
1412774
1456254
1428638
1232385
1297961
1264957
1454644
1348953
1272878
1358284
1178326
1169887
1271490
1287234
1414968
1274941
1439667
1325293
1343042
1214222
1306877
1100120
1196391
1240435
1424567
1077527
1129441
1169121
1474675
1155945
1489764
1263981
1426254
1427119
1508732
1213122
1356353
1263287
1225216
1351934
1397980
1273226
1420084
1384441
1329362
1234707
1091507
1236780
1179381
1334831
1460214
1293297
1457137
1223945
1320170
1283603
1263134
1470323
1526640
1246067
1458358
1241705
1292876
1204719
1373803
1287911
1328598
1094653
1503555
1315674
1531473
1200712
1326107
1314837
1449414
1191942
1434148
1254972
1505120
1229745
1356470
1311373
1419454
1248366
1264953
1197916
1430098
1273457
1307835
1296233
1402647
1199391
1361969
1179866
1421004
1241622
1315002
1229902
1460936
1253467
1453369
1225166
1441434
1150196
1372640
1166733
1431415
1245977
1139437
1251689
1394420
1194919
1384338
1115254
1307463
1213206
1490315
1194572
1547805
1182279
1464163
1106705
1579319
1206262
1461862
1189695
1205061
1166636
1393023
1125140
1346097
1240711
1345037
1229806
1374504
1099711
1466621
1239256
1262506
1275272
1240071
1169050
1127160
1182456
1332007
990602
1340120
1310088
1510731
1164284
1424629
1216376
1439815
1140292
1394138
1170752
1409004
1230616
1349757
1128215
1124794
1177828
3615575
3133509
1346298
1045675
1348830
1260416
1451803
1228839
1401397
1279679
1384567
1210513
1386844
1142914
1294307
1184891
1290768
1225773
1295803
1023876
1275689
1007041
1408778
1152578
1307000
1199918
1166098
1189815
1160818
1170404
1188202
1073117
1228055
1150810
1204769
946517
1531325
1068659
1402329
1132502
1339093
1121797
1428124
1091208
1323406
1185178
1323007
1139435
1313248
1154648
1325903
985389
1346910
1029029
1329200
1177760
1317183
1156709
1143548
1102954
1364864
1021240
1402907
1135990
1263943
1144026
1348147
1120046
1108071
1038739
1330458
1099535
1313756
1088253
1385930
1143999
1078359
1182245
1230782
1094957
1267534
1135674
1205418
1051485
1193278
919714
1525824
1121232
1187526
1087852
