922474
711167
1317362
955781
1334463
768799
992846
1020580
897940
919519
1133290
1069104
1025921
967502
1178128
1098960
1434638
958300
1037490
1224159
1221555
885333
1263594
1173882
1180061
1111135
1126847
986085
1229498
1036082
1379089
1049251
1386074
1153097
1330561
1320327
1454012
1286886
1293694
1162585
1368839
1024359
1271046
1008059
1351004
975899
1336647
1020264
1196062
1041485
1367324
1077617
1145259
977212
1389158
998966
1277982
990292
1292160
1013850
1299241
1078455
1404674
801514
1299057
1037890
1339633
1157361
1181947
1027286
1175311
1253139
1357845
1039090
1144725
908837
1310017
986426
1334741
1032578
1306189
998615
1303664
1041511
1086330
992685
1177352
933686
1341297
1371993
1233857
1203036
1105552
908704
1339037
955599
1425365
1098831
1081467
998375
1126375
966773
1389437
1072499
1368282
923414
1192823
1214557
1254142
1068078
1157093
1229082
1414343
954269
1355096
1066543
1208678
1208243
1158393
1066918
1401608
843854
1376460
1126490
1363377
983968
1309656
1098691
1232483
1031915
1386396
860872
1257806
1185199
1290579
1120740
1287665
935100
1174550
1208359
1232119
1079374
1244783
1005553
1122609
1075017
1360216
973508
1380067
1129220
1353663
971232
1186870
1024078
1412684
894630
1140840
1059802
1263986
1236552
3351972
1717566
1780554
833900
1235491
1059047
1312479
1057884
1420792
1002394
1360490
1058061
1358354
1140060
1233362
1063919
1328261
1131244
1393666
1139345
1291215
1129560
1487820
1032394
1301988
1274873
1454959
968354
1310917
1247082
1421253
1074119
1372666
1041745
1063250
977483
1406283
1151659
1399359
1262592
1371610
1110761
1350122
1017417
1376199
1271830
1417430
1081895
1322325
1295657
1316308
1150735
1236561
1046917
1400020
1168258
1478950
1158827
1316803
1106355
1419791
1155985
1481645
1187944
1471266
921513
1285220
1267978
1420912
1204516
1377689
1236024
1508974
1039954
1446902
1223542
1493805
1084531
1344803
1257469
1503105
1232122
1442987
1316485
1508818
1272226
1458038
1264495
1443394
1343874
1459937
1265597
1489294
1152355
1440988
1269032
1414635
1176324
1378416
1322743
1460137
1031504
1442668
1176636
1403957
1205420
1464240
1064820
1276980
1178941
1301209
1124194
1455675
1151691
1322923
1115962
1489895
1286783
1409701
1225635
1278868
1199407
1522439
1255946
1534940
1343356
1322416
1320293
1322462
1307883
1314626
1185612
1236383
1042275
1149861
1339155
1308878
1185159
1542779
1238278
