1176889
1107742
1310124
1331433
1353526
1603776
1502880
1548386
1581642
1554977
1433727
1667967
1491591
1273830
1418705
1401452
1550054
1557641
1576171
1553980
1475635
1721158
1537349
1624940
1596202
1706902
1654679
1539001
1634407
1680407
1614723
1548567
1551908
1497958
1580224
1672570
1524395
1700170
1405023
1535252
1601613
1606850
1615298
1519928
1616319
1746644
1636130
1729492
1623236
1706254
1603007
1604283
1624973
1670221
1697720
1698579
1590789
1687592
1568371
1650998
1617201
1665824
1736755
1692420
1581758
1654584
1782944
1743374
1630815
1605278
1685585
1726672
1536942
1793715
1588343
1663364
1630876
1645281
1702894
1711422
1588237
1616949
1605608
1559040
1571839
1660605
1673888
1760885
1633394
1678893
1565353
1632497
1592805
1510046
1593305
1736681
1684413
1696269
1674877
1685297
1533669
1645587
1601903
1615409
1628564
3681148
2641692
1401838
1503502
1554374
1616000
1747948
1553484
1490605
1519489
1731734
1692622
1625947
1749412
1633864
1628053
1547573
1633770
1637163
1678333
1714629
1696896
1717021
1634188
1603746
1702162
1671551
1592425
1641776
1688998
1749376
1564418
1594631
1702333
1722845
1587369
1593249
1730827
1626675
1688894
1509126
1699825
1723840
1645243
1527276
1631965
1717477
1591781
1713494
1703224
1702382
1671706
1687693
1704854
1540771
1562845
1710490
1705746
1476739
1380002
1568977
1620499
1616063
1562442
1220186
1566891
1615745
1589324
1452434
1555936
1638090
1549898
1517907
1635939
1628194
1561643
1574570
1596528
1547846
1577139
1624243
1554865
1641923
1532190
1648081
1470094
1774267
1587041
1501285
1682026
1621225
1661805
1599641
1677493
1643130
1449384
1717238
1529449
1661817
1550844
1742151
1633564
1604589
1519157
1499630
1699250
1646607
1545916
1539969
1598511
1602236
1550013
1786249
1622976
1728855
1570106
1558282
1433818
1703045
1614503
1642420
1557455
1590824
1554100
1742665
1554199
1555733
1583903
1586878
1630959
1569518
1600671
1621213
1542544
1642124
1495419
1754794
1598400
1524836
1690868
1465826
1610813
1640093
1604525
1386035
1411996
1719780
1609428
1636063
1544603
1592963
1751640
1643884
1590062
1597963
1602757
1586645
1602399
1620689
1559024
1592943
1602599
1662948
1522422
1581919
1486028
1772906
1549947
1654349
1599751
1616067
1586229
1519449
1638978
1674414
1574418
1598058
1672657
1653215
1614579
1618177
1615994
1642083
1590008
1645567
1635639
1622810
1615334
1530581
1592587
1707484
1618854
1631347
1669715
1664013
