1966426
1299133
1369307
835228
1450204
1515699
1045548
1604525
905776
1254281
1207616
1414739
1356881
1764450
1350793
1707436
1089930
1324691
1333935
1388399
1415706
1776034
1524496
1628873
1393016
1687951
1360555
1666380
1292148
1756664
1577252
1742286
1401618
1639294
1178258
1636072
1179798
1651644
1457518
1615267
1299935
1482640
1209914
1644335
1156937
1756154
1508208
1726511
1513084
1750332
1398754
1644477
1289708
1748428
1542969
1777531
1497518
1638904
1321291
1720250
1193908
1645071
1572145
1746385
1460512
1746085
1297010
1237481
1325128
1464063
1360570
1654435
1406317
1643644
1387261
1688512
1546054
1736275
1315311
1629621
1359550
1754805
1472399
1760318
1407448
1652518
1345330
1731571
1231575
1750811
1499530
1716282
1542939
1755655
1480963
1371478
1402944
1664077
1677196
1672799
1468985
1724175
1457384
1630052
1557428
1797217
1655925
1804151
1610942
1725710
1392063
1758655
1694881
1666568
1577854
1768540
1478681
1262527
1330975
1324412
1484589
1446696
1025314
1311788
1279182
1539504
1301245
1582771
1399129
1507612
1347064
1479759
1131020
4172252
3999358
2020445
1507694
1652980
1484501
1660997
1375999
1605664
1571574
1553583
1252206
1631699
1243213
1640898
1451616
1634269
1349879
1605927
1270757
1643058
1391632
1640822
1330012
1648196
1443754
1558656
1348915
1719707
1455468
1723879
1353477
1567582
1271193
1392104
1248161
1262924
1347479
1477415
1422946
1528805
1342851
1456083
1357905
1462922
1273850
1449329
1273366
1437961
1243147
1522466
1368620
1468593
1273959
1538723
1320532
1440413
1378264
1450382
1398416
1528806
1237451
1482395
1219684
1508383
1389899
1447288
1365364
1445295
1258048
1449512
1225595
1492329
1325108
1448505
1368695
1511945
1316184
1452820
1296777
1527020
1328873
1532615
1502299
1468183
1260590
1536859
1284442
1471985
1381858
1465006
1415119
1511926
1282061
1509514
1376626
1511720
1337004
1516484
1301951
1480447
1396324
1564490
1390243
1495233
1419703
1545009
1343882
1415101
1256421
1476981
1282049
1490460
1335123
1491869
1351061
1519654
1230098
1521728
1239779
1510802
1463517
1545039
1424603
1516565
1269535
1456225
1232230
1538858
1449919
1533043
1433975
1564017
1236897
1551400
1266966
1493135
1449129
1483075
1432489
1522338
1336877
1492647
1245295
1529960
1404188
1542148
1438753
1519103
1196710
1512273
1268877
1487709
1446508
1525053
1460791
1527513
1243301
1392625
1145885
1526211
1381019
1534926
1493575
1541523
1233832
1538083
