2118564
1077130
1527675
1047064
1670211
1225861
1685381
1516134
1658304
6561859
4698471
2773330
3274495
3471183
1468501
1368748
1588950
1244261
1701756
1388015
1674085
931903
1714326
1208135
1608506
1406089
1741270
1683193
4717805
3591931
1539598
1219433
1396227
1334090
1521835
1152335
1533344
1252692
1692442
1427718
1745392
1337978
1630693
1399313
1682769
1299204
1600951
1145064
1619379
1454480
1706018
1524057
1707221
1486873
1682470
1373515
1668573
1223621
1773242
1551500
1491899
1303988
1392282
1016039
1662641
1422893
1640771
1413264
1670466
1453014
1744486
1374043
1735552
1324642
1727816
1248804
1695380
1589989
1472892
1417168
1676176
1594605
1863390
1512850
1673319
1200035
1832387
1470438
1767163
1630474
1818977
1669995
1815752
1802863
1697789
1239363
1868392
3653004
4434969
3873221
1849615
1612158
1885296
1699069
1822082
1498420
1806090
1176171
1884434
1608015
1924513
1368973
1286933
3981037
2022823
1208401
1261442
879114
1229087
978623
1193800
1282814
1172699
1079634
1068191
941359
1251855
1121720
1212670
1143943
1161912
1037971
1208331
1018336
1460358
1223012
1322098
1175218
1150857
1096344
1304697
1330425
1321645
1430695
1515707
1327573
1458738
1251904
1243535
1166458
1458349
1498449
1463757
1585324
1557324
1341683
1570982
1548057
1619755
1563871
1698927
1550525
1446764
1566955
1665815
1558901
1670496
1613112
1718241
1446848
1601222
1331873
1674822
1593278
1661216
1623940
1677143
1471600
1637845
1623152
1472894
1158099
1566874
1194904
1634387
1480296
1645222
1671946
1656355
1358161
1618200
1518345
1726926
1546260
1577935
1556634
1704608
1772333
1680878
1685238
1770767
1721892
1775719
1485658
1609151
1695656
1730412
1718391
1713842
1546737
1765443
1476850
1648316
1494190
1811664
1746011
1765346
1788371
1676028
1712266
1815628
1681986
1588662
1715966
1860617
1838013
1745271
1508154
1751713
1759761
1831363
1617065
1761663
1751962
1760183
1466450
1766515
1679621
1850211
1687577
1769542
1647225
1684939
1529037
1842814
1666501
1712824
1715082
1736783
1709330
1829184
1677290
1816414
1662531
1804782
1605476
1731603
1813747
1758386
1585795
1746831
1532777
1687852
1774853
1673058
1644332
1742359
1638868
1818850
1751243
1751502
1745657
1555874
1557647
1715072
1639125
1816527
1708503
1730999
1587982
1613392
1508115
1680102
1591468
1755203
1624851
1525674
1666706
1634803
1639971
1766644
1493124
1754187
1472773
1707873
1634601
1760292
1577067
1719035
1599057
