5897408
3926923
1951334
2158884
1752615
2696959
2020584
2555147
2286085
2528417
2280496
2543996
2105829
2482093
2238712
2549461
2410847
2433898
2512412
2543764
2410796
2541912
2405617
2541714
2520877
2571832
2509292
2553374
2405455
2480642
2503082
2607842
2449403
2572972
2507003
2585862
2316527
2483164
2323126
2464588
2316475
2547532
2325050
2589919
2391243
2588088
2376871
2421515
1952149
2253000
2307833
2426902
2227331
2558408
2418197
2477035
2377336
2534942
2417955
2488295
2479261
2406065
2256545
2488097
2384861
2479465
2400601
2550190
2292675
2531128
2386511
2562683
2491991
2495467
2387686
2587933
2499418
2525949
2404725
2462935
2408636
2414721
2243675
2518117
2484332
2467340
2425466
2475841
2395263
2365700
2145600
2563153
2312882
2530253
2492908
2493185
2470552
2483926
2478722
2355675
2399650
2489905
2505673
2477835
2097218
2484916
2418357
2448805
2483833
2478061
2405140
2538681
2249885
2534537
2407184
2448306
2384223
2489461
2462071
2256045
2167290
2482658
2466341
2472444
2344502
2468373
2423943
2438216
2208749
2476068
2400997
2463876
2381371
2534797
2416697
2469423
2300661
2511443
2464088
2431645
2307562
2492104
2465474
2472439
2243681
2467527
2434815
2452301
2322407
2365975
2299264
2143999
2132361
2476706
2435288
2466291
2443056
2391916
2436751
2342501
2414247
2390190
2368272
2466044
2503018
2479971
2348727
2472588
2457135
2381772
2332215
2378097
2445787
2355302
2370703
2455627
2477328
2468676
2403922
2425157
2442896
2489320
2445850
2458671
2487936
2485103
2408682
2403547
2453481
2385887
2359089
2386659
2181405
2298537
2162013
2230326
2082453
2239138
2093944
2476667
2419881
2475643
2410270
2469229
2485148
2364353
2453749
2438627
2474811
2423018
2332470
2447697
2446551
2352750
2177395
2462932
2382038
2150002
2451376
2195238
2246790
2262611
2015798
2394222
2226730
2286842
2119118
2371650
2307450
2224165
2260575
2368560
2086420
2479027
2257603
2454966
2354336
2406251
2346116
2192459
2300297
2679069
5697693
3766912
2088356
2005233
2194675
2362954
2377890
2388037
2423284
2390658
2299699
2135634
2258905
2312539
2330645
2287829
2415687
2362737
2339381
2277551
2120310
2066838
2038108
2144446
2213124
1973992
2054687
2146674
2078805
5116507
4176955
2221333
1820874
2070718
1656668
1983943
1683556
2355599
1729923
2247253
1709385
2306795
1626720
2360046
1743666
2267075
1711754
2493244
1765565
2523502
2135384
2544000
2213435
2375406
2203800
2361450
2183941
2470938
