955649
1157204
501916
1071513
1028549
1272345
1259748
1394951
848000
1243952
1315962
1301603
1357452
1234904
1190327
1440343
986120
1304550
1133406
1344644
1311382
1277719
1271947
1357529
1227958
1264478
1137840
1358354
1126185
1279060
1050054
1311044
1199287
1143583
1175213
1270453
1271733
1296213
1360847
1365840
1354484
1356439
1011692
1179455
823215
1269874
1097701
1326627
1263084
1423243
1180290
1209512
1368822
1337178
1072316
1244453
1261599
1306909
1296743
1270093
1010802
1354259
1210067
1214556
1072438
1195307
1311007
1380756
1217037
1321671
1241973
1388439
1354597
1311880
1319888
1271780
1315835
1359436
1221596
1287425
921024
1352613
1333679
1357147
1231129
1240949
1272269
1229187
1148263
1361758
1345983
1369257
1235427
1267821
1121169
1341875
1025585
1237030
1226958
1301550
1033725
1239787
1254749
1280353
1278443
1282907
1141466
1335469
1224218
1341364
1327522
1442285
1264573
1283719
1175288
1194863
1301283
1319644
1244415
1357931
1091634
1236919
1366576
1390026
1188161
1320017
1353917
1410180
1140586
1266640
1241072
1231957
1331223
1285416
1221733
1410498
1380364
1199561
1336643
1251213
1346683
1235149
1304052
1156963
1323974
1343413
1375783
1391503
902823
1386051
1313277
1406134
1329491
1258039
1325716
1401805
1095082
1291379
1235021
1339108
1237536
1323281
1401573
1422701
1305539
1263368
1384879
1466997
1429153
1403294
1195464
1347898
1417494
1198763
1425730
1431467
1415956
1276822
1392237
1444093
1331743
1390293
1360939
1408127
1444585
1324941
1508708
1460184
1411563
1326980
1368330
1311397
1517813
1305379
1408584
1360537
1515812
1388977
1426772
1430384
1439633
1243973
1414534
1259624
1506054
1379490
1436863
1312573
1036780
980369
888187
1028590
1059272
902214
1008048
1113420
1017586
1100013
1008472
975373
872612
792708
1079698
1084709
1097133
1125887
1124103
1217117
1061879
1079647
1117792
1590198
1724558
1259313
970224
1062486
1284313
1214320
1077536
1074147
1926644
629706
1131532
1003824
1059101
1220806
1045130
1205918
1220914
1184153
1334131
1369460
1289113
1315827
1345723
1276754
1260503
1370647
1353534
1333859
1303243
1325829
1359494
1246879
1303364
1242939
1362116
1295688
1331997
1323349
1312277
1248232
1283834
1269779
1401201
1378207
1380191
1385980
1325258
1272646
1277049
847272
1453007
1318729
1344417
1378020
1267278
1377570
1343719
1253231
1318148
1362868
1391506
1323914
1384132
1421647
1386983
1319558
1401793
1232712
