1138954
740353
869722
658763
984107
697706
1042360
610146
947704
705189
1122609
740506
900961
709128
985488
746214
921369
745191
721572
579042
863913
535503
891966
606534
557717
557680
469699
613295
1015467
798969
938057
769459
759450
614718
1090939
690635
1001920
692266
915413
886012
867194
813561
880825
874418
1194441
754025
987417
912175
1179730
742675
1150722
765224
1027342
684565
1184516
801442
1179393
742651
944406
985981
1209135
874567
1337069
741740
1204217
1138116
1284208
985991
1238968
906122
1110711
1133628
1253999
796651
1265925
984316
1025516
868212
1129063
991275
1101789
950978
1269939
919600
1325060
780448
1331313
752463
1049282
904467
1011100
878315
1221254
841703
942552
903534
1312309
707181
1222779
881871
1206579
832112
1211021
771590
1019308
875773
1009153
810216
796500
1314102
1086079
1141588
1730005
440199
1292543
632775
1035504
816390
963076
888770
1292387
732042
1287515
823110
1211607
817604
1249629
1024923
1058407
759786
1232804
789889
962448
655366
1052412
726725
1212374
684328
965943
871807
1358411
755375
2059039
458695
1017615
801970
1403041
790159
1210570
785366
1313486
1072892
1274610
911334
1281338
1142539
1399629
865895
980266
757069
1383047
857492
1085533
859828
1122119
836808
1139318
855790
1018957
933891
1328326
876224
1258600
808670
1313579
841924
1356256
844014
1231301
888060
1390507
1182228
1341640
779727
934107
993773
1298387
801604
1177449
829970
1345630
754203
1320605
1071026
1394775
902040
1204260
930921
1244715
1122474
1366741
844695
1321802
887137
1156284
968198
1276062
979715
1179210
881504
1335065
872660
1408776
1102032
1326007
847903
1314136
1043323
1074014
696779
1351017
1046533
1246024
936268
1396773
948752
1263025
827800
1174841
900616
1299816
877694
1320193
858444
1261981
811206
1391752
938571
1172458
903629
1329476
847965
1411551
914955
1296004
813823
1276869
899615
1190088
926832
1334653
916411
1428973
962678
1361431
1126057
1180881
969991
1091329
941272
1297695
874090
1320474
964687
1319381
1087183
1278390
1094115
1021206
976720
1301775
933001
1315388
824730
1306355
978721
1334373
900510
1144617
949437
1243168
1095898
1419934
913305
1422601
855231
1407211
919895
981848
933780
1295336
920531
1390475
1100942
1308383
881575
1294827
1102587
1101469
1198058
