1146845
742344
873843
591908
661670
904493
605884
802503
765009
951768
788706
848699
766510
1069325
846199
1021727
763551
686904
917433
965525
919353
757509
822959
1128635
667748
1347872
754607
969880
833273
1051997
1064068
999216
1084025
1084516
740631
665915
623801
921174
814567
891543
781921
849846
688997
1084985
772563
1097792
865802
966466
828092
893488
832865
1213224
795517
1241980
774419
1094264
1157959
1358244
831670
1406694
1063808
1122021
996909
1177833
1002589
1258114
912562
699912
664558
1194126
948591
1314697
1141669
1412187
920742
1261402
958852
1023686
1077253
1293776
1094613
1327314
1205793
1089525
898254
1225782
753356
976268
894096
916117
841675
1100418
807013
1182678
881659
1150935
961095
938786
922297
1095233
867789
814121
832383
1198226
737954
1132991
794736
1263842
732035
1125068
863578
889103
831263
900768
891675
1187224
739206
1069531
928250
1387858
825343
1002312
1079405
1256177
1036083
1313862
868178
1268072
835515
1099454
930998
912015
1095639
1173015
1004552
1117932
917202
1341867
850199
1279061
1037473
986708
1049757
1172710
845905
1335376
862465
1129888
872040
1268737
802523
1102605
941254
1048858
903296
1085822
1021392
1126829
971882
1047618
965566
926849
827353
1021166
814768
931845
940668
885476
941961
1253266
814214
996971
823767
1037766
916965
1104113
914681
1012439
1003678
1037872
939895
1105859
982162
3318474
2268561
1456805
975248
1382270
1025727
1270931
1041393
1173203
1074368
1420137
961388
1415965
984787
1376953
1032610
1269684
1048664
1106477
1144749
1366598
896109
1411521
1099766
1349908
1052023
1336314
1015797
1446558
1005910
1380956
1049203
1452373
1145220
1503505
1212171
1414377
1074911
1338468
1178919
1456664
1031842
1379622
1087398
1457278
1106175
1400109
1056317
1307467
1068998
1332075
1126285
1317628
1172975
1328569
1142903
1177118
1105911
1246316
1099493
1428699
1103838
1364234
1150309
1402940
1090994
1429611
1023812
1323355
1006515
1384718
1095408
1260224
1105294
1363285
1137590
1307177
1036982
1217339
1147343
1301824
1035901
1385057
985463
1303096
1104500
1397323
1248738
1180951
972190
1419347
1071815
1250429
1047771
1353403
1050493
1385659
1119423
1170729
1085911
1445245
1072731
1428988
1255750
1450108
1047716
1447727
944478
1241946
941771
1255741
1026938
1092245
866518
1278681
1060768
1453474
