1136093
1513035
1478644
1610178
1411999
1375533
1292216
1565660
1049601
1597611
1170610
1527557
1121138
1272556
1196369
1334291
1209074
1554731
1423730
1669698
1564030
1707099
3386155
3577635
3567306
1603881
1741480
3895649
3988247
1983063
1647325
1820141
1683627
1773198
1773365
1706565
1771381
1794780
1726692
1819304
1927230
1809314
1616262
1767251
1563932
1936670
1608997
1664244
1803246
1840698
1318563
1677173
1224386
1822243
1578226
1642118
1640336
1856150
1581060
1662834
1099725
1610619
1316508
1817143
1683654
1745411
1520120
1628569
1479664
1658157
1463494
1599158
1345429
1656446
1382057
1584261
1584950
1671901
1549056
1798633
1538505
1664110
1637077
1753929
1646374
1664492
1475760
1652117
1389258
1681213
1335287
1640431
1613453
1662911
1625597
1598380
1453668
1621022
1522591
1627896
1503351
1728521
1769428
1786202
1631903
1560336
1533945
1804308
1572695
1716548
1429058
1842528
1462335
1672796
1524952
1583272
1586816
1771163
1496984
1650363
1366004
1727201
1587832
1565591
1640190
1534666
1415144
1637433
1151477
1619106
1657604
1795460
1604686
1620161
1415298
1868738
1483689
1303183
1634030
1321643
1744013
1712118
1448794
1818811
1392187
1804330
1666121
1636990
1599876
1833929
1731001
1664718
1311083
1727344
1764391
1796222
1692830
1700333
1494477
1732267
1412293
1555922
1455084
1776391
1377624
1609286
1553591
1773008
1454399
1763671
1551441
1665090
1390104
1687084
1529857
1706247
1475297
1728204
1619110
1626325
1553878
1729918
1649620
1785893
1497686
1753106
1558005
1777697
1504001
1800796
1623790
1306721
1739086
1778479
1578640
1708630
1575662
1729142
1487609
1576416
1374613
1672998
1569290
1639051
1452774
1716378
1773101
1814791
1494988
1685752
1541644
1827219
1570732
1664566
1560099
1695147
1749510
1715647
1553230
1658419
1584519
1780680
1501498
1491066
1536048
1850025
1654935
1687234
1442447
1771629
1560015
1789773
1334868
1778958
1675638
1871903
1671247
1766867
1567022
1888309
1533816
1670751
1378848
1685257
1610623
1624876
1224619
1828819
1504086
1887015
1682912
1857023
1647011
1821533
1607853
1546700
1464401
1643736
1633366
1906340
1568295
1422575
1510885
1825843
1393728
1579215
1395959
1597126
1718944
1717527
1723223
1849558
1724632
1800325
1639676
1676470
1594636
5233614
3998573
2112956
1807182
1778291
1915363
1879563
1829162
1791142
1815192
1876753
1684524
1787364
1745212
1767903
1757058
1873469
1787978
1850102
1891659
1922400
1446978
1690518
