2468832
964204
1473070
1611979
1486809
1584165
1588990
1492635
1364028
1582866
1333863
1257956
1603966
1549443
1343557
1577891
1475016
1560805
1389713
1473355
1565469
1546420
1435040
1580270
1463407
1563798
1394008
1526551
1454805
1540344
1389342
1538825
1477303
1541682
1339691
1679493
1623701
1569132
1505715
1613540
1639400
1625198
1474059
1507723
1095744
1535150
1466065
1562175
1573160
1508294
1472893
1691741
1551924
1649321
1477963
1595453
1608583
1632694
1568266
1687733
1446011
1676898
1586453
1675609
1626161
1622033
1407172
1655921
1623662
1692692
1481333
1380107
1468089
1691612
1451054
1575505
1408585
1586514
1528239
1629357
1533789
1587629
1583891
1660825
1597061
1703295
1515073
1666584
1569620
1704272
1625286
1671141
1350023
1544016
1288085
1591384
1304855
1543801
1312063
1572954
1448236
1502459
1290046
1569566
1375587
1640095
1383567
1592972
1465493
1568639
1353626
1466763
1374787
1556356
1361237
1518044
1460276
1507793
1393485
1632401
1467437
1604042
1400848
1588919
1415770
1566697
1315223
1575746
1464612
1590204
1461631
1577346
1613960
1635741
1537108
1659131
1534969
1651602
1482013
1586555
1557789
1579153
1475011
1586497
1312965
1547697
1557189
1686291
1594072
1707072
1551500
1689088
1438726
1624885
1481922
1587649
1522915
1623257
1538254
1469349
1382193
1534331
1531770
1637455
1409681
1610646
1445363
1581055
1328580
1664001
1515311
1604892
1598511
1591753
1479244
1609651
1339326
1518006
1503063
1705492
1527036
1639941
1517307
1551764
1300371
1626434
1582603
1624995
1572016
1614294
1491420
1526378
1324532
1650762
1671942
1645229
1532856
1701359
1457772
1563881
1352873
1558472
1696720
2949726
2486520
1854137
1672143
1683555
1640529
1695227
1697358
1564094
1701068
1690763
1624960
1696512
1523117
1596491
1566537
1504874
1480012
1482077
1451779
1180764
957299
1068602
1360480
1148103
1234542
1029724
1022414
1042471
841524
848092
1036919
1039616
901806
833573
1273319
1274061
1011910
1017065
1448081
1184848
1384124
1300699
1484765
1407948
1441349
1492569
1485824
1431919
1439712
1279617
1448086
1268989
1496963
1368868
1595389
1441988
1460200
1312344
1495500
1305068
1560507
1367013
1426474
1232311
1503103
1331655
1469513
1335752
1481306
1304010
1537563
1380925
1507049
1359378
1504870
1292352
1433313
1218267
1508232
1306138
1317516
1456918
1537410
1358267
1492384
1429113
1491645
1471599
1679501
1337209
1584713
1477516
1580920
1488394
1543457
1531916
