1269711
1241968
966518
1193362
930010
1165011
1323785
948534
1318459
1113096
1089721
1246605
899091
1222646
1116539
1214513
1249171
1174455
1376885
1205377
1493404
1188539
1172473
1146313
1154751
1234663
1337566
1193768
1319407
1297602
1198708
1304611
1009033
1195605
1178737
1240827
1303479
1155213
1364115
1317228
1183839
1370392
1257795
1246441
1346635
1282993
1193640
1200222
1317222
1157925
1332473
1121488
1336709
1209546
1032103
1175884
1334125
1351850
1326172
1368412
1156874
1246243
1367282
1089660
1155386
1139923
1196807
1198017
1284918
1174035
1414639
1201592
1461076
1318363
1239616
1358873
1248663
1230378
1471669
1236053
1196347
1163209
1200040
1200975
3229441
2217095
1694373
1284072
1285079
1261475
1427773
1361359
1292052
1223791
1483587
1332957
1392200
1119563
1427742
1299456
1535970
1268623
1509550
1381408
1215831
1297215
1142147
1278776
1423916
1293508
1320533
1277653
1503844
1332710
1446005
1429403
1391432
1284261
1548553
1299884
1556944
1322907
1369457
1209408
1541894
1333591
1306723
1191011
1484010
1355130
1377898
1249764
1441909
1317132
1344764
1338075
1376991
1297844
1467734
1323085
1523213
1147571
1094610
1125279
1035295
1071278
1137721
938923
1159825
1006998
1126860
1013105
1062839
1009545
1276079
1034471
1205565
986122
1157963
1059085
1045243
1005634
1205540
1004674
1187518
1099130
1166106
1010273
1118780
3334443
1378999
779747
1186532
1121577
1336059
1147280
1297110
1230165
1338946
1212115
1247819
1169566
1277750
1227444
1339011
936115
1235115
1165906
1110372
1238828
1037027
1090989
1060157
1021675
1134804
1105444
1128245
1109305
1278495
1248178
1139721
1207526
1365275
1193709
1342246
1144806
1230292
1234782
1336148
1142852
1345185
1171546
1343271
1165594
1377199
1221373
1354388
1233168
1272946
1253105
1377797
1165947
1456732
1224122
1263718
1286566
1314674
1261240
1340672
1272495
1315052
1315005
1418164
1202667
1368501
1088775
1294232
1209895
1408672
1355316
1234410
1281186
1345975
1258434
1411619
1206115
1385835
1224446
1299020
1268677
1399146
1321391
1334982
1276572
1348846
1357552
1268185
1263736
1265507
1221625
1215859
1390845
1116180
1231571
1342402
1305763
1383968
1178770
1366449
1242025
1214687
1282885
1288568
1197022
1279752
1215407
1362407
1220571
1328051
1238110
1258037
1236374
1319884
1192960
1223447
1184228
1331619
1226847
1206440
1212182
1127035
1227217
1069192
1180460
1119299
1171134
1273164
1221257
1152600
1227980
