1595396
1131615
1249669
1260130
1606301
1280271
1453949
1359429
1286317
1020026
959825
1045484
1034917
1000198
737892
1063360
1183039
1138527
1125612
1090404
1453248
1313399
1467702
1259180
1338305
1346454
1387060
1130329
1391153
1410705
1510260
1448674
1341072
1346846
1438988
1447622
1236974
1418895
1429229
1552304
1481089
1326529
1228471
1231070
1441019
1400772
1335057
1351184
1449541
1515289
1278085
1384683
1377729
1439977
1431074
1366014
1375564
1428277
1546133
1435392
1421284
1420770
1459876
1548693
1497261
1495602
1494621
1538933
1665827
1426393
1543244
1492657
1611662
1475475
1363317
1396356
1547656
1599041
3160093
3569797
3228088
1259237
1672154
1272279
1393924
1538710
1412023
1392847
1586067
1517138
1525741
1508524
1604234
1288920
1644183
1446921
1526964
1400807
1563772
1490729
1525846
1583687
1507496
1434312
1494248
1368653
1423409
1521323
4917665
3718827
1788415
1356456
1723677
1522047
1702363
1743989
1737628
1609794
1733692
1422513
1926936
1590651
1752792
1442658
1481732
1731681
1642916
1369703
1587957
1722492
1704106
1456453
1597623
1652152
1882936
1381303
1691472
1754907
1672940
1409796
1553546
1576691
1693158
1529805
1646264
1600406
1576641
1432345
1850751
1623293
1689334
1504427
1634321
1671107
1597367
1575423
1623049
1587164
1928710
1626414
1796796
1665806
1805895
1621533
1778246
1732052
1746527
1659642
1829036
1761920
1737540
1587441
1924924
1591023
1834442
1635096
1712557
1730925
1612491
1533804
1622233
1573493
1631589
1551848
1711416
1668688
1714731
1467854
1578528
1457542
1459647
1490188
1618221
1662062
1642125
1623010
1608891
1572214
1714316
1572554
1670007
1468502
1630623
1577473
1643000
1665384
1608312
1488564
1718562
1688137
1618048
1360889
1534811
1442327
1480533
1524124
1371486
1315215
1557378
1558209
1530922
1451699
1697446
1634202
1712722
1582368
1716243
1642809
1644781
1691805
1577894
1680356
1599539
1549864
1690344
1484764
1555203
1554756
1690106
1578398
1673795
1605246
1604966
1704419
1554093
1575517
1591797
1519707
1711322
1458431
1600317
1640205
1613874
1693689
1685161
1657207
1609072
1617710
1636382
1565013
1679391
1479672
1722862
1423485
1610957
1554398
1770082
1591742
1761581
1588617
1750700
1469798
1779278
1489679
1742242
1445175
1804077
1558406
1814721
1497606
1730167
1719874
1730528
1491230
1745582
1647434
1823080
1599938
1684121
1634029
1708614
1665232
1678091
1671209
1740340
1688881
1626982
1640111
1698726
1553308
