1492618
1105459
1395506
1102864
897841
699851
873146
1086879
1254277
1238035
1250909
1299305
1290856
1066359
1164382
1192000
1370032
1197694
1265701
1184805
1253301
1108242
1098931
1151113
1196785
1107211
1283966
1126535
1426230
1142330
1181745
1170110
1428527
1032036
1353997
1076522
1213911
1144292
1424403
1258228
1469408
1208165
1407547
1062564
1294662
1154551
1487754
1151829
1297844
1233187
1409292
1272672
1408406
1159325
1412542
1301480
1228246
924352
1239086
1132512
1404411
1285826
1200906
1176292
1277216
1159210
1293834
1225921
1228194
1158919
1004329
1344916
1142016
1053916
1220242
1230364
1452842
1168000
1313713
1168870
1297828
1200296
4389365
2815227
1162379
1200914
1303910
1153653
1407633
1282850
1464832
1182882
1436977
1283957
1269809
1204461
1349586
1330256
1411440
1240478
1294791
1237600
1432592
1347646
1408922
1266243
1200944
1261472
1417217
1242215
1372735
1311256
1402872
1382038
1390168
1165147
1441529
1326774
1404576
1265552
1459942
1263838
1276989
1244882
1360362
1279237
1388321
1277853
1441642
1385052
1428002
1283175
1304472
1280617
1438922
1365236
1485962
1453733
1292391
1180281
1564785
1298068
1496788
1394191
1467178
1354042
1221782
1045538
1398047
1226156
1343574
1322775
1445371
1341302
1423542
1285557
1550288
1432269
1509406
1454416
1570179
1393983
1484036
1317865
1524566
1422062
1512399
1476428
1550834
1421569
1487637
1306707
1409974
1408656
1464707
1402380
1610154
1423709
1621080
1426272
1479817
1473353
1612465
1368451
1498315
1484379
1314769
1238817
1357763
1153752
1502389
1314072
1417493
1256451
1064320
1267211
1324081
1252560
1486586
1186947
1235466
1191268
1191036
1227456
1351365
1211201
1496763
1397896
1485588
1466836
1083781
1359592
1476620
1234971
1466650
1428399
1472343
1390434
1403965
1308277
1569554
1274730
1428626
1321979
1503452
1265825
1577507
1388772
1312872
1269667
1492306
1331948
1422819
1340750
1514861
1297331
1471926
1424185
1404208
1336393
1546120
1347753
1415581
1386560
1288925
1400409
1528643
1341021
1406714
1354087
1534173
1337056
1410279
1342796
1560004
1431615
1417650
1369507
1434157
1419643
1410221
1378652
1333601
1063670
1377832
1172111
1398037
1177050
1362879
1292668
1480844
1464874
1546690
1245560
1422910
1309316
1270684
1310678
1335692
1340537
1514979
1318757
1547359
1408502
1358249
1397542
1449039
1418201
1543440
1236287
1364913
1338832
1379846
1310687
1372876
1224948
1331894
1108824
1450581
1251403
