2669514
715352
1041824
1122985
1420947
1136084
1530394
3043071
4148776
2253485
1467929
1762343
1748583
1547571
1678817
1826050
1852049
1455178
1633859
1439110
1664079
1624231
1650781
1503974
1794019
1602666
1765034
1794234
1494085
1434533
1703612
1510193
1613239
1207956
1479618
1349694
1824473
1854936
1904577
1825710
1801965
1894451
1740339
1859280
1815189
1933781
1802560
1960586
1765683
1863104
1776130
1929791
1920017
1926267
1811276
1933645
1832240
1899633
1862687
1937967
1888027
1876316
1813541
1838856
1871014
1913089
1863268
1815946
1893865
1915083
1841100
1943548
1800400
1968533
1843564
1942422
1896963
1909158
1807940
1949766
1808077
1790847
1667485
1533565
1825782
1684605
1805573
1762729
1774273
1761016
1752776
1816755
1663304
1949470
1835595
1938992
1879366
1703193
1788160
1887031
1756252
1903506
1894022
1953345
1951139
1930784
1858975
1944986
1768340
1939793
1889796
1940263
1847786
1961970
1849189
1945089
1744549
1524752
1712730
1902456
1855011
1894900
1834657
1693419
1771164
1801108
1773908
1843670
1780573
1929631
1844660
1874313
1732645
1537782
1771289
1754630
1803770
1789980
1939922
1834250
1830664
1925354
1763965
1858435
1934184
1942273
1893510
1797510
1822224
1934364
1619114
1860574
1841720
1975056
1751721
1946840
1827909
1860242
1788100
1856303
1925562
1836304
1937622
1868742
1702729
1774435
1682914
1702769
1876278
1949583
1856130
1944912
1903560
1872657
1876650
1852962
1910937
1888810
1834487
1822948
1867395
1781356
1544796
1521434
1756406
1823924
1750581
1810885
1793446
1829806
1945103
1785439
1716189
1928289
1752474
1810977
1793632
1829278
1900264
1957020
1771585
1775590
1908744
1837791
1719603
1895080
1928641
1903070
1773048
1942616
1783367
1831606
1802406
1948780
1768985
1959718
1776755
1892886
1820452
1898549
1606448
1936682
1811589
1902197
1732445
1824735
1958061
1901861
1659111
1810490
1823244
1953711
1854938
1948250
1946600
1922841
1768310
1833209
1889038
1835603
1819229
1916437
1802556
1791851
1763039
1819096
1733439
1821205
1848695
1737779
1612972
1718990
1842279
1826426
1821639
1854694
1785337
1610715
1753290
2732906
4342547
2830837
1039549
1779055
1843654
1862578
1786654
1867090
1819115
1849079
1745910
1740759
1743655
1831792
1872586
1772382
1834030
1878390
1752045
1747256
1786276
1784209
1734625
1730285
1747492
1816820
1667300
1741664
1781177
1767370
1863383
1720952
1795498
1863696
1770901
1858904
1785064
1657864
1889780
1765496
