1016341
980855
1371782
1204746
1327625
1534370
890670
469175
701044
3849757
1972541
1433833
1216852
1488520
1036907
1035333
1433134
1374452
1365150
1437433
1224481
1464147
1241654
1474848
1328072
1455818
1376160
1352461
1320714
1293601
1257273
1034873
1348059
1420486
1261361
1461711
1310305
1340333
1329374
970467
1402904
920680
1264343
1054244
1344333
844659
1260307
1303601
1315419
1233296
1326454
904878
1378009
1033714
1292338
1262627
1366454
1296041
1170526
1304974
1239383
1106381
1320001
1335247
1379241
1430463
1360658
1404732
1368883
1206156
1290907
1423870
1315813
1157939
1335982
1102515
1242918
1350121
1341162
1365557
1337107
1441461
1221153
1439456
1375265
1401535
1244318
1079812
1400378
1019561
1264923
1427385
1181602
1228030
1325684
568282
1182049
1390705
1353474
1311211
1249099
1377795
1255801
1208823
1320188
1437141
1326277
1387573
1285261
1112821
1422572
1443950
1259910
1336604
1242219
1334497
1297182
1251511
1359304
925516
1130761
1161602
1402794
1452391
1257873
1386760
1371532
1313541
1323760
1159988
1378670
1374102
1373669
1342211
1324343
1450851
1380403
1334518
1369834
1310572
1388838
1388094
1347182
1304837
1365449
1088085
1337108
1093087
1247383
1197731
1459151
1183974
1326703
1271303
1338151
1399984
1345932
1457818
1143425
1359226
1365777
1412319
1241233
1290030
1248943
1314339
1333220
1344023
1307367
1268851
1320719
1116690
1296064
1228371
1305494
1414401
1246539
1299480
1368005
1050758
1355898
1424518
1345239
1228852
1233026
1336864
1248480
1130605
1080768
1224934
1168153
1246986
1291656
1122427
1263899
1265817
1205410
1420531
1406589
1249627
1227744
1406402
1387425
1475372
1333444
1355247
1364391
1387275
1280303
1265143
1381955
1433108
1146261
1401324
1318520
1351188
1333067
1415269
1376938
1246420
1365425
1396110
1285759
1301881
1431525
1173533
1256314
1478535
1331894
1400970
1377585
1364610
1417398
1321037
1205086
1308113
1234372
1080995
1176561
1319185
1329014
1301688
1298337
1356687
1298613
1323414
1349528
1425096
1422848
1119975
1298783
1245878
1363095
1463329
1254044
1362437
1394545
1265006
1357085
4109438
2182498
1780819
905603
1353383
1314007
1377035
1359086
1338404
1311276
1416582
1313341
1450676
1407089
1500122
1335499
1533238
1409065
1427215
1325640
1340770
1323045
1320039
1375722
1429181
1217536
1310905
1343585
1266397
1354185
1283173
1390804
1307920
1366924
1358464
1303923
1164337
1362338
1091647
1204992
1288579
