1070241
1300140
1168175
1238203
1054544
959817
793486
1040220
1067265
1331395
1023549
1307520
1031712
1425806
870975
1387660
1174440
1332049
1041088
1426357
1204454
1221211
1096039
1435898
1193612
1539808
1078980
1425719
1142324
1376313
1071034
1442144
1139370
1151108
1068536
1385420
1052923
1383867
1015797
1296196
1158668
1254592
884270
1438874
1061149
1234324
1258188
1228872
1156938
1396500
1086893
1347538
1173458
1354097
1111833
1443975
1141773
1120802
1087808
1401438
1047164
1410680
984628
1044709
1185879
1155049
1457061
1282771
1208271
1430569
1163084
1380207
1168579
1367707
1199409
1327101
1357635
1306803
1283500
1332438
1292330
1413922
1296715
1325138
1264830
1413961
1201581
1188946
1055809
1247617
1181928
1274039
1103279
1293245
1360240
1385477
1299776
1411507
1136037
1455138
1323622
1472196
1160813
1410019
1196032
1363670
1042312
1317205
1266511
1339448
1171941
1446605
1250830
1418455
1201498
1492963
1136723
1325933
1226605
1427089
1215621
1373551
1199792
1364198
1176354
1377610
1395206
1377003
1184194
1364798
1195472
1385679
1193977
1429066
1361583
1391502
1258536
1432170
1279826
1427448
1242882
1415547
1156936
1240250
1239606
1396837
1305136
1308659
1381494
1500497
1291416
1494003
1138273
1392882
1276898
1416203
1130103
1237769
1132333
1353650
1066669
1319932
1314107
1445561
1097841
1345838
1263641
1460960
1260113
1381613
1148839
1390271
1169921
1547062
1232630
1367308
1137083
1382693
1141538
1397947
1091238
1382753
1078043
1411233
1218842
1374214
1169684
1376976
989875
1276004
1247537
1394447
1215799
1042243
1052539
1293811
1261848
1328122
1295238
1444892
1054419
1368965
1028418
1232191
1157066
1388977
1155831
1393923
985158
1393644
1156718
1327020
1158954
1182781
973446
1212947
1073238
1312318
1059743
1451553
1142849
1332242
1113904
1452337
1100213
1201286
1074789
1369235
1107034
3998199
3136082
1349293
1018181
1384456
1084253
1365913
1256296
1367023
1079688
1343143
1232909
1452362
1128150
1333290
1334870
1380892
1157824
1371353
1312536
1348081
1150458
1310381
1037533
1354608
1147419
1375281
1002666
1433149
1042756
1341080
1063529
1355018
1039998
1460177
1050262
1423214
1118828
1298065
1002350
1293552
1042355
1359715
1134451
1315860
1146863
1236761
1153744
1259199
1105838
1322090
1160099
1405922
1110250
1401303
1210272
1294979
1177229
1300395
1107187
1355462
1116040
1387656
1056983
1266665
1125459
1308949
1227531
1383403
1071748
1174986
