1826205
1238972
1412955
1434469
1482436
968476
1138706
1348258
1167283
1492805
1332603
1504220
1302453
1411477
1094102
1003726
777176
997343
1258083
1224708
1101513
1133788
976632
1069882
1379482
1331804
1214304
1406332
1404087
1414945
1636177
1628238
1420026
1332105
1290733
1526436
1605429
1727433
1375231
1729013
1573133
1730602
1435283
1343196
1455744
1655559
1418447
1754277
1582562
1711938
1395777
1667713
1477707
1791356
1668392
1734303
1325834
1820258
1415203
1776684
1789923
1859107
1750128
1873121
1893585
1870545
1759997
1665763
1826585
1775560
1787233
1788555
1829431
1754847
1633738
1626323
1681263
1761743
1858276
1787884
1843639
1867796
1851744
1882366
1768133
1879861
1849889
1868666
1841871
1870366
1627253
1880064
2040966
1632041
1683608
1863572
1801193
1842147
1846044
1855836
1878814
1839236
1762545
1862084
1773043
1865782
1791423
1885155
1784685
1880560
1763423
1852038
1770324
1828954
1854516
1860653
1872080
1840175
1765699
1628399
1694783
1878775
1727250
1821045
1646196
1581300
1690835
1916546
1754403
1789079
1703717
1866031
1733299
1885211
1839792
1868149
1788277
1814619
1678658
1287454
1778885
1853533
1730785
1567599
1389402
1691831
1746413
1768933
1833587
1772591
1781971
1783094
1690822
1766021
1752356
1789578
1783824
1796794
1826050
1862322
1760062
1869299
1771490
1873588
1791447
1869124
1793413
1847319
1646347
1881543
1679212
1854479
1693515
1763448
1658916
1789848
1708079
3298305
5170330
3208345
1275540
1913025
1712620
1864533
1709716
1906616
1802612
1895375
1787119
1738181
1758780
1878509
2197805
1630047
1391333
1905175
1760939
1628776
1697362
1760000
1790659
1838208
1657879
1889083
1794589
1876175
1744374
1647261
1728843
1737477
1543178
1884944
1637328
1780353
1833339
1903380
1843076
1660967
1549457
1880930
1650273
1912787
1695774
1895016
1662776
1605999
1720614
1787928
1720162
1915610
1802797
1781609
1818730
1893868
1763336
1869536
1816945
1816174
1792644
1905794
1830330
1772134
1786345
1871639
1646473
1901961
1835300
1850914
1789269
1903905
1679117
1874108
1778700
1869692
1794353
1875212
1785344
1649765
1607995
1793420
1679366
1879355
1748811
1644756
1854184
1876361
1743891
1830794
1808614
1842627
1691945
1765908
1785390
1864878
1603822
1675787
1616652
1836564
1809280
1854787
1797024
1711871
1661107
1878440
1728007
1878074
1700835
1387387
1744593
1778143
1751074
1798529
1691064
1881985
1859361
1838334
1670360
1659845
1670634
1610227
