1240177
986171
1250592
1293249
1617680
1237867
1489272
1047274
1478122
1141304
1594718
1259957
1538499
1468302
1468213
1271146
1612248
1263774
1761726
1256325
1529993
1249605
1669600
1410977
1477228
1240175
1612834
1393256
1679139
1595960
1709333
1333197
1673993
1426224
1699902
1301033
1627870
1697053
1673716
1254663
1638386
1566494
1787594
1192148
1754919
1549208
1815724
1504481
1545994
1546871
1645848
1734660
1733288
1645599
1697937
1525860
1842549
1455253
1755178
1489388
1727137
1512201
1660859
1347934
1498542
1454232
1530642
1430992
1743212
1655996
1768208
1578597
1778572
1684566
1793531
1697856
1771714
1689774
1816843
1727246
1969090
1611729
1919700
1597985
1944069
1763955
1719786
1781895
1973255
1828572
1913254
1699824
1761798
1804413
1889141
1621879
1746987
1852553
1833849
1769231
1825498
1700286
1741967
1916819
1869582
1758623
1835783
1550994
1860731
1538111
1824216
1731575
1758095
1960190
1736128
1754021
1832352
1726440
1891013
1502095
1799892
1469097
1904629
1484779
1776002
1344250
1900939
1714965
1835649
1642355
1524437
3312891
3845531
2248822
1456349
1470718
1803953
1478809
1755326
1353706
1666195
1599245
1648955
1590043
1402681
1312140
1569483
1501382
1625742
1525240
2220490
5569655
3608330
3643680
1687066
1526368
1910739
1507379
1781352
1602058
1908085
1690590
1777996
1528805
1697624
1760295
1428139
1812409
1511184
1864379
1709871
1893543
1737705
1766709
1963046
1374275
1867067
1665304
1863007
1949390
1761108
1710952
1840944
1794866
1923978
1744406
1863593
1809668
1781764
1841808
1781208
1764956
1857274
1844146
1793292
1828115
1852302
1629037
1833799
1771946
1788644
1754000
1802166
1621311
1751395
1426570
1750661
1439516
1949349
1682615
1786234
1743870
1907026
1786612
1823543
1671326
1730675
1905688
1866753
1707243
1524960
1760401
1815928
1690215
1606451
1370930
1826872
1790103
1842316
1686670
1626079
1683829
1918038
1692199
1881547
1688406
1980428
1736694
1899267
1511717
1668146
1834755
1876547
1760869
1850148
1771636
1876428
1651726
1663162
1471488
1784286
1751740
1833469
1803783
1881489
1848699
1790909
1315800
1760568
1571300
1753528
1765568
1824993
1743612
1789887
1752184
1688971
1812732
1717627
1861024
1556627
1423212
1665371
1544607
1877231
1544575
1757003
1510654
1776343
1608168
1708274
1524594
1747433
1576419
1671039
1648594
1738197
1538548
1870869
1541098
1733039
1439937
1757178
1658221
1741733
1546187
1515503
1301218
1781116
1507390
