894482
1045315
1009853
1297162
1387938
1379511
1198198
1205139
694280
1319075
1432816
1385910
1397659
1423489
1195111
1411562
1354631
1369621
1483217
1312630
1368500
1313984
1306930
1394551
1411197
1470182
1417965
1096430
1346136
1427194
1133120
1346720
1325250
1330657
1368499
1364893
1334214
1307113
1410948
1340629
1249588
1388138
1345827
1376219
1381905
1254941
1199391
1440624
1436657
1313464
1340640
1184520
1382541
1394483
1319324
1401205
1320146
1340281
1363021
1204748
1453893
1458796
1351267
1431185
1136785
1361336
1342510
1242989
1445768
1306420
1465707
1221774
1266124
1393525
1503853
1378157
1416621
1348762
1321322
1423972
1295354
1371622
1526209
1331298
1295455
1501041
1415707
1363071
1482521
1392016
1433727
1394932
1281292
1438491
1392976
1314999
1375680
1456905
1414075
1362217
1420184
1475689
1176137
1409908
1146433
1373865
1355140
1460302
1426488
1491224
1410257
1496691
1389640
1485399
1382540
1536126
1408602
1390025
1521533
1460689
1205495
1504685
1402243
1472841
991556
1356158
1207859
4453400
2587907
1827978
811338
1364760
1454181
1489222
1385139
1491602
1377907
1272550
1369897
1417172
1394534
1492933
1350844
1527647
1485173
1377975
1348813
1461145
1482502
1331020
1231969
1434580
1463719
1426369
1312443
1431458
1169863
1208449
1098995
1300903
1095090
1170553
1122563
1324206
1362098
1284239
1117730
1349178
1383376
1225192
1399042
1003169
1093647
1244435
1147681
1280062
1021021
1231723
1230343
1230031
1226437
1264569
1177801
1318595
1277254
1133691
1237797
1120711
1247019
1270809
1130671
1244563
1078510
1350407
1142001
1251373
1310016
1070207
857679
1227908
1260909
1307894
987259
1238118
1220544
1171684
1188531
1166704
1107988
1252110
1359357
1232121
1337979
1318356
1253912
1168690
1201984
1250292
1259091
1180083
1253096
1213893
1026074
1344863
1226852
1189777
1318691
1171171
1357044
1301589
1297297
1216654
1376686
1307361
1138873
1273899
938008
1053480
689581
1217358
1305179
1173015
1180201
1258752
1189183
1280404
1363962
1284328
1361865
1381166
1359170
1307139
1103128
1274888
1178644
1274422
1352060
1260331
1163572
1227252
1051763
1283350
1238048
1314173
1304665
1349693
1183672
1346111
1371183
1307449
1299897
1304743
1320716
1318838
1258744
1321706
1310069
1166558
1030254
1294943
1306664
1270369
1232754
1309975
1353602
1325225
1168076
1271499
1346839
1283219
1363604
1398082
1300033
1289908
1278526
1310692
1249502
1215527
1227863
1406175
