10019502
8071044
6970720
4974483
2995325
1940682
1793877
2144588
2195159
2111838
2579713
1928991
2661731
2255293
2572790
2476283
2667829
2301293
2545862
2511099
2592213
2230512
2613045
2267995
2687887
2284457
2607085
2649606
2482718
2329497
2662064
2383914
2556039
2185366
2546021
2121097
2561191
2274251
2486302
2452234
2555657
2278072
2635786
2372847
2812040
2192558
2565600
2199238
2462162
2406643
6000772
4467716
2713061
2143218
2634720
2610546
2625306
2595423
2516602
2419452
2650393
2321629
2687998
2336714
2625491
2539423
2649339
2295411
2569563
2368439
2664243
2495369
2664065
2224764
2681493
2335559
2663973
2290388
2670285
2394723
2669463
2390917
2625525
2457050
2658033
2360249
2668932
2596834
2567790
2495636
2643309
2634810
2612116
2584120
2621776
2493848
2328418
2315768
2525673
2350328
2459348
2221698
2670470
2157287
2515979
2109073
2656796
2214256
2602446
2205206
2692425
2254455
2672118
2178358
2607419
2448296
2634872
2316233
2597630
2489546
2399858
2342469
2606389
2224978
2668110
2145217
2600469
1919701
1956732
1923538
2349929
2033405
2515384
2115041
2616760
1924011
2573557
2256944
2532176
2241465
2552022
1853431
2665243
2275671
2593044
2238147
2316780
2342455
2556957
2291348
2663710
2080886
2593960
2141637
2565070
2219978
2580647
2366794
2545609
2019992
2544806
1968942
2525070
2004464
2398690
2518625
2530810
2338184
2430363
2319818
2627231
2090577
2568291
2340654
2639669
2206613
2662006
2160268
2569334
2045691
2570626
2287092
2586301
2320544
2614474
2148904
2580456
2272866
2585450
2293829
2584379
2113048
2632728
2101456
2651789
2151722
2588009
2295207
2470010
2669498
2566145
2088007
2638140
2144343
2635275
2241226
2629679
2124038
2564513
2234306
2641985
2139435
2644428
2194768
2526245
2384445
2592764
2137922
2602464
2383697
2624220
2176720
2540278
2210324
2589969
2209732
2622132
2134552
2326933
2146098
2574603
2448788
2539482
2180145
2517233
2169940
2632225
2148558
2623211
2181785
2589856
2562760
2529707
2205363
2597800
2435573
2537130
2225939
2525358
2211902
2612845
2054037
2591646
2382178
2613903
2218434
2238184
2279103
2531599
2242709
2597131
2272073
2572075
2255279
2379465
2176154
2541038
2231315
2543269
2301070
2523993
2527835
2570870
2232354
2593038
2300832
2487463
2273739
2482985
2119319
2593991
2223759
2482731
2363194
2577533
2288399
2538754
2285207
2110194
2099303
2381283
2090744
2574090
2601779
2545483
2243775
2274923
2135803
1864926
2020739
