4988148
3796920
1869504
1510796
2261146
1702503
2209317
1794620
2280151
1768214
2290527
1974934
2044655
1534137
2328944
1979474
2263018
1890902
2199168
1861049
2192511
1910053
2316621
2237955
2334406
2233202
2357231
2076875
2327193
2215269
2459015
2110762
2116585
1888853
2058789
1716018
1993937
1775977
2103119
1831336
1648540
1680405
1801306
1573195
2120019
1567434
2145596
1923425
1924928
1779670
2124320
1992583
2064750
1749792
2023358
1633096
1971378
1751490
1676588
1513971
1942303
1594418
1892195
1642590
2103935
1564000
2186628
1601330
2215709
1797203
2217606
1822747
2281172
1667780
2013102
1754144
2244612
1591563
1782206
1266949
1371951
1490300
1742406
1840439
2172850
1678701
1955137
1803112
2128352
1455189
2193689
1636554
2168076
1759709
1865307
1926045
2087923
1757532
1939629
1772083
1981368
1590758
2212025
2006948
2172600
1801419
2239506
1847777
2325089
1760025
2379375
1826352
2336447
1816586
2169053
1895786
2319263
2114979
2207906
1937070
2553843
2099787
2283027
1833654
1896653
1532992
2017826
1775556
1906383
1411984
2048884
1754332
2140940
1761180
2199246
1899318
2499299
1994193
2567605
2114878
2576075
2105187
2563520
2013928
2239188
2107875
2448843
1841238
2578920
2016444
2363472
1942700
2134011
2101575
2368014
1772131
2402755
2076877
2342798
1704390
2537914
1856295
2542105
1971079
2359281
1833996
2530055
1959659
2492813
1798726
2588773
1845885
2567214
1807696
2084265
1790254
2217636
1509151
2183519
1603722
2043075
1891792
2442298
1760153
2057005
1727554
2464836
1831388
2409158
1743534
2524094
1818701
2459351
1839677
2474788
1806747
2514514
1853873
2417010
1827644
2208758
2130565
2418570
2069822
2066243
1857938
2355813
1866858
2472473
1764447
2134456
1980679
2525935
2274809
2444909
1924143
2395994
2074965
2191805
1966759
2407602
2064805
5454634
4740157
4062755
2083143
2628058
2394950
2562611
2365067
2328866
2048088
2305029
1928635
2605170
2184621
2531006
2156135
2460417
2171728
2528996
2001527
2452787
2266680
2427593
2285541
2465243
2354123
2402529
2165715
2429169
2178980
2496754
2434889
2460939
2266651
2500924
2282037
2447748
2268108
2402175
2078579
2531200
2249622
2427117
2393329
2421855
2183856
2437362
2364699
2529305
2392483
2446735
2257419
2414378
2180627
2544402
2482349
2528876
2207216
2395308
2237614
2523421
2323901
2520966
2380328
2430639
2178524
2501232
2335551
2429284
2358393
2467715
2403992
2431810
2192846
2501830
2389049
2505104
2374168
