15541271
15742417
13733268
11689064
11712649
5999418
7344665
5276189
3240254
1366464
1741851
1400038
1672023
1573426
1623574
1419669
1679333
1489401
1614424
1568860
1695936
1627557
1810303
1336040
1820431
1762794
1784341
1416496
1889766
1864357
1911801
1707902
1820199
1813494
1821171
1316609
1769398
1871388
1907408
1634593
1823592
1717554
1660011
1708747
1823056
1846790
1834990
1468343
1918583
1865993
1733492
1683754
1875798
1747741
1781173
1751000
1792419
1583563
1876045
1183398
1804542
1652126
1833072
1799532
1839176
1867618
1869832
1915269
1726471
1250977
1886978
1841597
1937840
1683113
1855116
1786156
1847531
1672647
1788743
1707347
1865015
1767421
1851632
1644696
1789867
1896481
1864499
1606303
1798960
1472794
1844946
1549541
1742521
1620772
1717296
1589940
1874355
1251081
1765556
1862853
1852742
1856708
1834479
1813280
1864000
1726660
1783694
1596244
1701210
1556802
1744904
1633976
1731306
1819855
1708179
1967755
1813675
1630284
1894083
1809261
1911659
1866175
1785361
1959335
1864826
1889461
1827316
1748685
1908433
1853250
1773671
1870453
1882428
1799066
1930944
1671735
1775604
1931156
1837170
1812025
1671842
1111026
1453409
1759356
1734808
1795381
1678524
1935486
1826851
1639305
1757093
1918747
1831664
1905980
1681294
1736909
1812697
1614073
1627039
1849162
1747066
1461019
1811459
1580753
1791595
1486803
1927783
1784611
1740307
1454775
1763457
1525437
1771740
1507230
1699421
1543390
1890680
1491221
1811193
1584485
1857813
1623428
1797988
1559080
1781807
1722979
1853315
1567826
1830483
1621928
1709246
1896283
1712673
1678599
1873786
1682978
1757957
1540057
1783582
1741701
1727823
1591209
1778059
1511390
1780267
1642327
1760810
1560839
1768122
1580248
1849998
1462779
1552064
1716839
1715324
1839608
1652788
1508982
1692824
1702765
1671815
1219140
1671158
3559078
4642526
3565261
3842197
1916468
1736821
1939760
1705395
1615208
1872507
1731937
1785970
1584216
1725993
1774297
1804374
1721284
1758700
1618333
1763345
1938951
1761895
1768993
1792196
1617205
1753206
1584532
1754326
1803650
1626917
1878276
1780193
1604362
1845513
1693572
1746224
1601022
1837964
1641890
1877462
1685337
1734807
1779390
1780187
1741944
1769924
1755656
1901874
1752634
1789398
1721695
1677089
1891854
1821227
1752570
1742787
1821755
1703878
1794196
1740930
1868727
1843932
1792690
1828137
1746854
1757438
1786331
1618905
1590612
1654513
1582781
1745030
1734118
1640128
1530771
1631894
1476250
