6608651
4654801
2680525
1892102
1802112
2162138
2001809
2309920
2003290
2246463
1909845
2371530
2345287
2358025
1798117
2432891
2016726
2463536
2454995
2300625
2154482
2367737
2206905
2431181
2368447
2374852
2117698
2467348
2404691
2307508
2033896
2446882
2119536
2325536
2039217
2377891
5167037
5771480
3738090
3167620
2000395
2450453
2296287
2272993
2098701
2233536
2223870
2377870
1956645
2399254
2143365
2458698
2071527
2309711
2151388
2376056
2020281
2320416
2055850
2380941
2048164
2338889
1987458
2312133
1972872
2290024
2037312
2289144
1755769
2167303
2181659
2018990
1884649
2298665
2048457
2292662
1887734
2218348
1951842
2232220
1869807
2115575
1934370
2166808
1835374
1963625
1890655
2014479
1760234
2118289
2051987
2175838
1953156
2279376
1814448
2182644
1805224
2291475
2299886
2431972
2276939
2443021
2421129
2371063
2571773
2368204
2474462
2509195
2458385
2413320
2391708
2438523
2441961
2443798
2477050
2437318
2471788
2415606
2354007
2377054
2474651
2442736
2480713
2480688
2424352
2448682
2477743
2440411
2374289
2257359
2339328
2451914
2426103
2471077
2273724
2485626
2352136
2412187
2409853
2388271
2410902
2457702
2394012
2457243
2404732
2124758
2145575
2381061
2318786
2263516
2281500
2470214
2535319
2474001
2450027
2470396
2276328
2466063
2491807
2400713
2279160
2447919
2515808
2397621
2280332
2450602
2592094
2283686
2055871
2408555
2617310
2368493
2337507
1932803
2292920
2169193
2455366
2442392
2401304
2474488
2543203
2441905
2549382
2413777
2399420
2442171
2530547
2359383
2393761
2481832
2311760
2356195
2631995
2437002
2401746
2476004
2399380
2464523
2639009
2367746
2612598
2444947
2600954
2443752
2397971
2385719
2497387
2472662
2408631
2039878
2524489
2394810
2644089
2449700
2329480
2457046
2700241
2448326
2614349
2407508
2351547
2442879
2438286
2342490
2310258
2512307
2461041
2317989
2258103
2400441
2659601
2454368
2535602
2433697
2296596
2476402
2663461
2384887
2449252
2386710
2286686
2480731
2791820
2294984
2415166
2472776
2448906
2506073
2590844
2554359
2571874
2150837
2106607
2470917
2589938
2482297
2367267
2295288
2405957
2364114
2423403
2384216
2457586
2383712
2288616
2434076
2257879
2167578
2225697
2413067
2249932
2417786
2289340
2387307
2128287
2381817
2201979
2441431
2366336
2385063
2284745
2397301
2494011
2333657
2297521
2356266
5059498
5550447
3530016
1551996
2581270
2540699
2379605
2547975
2364921
2549589
2443536
2487683
2397111
2479286
