1302336
1073520
1216601
1193521
972740
1515856
971309
1589396
1323585
1086108
1279095
1302723
1413385
1526852
1485508
1517678
1263104
1468617
1469658
1342568
1304090
1438614
1387122
1460427
1467895
1350792
1112590
1436524
1399316
1511665
1412214
1446263
1301233
1526360
1225061
1498142
1304596
1520541
1483843
1457622
1319111
1441603
1383923
1543868
1364117
1428150
1343160
1528548
1344115
1508433
1376989
1454550
1428490
1502192
1460210
1483679
1278182
1480218
1190567
1458198
1338964
1391878
1493871
1434864
1399337
1391726
1139146
1508711
1276851
1174670
1406942
1504796
1498489
1384119
1147318
1517318
1452617
1505960
1293066
1509629
1470799
1503544
1268660
1503787
1463954
1524840
1196297
1498201
1547098
1507086
1176244
1386238
1429726
1422177
1244474
1559781
1357818
1607077
1343596
1618994
1550711
1341409
1346224
1571905
1396057
1552713
1190252
1560564
1544439
1553896
1188249
1507722
1528000
1551972
1291453
1451941
1532548
1557062
1500593
1309463
1687935
1651784
1445342
1678383
1676830
1719881
1556627
1667768
1522198
1751558
1661600
1570953
1695412
1778340
1671793
1740808
1572367
1759994
1626999
1753924
1688495
1687140
1752408
1716310
1731684
1745268
1650199
1760658
1694054
1773421
1690628
1721367
1713309
1792466
1737068
1772924
1633784
1793851
1700837
1797161
1670747
1797398
1583891
1754609
1730967
1796164
1658074
1821811
1678328
1309701
1574407
1735635
1638759
1832158
1645039
1800035
1673718
1858154
1741950
1871639
1618508
1768785
1705144
1872909
1757611
1804205
1850534
1886633
1884150
1881915
1761199
1871431
1852351
1904980
1749851
1852396
1852725
1900533
1870682
1892206
1845634
1886101
1787088
1891125
1847545
1876752
1757904
1882401
1807051
1857890
1750678
1880215
1786309
1717562
1797549
1907721
1870741
1897486
1822954
1883755
1745860
1728750
1805454
1893949
1857945
1855320
1803345
1881137
1618492
1742766
1615957
1767973
1668093
5778181
4394570
2432433
1109269
1744835
1684523
1767946
1557401
1796300
1718413
1751994
1650123
1747158
1515887
1803688
1744748
1878296
1834484
3454694
3666970
2036595
1822655
1937642
1594496
3327483
880306
1511417
1689782
1734271
1659634
1757467
1538189
1651269
1549989
1726105
1659808
1549013
1485008
1531063
1394590
1642010
1357568
1688484
1505051
1657207
1395987
1523175
1197234
1536312
1514492
1522187
1476458
1530426
1267137
1669793
1552614
1732850
1667843
1673699
1549060
1717063
1731980
1732325
1570953
1720434
1534796
1585132
