1984605
1394832
1177507
1317927
1242291
1304787
1480518
1333396
1573851
1526565
1718244
1706566
1694593
1109005
1618986
1571352
1650702
1847972
1658456
1691490
1688871
1629145
1735157
1705961
1733744
1772138
1738061
1819058
1783625
1493724
1715642
1612045
1783102
1783529
1743260
1643560
1832458
1695044
1849403
1774511
1876978
1858476
1806645
1769700
1802781
1816623
1849367
1762954
1903183
1814217
1850801
1799880
1885303
1857546
1863493
1850124
1866616
1873527
1840106
1861466
1827683
1811957
1840063
1201230
1790480
1958250
1803582
1806202
1852635
1612334
1774846
1710801
1731576
1727604
1750838
1896919
1890187
1851906
1771355
1887963
1900782
1881879
1775872
1849351
1873199
1857482
1856673
1740388
1956938
1846958
1849543
1849850
1916094
1762799
1825306
1740740
1934363
1775921
1837688
1738796
1892723
1587859
1830646
1854912
1936398
1885723
1832528
1712351
1886979
1709635
1857548
1832582
1617143
1459033
1680790
1784186
1885110
1847987
1842896
1724275
1863067
1779272
1861632
1842278
1839464
1785814
1863788
1839591
1937199
1836592
1863239
1836893
1949229
1858229
1814979
1864460
1935179
1752261
1846388
1834902
1903928
1833333
1844891
1689175
1917202
1878513
1833857
1837796
1941387
1885436
1839761
1789946
1931282
1867813
1819733
1868430
1899219
1875372
1864070
1806482
1935637
1835266
1716145
1411042
1900137
1882158
1858543
1846138
1805351
1791597
1896089
1882160
1819332
1877679
1844078
1822793
1836363
1853356
1900203
1738561
1727690
1940543
1869508
1848877
1889647
1876872
1919898
1844013
1899077
1823529
1866439
1746958
1431267
1831768
1891563
1901958
1856731
1844350
1853821
1794719
1640146
1753062
1699999
1753121
1782793
1476593
1839948
1822753
1858868
1840118
1796612
3785216
4235409
2311538
1156507
1942965
1952361
1902453
1905823
1869396
1897468
1958974
1826756
1927460
1840773
1863907
1856500
1901892
1945514
1903663
1786949
1892243
1783799
1833573
1874537
1914810
1939958
1876263
1875712
1929302
1892188
1900628
1906719
1893390
1927165
1966944
1881661
1904873
1905572
1921295
1902824
1854178
1949034
1828962
1856959
1869707
1735216
1796002
1894767
1862237
1944788
1840304
1825473
1925714
1869462
1900302
1908447
1782872
1835302
1911990
1838872
1930149
1872883
1933581
1874483
1680871
1855682
1823680
1871681
1913130
1882127
1903574
1885838
1865518
1940978
1795232
1771071
1802888
1877874
1867887
1885762
1797608
1917983
1872755
1814024
1901723
1905378
1784395
1811977
1906939
