924995
782395
1465798
1009615
1264796
693938
914209
452246
1110226
1017009
1286540
768659
1225940
767706
1451164
999482
1304831
881290
1208791
922893
1432517
790747
1243581
924214
1280736
988987
1426097
937509
1336034
915275
1251510
1012884
1453542
855717
1395842
999430
1308129
968387
1140921
1014358
1289804
1040081
1263459
776994
1424864
1071414
1134500
1127874
1202315
1045866
1382105
1030593
1247779
804800
1155875
850012
1177945
896890
1282656
913809
1465918
1011230
1441838
903980
1423741
1069255
1346009
928549
1360222
964876
1388221
993262
1181470
774300
1273461
900857
1467994
803885
1180591
864705
1144540
1168777
1478568
1078807
1386847
881421
1399265
965691
1219529
1013492
1407620
705388
1372363
806594
1374469
661795
1264552
882985
1503869
798291
1325396
915901
1389566
782763
1410604
795280
1140168
1733866
4135995
2132492
1084587
1208089
1453057
842895
1405056
825787
1465278
1063590
1258402
991282
1341232
943562
1310650
808425
1365039
990617
1310039
905372
1263311
1202604
1351525
1023738
1405606
1003373
945072
739749
1345127
957289
1358364
940083
1141765
1134318
1233985
761153
1316892
1101757
1430722
929529
1301626
907982
1389129
1059170
1450448
1107404
1350223
1106904
1238650
959908
1364532
732198
1455387
1121999
1456931
1079662
1300200
794135
1456740
1020483
1308630
863661
1418879
954329
1254008
878722
1334324
712046
1401665
1018119
1192418
988879
1402488
736870
1464290
1062197
1438677
1040919
1399377
1026936
1295038
855355
1460237
979509
1432118
1080868
1447767
976542
1347255
876588
1380702
971802
1232145
1033988
1231101
1167208
1390260
810811
1442985
876437
1349720
1059549
1283677
843928
1391709
956021
1427654
761553
1283715
986342
1203018
767370
1257699
940917
1263184
665078
1386137
879357
1239861
796687
1251092
760133
1333452
861884
1389691
970190
1370966
867886
1274716
981072
1323814
861461
1372677
734202
1421355
739042
1368837
862584
1364224
755366
1271806
990022
1273696
879854
1331570
927058
1330069
819370
1212645
932849
1287927
787116
1375811
804335
1377758
794403
1333059
795650
1366787
803251
1316191
941882
1335901
771216
1312865
803850
1249211
779927
1178596
873964
1336240
953372
1304652
928527
1336282
732060
1383589
930046
1272655
869398
1075163
943075
1162925
737973
1391540
753857
1397363
910912
1397833
843200
1158541
963746
