1266688
830825
1041207
869755
697428
1042220
1025588
1341288
952110
1179828
1052685
1242668
1186524
1142947
1248632
1243158
1061314
1307206
1321042
1183485
1184546
1071881
1123863
1240731
1044259
1307248
1055684
1289311
1275255
1234090
1345160
1266289
1229991
1006410
1260446
1350109
1245445
1325531
1118880
1281015
1179648
1168572
1394560
1315736
1285541
1272942
1294357
1375809
1286349
1446842
1318097
1239383
1254634
1327991
1209816
1062334
1336801
1482251
1219576
1398846
1226287
1314257
1227120
1281805
1213924
1335932
1183424
1280800
1346697
1366574
1151586
1429240
1291815
1186688
1276618
1165880
1114890
1275866
653332
1258451
1371279
1293757
1169707
1166107
1123069
1148911
1001097
1235421
1214776
1238064
1219588
1365565
1405353
1218043
1228710
1312130
1101513
885605
932277
1257555
1357265
1136652
1216765
1261577
1164550
1178451
1243546
1353459
1247266
988959
1112684
1119646
1817283
4118861
2547139
970535
1287640
1089096
1294570
1445046
1196970
1129091
1269519
1179024
1258698
1327230
1478173
1348277
1265160
1330380
1425888
1196682
1350110
1467726
1373566
1464056
1554673
1295311
1266597
1521684
1297576
1347194
1273099
1561783
1528853
1475496
1371280
1438072
1446536
1528335
1318590
1572316
1383627
1331601
1549203
1546044
1342350
1482109
1284701
1373224
864480
1231510
774969
1426938
902939
1249519
1071446
1247236
853199
1508609
975364
1423977
740040
1543094
1072764
1368081
898014
1481379
1154461
1441570
859753
1198930
611523
1546956
1055180
1323836
873356
1506999
770780
1469639
782340
1095437
955654
1380475
1213160
1298855
807201
1371128
1046168
1301229
869360
1206546
788816
1400054
644776
1179512
818887
1342317
812921
1270504
757308
1113090
649630
1227920
778124
1450328
766793
1447967
1022097
1199845
759310
1200044
764182
1272339
1064289
1163761
789666
1419784
777018
1426987
620801
1304026
1014529
1294194
835760
1142852
770469
1237219
762241
1258767
1002285
1132630
804320
1183533
694000
866660
698170
1275957
726351
1341967
804216
1321203
710540
1338361
788774
1267956
711544
1344621
678324
1323391
713169
1082967
856391
1155328
820727
1037645
659930
1253652
841794
1161824
800837
975266
552478
1240750
879748
1192537
901166
1139130
830775
1226999
902963
1151530
814147
1144139
1181387
1172353
565371
1271286
681247
1199371
811921
1339619
803485
1302901
843104
1132634
665890
1271672
688959
1087597
