9407727
7488008
5500516
3526945
1869258
1480181
2084033
1485167
2225934
1433231
2575557
2004652
2461624
1865379
2676452
2040441
2446433
2104901
2447074
2051975
1996702
1604121
2299982
1482700
2318528
2052913
2254937
1982049
2022944
1601269
2250877
1871765
2089460
1641807
2273134
1698147
1834104
1807922
1947228
1912365
1885768
1800131
6213561
4173421
2345908
1397396
2321591
1981526
2005216
2027415
2451811
2294599
2300474
2125572
2388519
2461538
2450999
6280169
4336980
2503074
976467
2295608
2432403
2249305
2438328
2399248
2290713
2373059
2275927
2400127
2566786
2173396
2281857
2312665
2547815
2156984
2175288
1566123
1802054
2032873
2169693
2022851
2141975
1610862
1971000
1426149
1792980
1614899
1915661
1531828
2340893
1485899
2242759
1553084
2041798
1974255
2200495
1891291
2093432
1464915
2328946
1734605
2037303
1384786
1613816
1520357
2014758
1297351
2111758
1722822
2046116
2025409
2303299
1674738
2394487
1861243
2283885
1508603
2362391
1829452
2414121
1831097
2157175
1396137
2222202
1631263
2277462
1511895
2309817
1658500
2267456
1934695
2089261
2039819
2183044
1969723
2377228
1993591
2265437
1933230
2187534
1647952
2022680
1417242
1940048
1442118
1995445
1520021
1937908
1611335
1934426
1480541
2207931
1533994
2277566
1701491
2196398
1997332
2105642
2046692
2174737
1986115
2186339
1969476
2342972
1945696
2168285
2039555
2268701
2117576
2187641
2033076
2193592
2041106
2302688
2046006
2071305
2143446
2185000
2083872
2187106
2277363
2297628
2217092
2134952
2227057
2308788
2095050
2348308
2211857
2220803
2059780
2278149
2023728
2201707
1982009
2218527
2072495
1974453
1886369
2033226
1613257
1633054
1359131
2392778
2106452
2259692
1998621
2231525
1996399
2384787
2101716
2385898
2083962
2351588
2043556
2355078
2060262
2321551
2102990
2367633
2091060
2341323
2042970
2356502
2140217
2350906
2077261
2271516
2129346
2375926
2175696
2321597
1990175
2262945
2022663
2263693
2188281
2271647
2121427
2384245
2175273
2331414
2079267
2281623
2144873
2283994
2268956
2248820
2016131
2199974
2290591
2235906
2061471
2298067
2112215
2310751
2088070
2389935
2263025
2323683
2226607
2433638
2207103
2387206
2257014
2358692
2239183
2369887
2204610
2439290
2276051
2359972
2314358
2360682
2281212
2404102
2175922
2116915
2232316
2320381
2155642
2284736
2141953
2319962
2130836
2266467
2195837
2064862
3322115
4342123
3559423
1852691
2067203
2524499
2365313
2410814
2210774
2263564
2287381
