578964
1436700
1357440
1254377
1402796
1513679
1312816
1414304
1259597
1422411
1305622
1277752
1338947
1370782
1423238
1299003
1424543
1496396
1332139
1361985
1283105
961733
835107
1467915
1415598
1485918
1290165
1456872
1515391
1364037
1311721
1522187
1386772
1204621
1404043
1542156
1402072
996734
1175927
1430482
1247655
1378310
1273246
1478749
1249377
1473669
1327461
960745
1220079
1072255
1223352
1190777
1266954
1406708
1321392
1092651
1246519
5722067
3756891
1828886
1064307
1315002
1332528
1212790
1279588
1110960
1243508
1067041
1226230
1380560
1228130
1265966
1131835
1015599
1313071
1252842
1379333
1349174
1377321
1232294
1291447
1510879
1303142
1434385
1368593
1353988
1374348
1297444
1409547
1430776
1360658
1525555
1339050
1481581
991945
1460734
1365630
1215071
1397020
1241880
1348541
1440836
1382064
1310300
1400137
1365342
1326739
1316777
1279260
1427549
1264288
1405964
1421979
1298263
1403476
1536332
1371990
1311853
1370771
1374227
1352359
1426371
1299783
1263742
1396746
1490570
1377938
1250488
1349261
1440953
1315728
1480227
1367511
1465672
1353435
1547047
1373425
1361134
1375504
1451113
1396276
1394582
1385059
1284511
1340892
1378831
1241792
1204586
1363589
1260031
1374058
1469770
1455282
1434639
1414439
1378890
1363538
1247340
1352253
1190619
1334687
1397164
1273477
1383365
1340908
1320420
1333581
1152270
1311076
1412201
1375632
1364062
1276987
1359778
1360281
1168252
1345337
1266926
1400064
1519725
1345197
1315091
1326231
1447327
1393890
1338802
1343547
1510545
1361285
1376038
1353172
1469343
1394569
1365953
1343766
1470053
1359791
1321033
1383597
1234982
1429465
1530862
1451672
1457305
1364559
1422591
1307484
1275421
1395164
1225275
1243933
1454436
1278921
1368515
1343236
1257667
1344401
1333780
1417990
1457888
1405878
1479116
1308801
1471743
1450206
1419418
1413630
1352329
1404194
1426388
1305508
1300821
1344703
1223455
1404195
1420432
1366237
1297355
1300800
1375713
1405382
1507248
1287467
1406218
1371393
1519002
1381829
1215245
1391864
1347102
1419926
1398348
1282730
1507999
1352021
1208584
1310854
1124078
1350167
1501258
1287700
1457473
1311721
1414867
1365166
1471207
1337023
1442842
1340718
1489788
1385611
1458902
1378351
1369041
1419360
1468768
1463954
1432732
1349001
1378732
1359184
1259526
1315049
1408239
1171735
1437397
1406865
1209671
1330588
1504295
1380792
1446308
1348630
1342377
1344644
1466274
1430792
1253036
1206013
1405387
