661303
758730
1235706
1301692
1373759
1418963
1439823
1173012
1267948
1255503
1216835
974288
1274463
1126832
1275981
1134530
1259779
1125386
1244864
903747
1064876
984936
1123956
860629
1326773
1232940
1349252
1228406
1400815
1086322
1239676
1383267
1326809
1425323
1389679
1313333
1275789
1210068
1273764
1116929
1326696
1052468
1357208
1226639
1305588
1318500
1330743
1234867
1313137
1066903
1125227
1288698
1195411
1323858
1294302
1277060
1379769
1459449
1316383
1226349
1401181
1217024
1258534
1261688
1393982
1278539
1418255
1204423
1400128
1471424
1467070
1387991
1268350
1408110
1093598
1329848
1277057
1299993
1177612
1179877
1410947
1207123
1207277
1018194
1324271
1406512
1031237
1312110
1270019
1187921
1023350
1259077
1417014
1224792
1062101
737778
919947
875919
1243879
1136626
1308472
1148640
1289306
1253177
1099447
1295583
1490210
1313635
1538176
1247612
1354436
1385793
1345314
1319192
1284054
1261148
1491860
1196225
1221574
1219771
1370984
1235619
1402829
1257877
1401315
1385228
1346287
1314471
1465019
1376374
1406689
1172182
1300563
1294617
1409075
1145047
1305743
1252808
1325107
1438560
1069468
1431796
1443458
1290964
1304118
1310412
1455464
1384248
1487112
1347047
1435605
1175943
1343876
1273410
1439825
1356535
1313946
1175717
1518789
1443705
1412617
1308388
2162248
2175993
1081594
1211335
1390054
1482541
1450894
1143127
1431792
1467552
1462323
1169806
1403746
1301778
1378833
1295235
1501578
1352393
1412555
1378191
1425431
1480374
1409315
1270137
1402780
1253849
1389191
1438151
1310317
1435201
1313673
990607
1250676
1002044
1139687
1243309
1365679
1175173
1259739
1065436
1339510
1251567
1264563
1212534
1171324
1105357
1311788
1192666
1411109
1199241
1300864
1281827
1251522
1159017
1188348
1271133
1272157
1233964
1380827
1302719
1117832
1429248
1297968
1397837
1367354
1392305
1211279
1191558
1456914
1407576
1276399
1445598
1110281
1215131
1262990
1185553
1313509
1241353
1270843
1392141
1351497
1206081
1335178
1109976
1424889
1285207
1265999
1305097
1296338
1349416
1302674
1385795
1334937
1273785
1255194
1350250
1383638
1135096
1380956
1292479
1343613
1223049
1429114
1438826
1283249
1200162
1198423
1176242
1250999
1387629
1328485
1398683
1360490
1356999
1115218
1433845
1315340
1327345
1212868
1436676
1079955
1387165
1241869
1255618
1160957
1067395
1275375
954778
1192486
910369
1195599
1259353
1351469
1304754
1246556
870146
1058523
1047864
