1328093
1323330
1337611
1206174
1450027
1531285
1200219
1629399
1196344
1759132
1577549
1668360
1688585
1748912
1656836
1758780
1685255
1773083
1723230
1796025
1624560
1780471
1724607
1418382
1458368
1543208
1407508
1412312
1470915
1173810
1239158
1475309
1430550
1468422
1332424
1535258
1442167
1523276
1456771
1573247
1464846
1567638
1459996
1559275
1519744
1579859
1349375
1703284
1467383
1663883
1562223
1782481
1743780
1704529
1533117
1811699
1471891
1549788
1512130
1661873
2205821
1704359
4424297
3992879
1954270
1893987
1795527
1917867
1782146
1851543
1771442
1846916
1666761
1833081
1779911
1829087
1810878
1710513
1846042
1347947
1651831
1883582
1766707
1930834
1807254
1894322
1718012
1810627
1774739
1860953
1819471
1859541
1689236
1861519
1813866
1873386
1772911
1860912
1674010
1847775
1663732
1679196
1644840
1761620
1566733
1702290
1521623
1843571
1617594
1807881
1384812
1483348
1646128
1764904
1641291
1789251
1807928
1586932
1569277
1834946
1433843
1764873
1405978
1716469
1637235
1858271
1497460
1813418
1171117
1184120
1530505
1658459
1604220
1671367
1763882
1839602
1703920
1797160
1622285
1859724
1754222
1849291
1644555
1760586
1861592
1750526
1615525
1924925
1836837
1807559
1664714
1864541
1807451
1727100
1749591
1919868
1739951
1784283
1461376
1755270
1582867
1460211
1327310
1686208
1265093
1730316
1328221
1531148
1493300
1834077
1292114
1608713
1499040
1833681
1418139
1682900
1661704
1539218
1422628
1232965
1442377
1707683
1366921
1624669
1627917
1658235
1758855
1759057
1444251
1751550
1504191
1759911
1664488
1807120
1697142
1658307
1597425
1630195
1593873
1860476
1512728
1806375
1700118
1745586
1522934
1754051
1658599
1816187
1679314
1773984
1514193
1531460
1636723
1612112
1492273
1765197
1507729
1470181
1311742
1515003
1461142
1693389
1386393
1654554
1598678
1648111
1548887
1410055
1642718
1738721
1515924
1578791
1342807
1645529
1448875
1718569
1689496
1428885
1564352
1687739
1721302
1662184
1413716
1723623
1602954
1759457
1699592
1655534
1729782
1742488
1597278
1704550
1768099
1912412
1545884
1791354
1649760
1583022
1467159
1563284
1541529
1849242
1475645
1755276
1667589
1706343
1660264
1540035
1578818
1630777
1516122
1848467
1717981
1744147
1608435
1725938
1703770
1746595
1551845
1617869
1679224
1869767
1713086
1900481
1602153
1572960
1497096
1510708
1524794
1478085
1715830
3031244
1067473
1351655
1574421
1720419
1681229
1689332
1797374
1716645
