2020652
1222722
979269
1629240
1574363
1189716
1506433
1676736
1598406
1657915
1301276
1741639
1599843
1453232
1286131
1637054
1645961
1842997
1527554
1490394
1505047
1707302
1674370
1353193
1626512
1692439
1622544
1845245
1793343
1588714
1755835
1645668
1690945
1775255
1676488
1434389
1658089
1808770
1776650
1752873
1709517
1891025
1850127
1812726
1689015
1795407
1743579
1894660
1783004
1818302
1905815
1835519
1828535
1675586
1681077
1717165
1654121
1851783
1786722
1789361
1805066
1785488
1611074
1825480
1573199
1531288
1621850
1631182
1679435
1781783
1870161
1793491
1700631
1625951
1763017
1703375
1856423
1632013
1538408
1655063
1881151
1790746
1692069
1784102
4919813
4121871
2045818
1423487
1924850
1808433
1883767
1824266
1866813
1838817
1874394
1802876
1919608
1785953
1789200
1830699
1844980
1795432
1858447
1806252
1924342
1830057
1923507
1872863
1767432
1820267
1726318
1807569
1856047
1824391
1839972
1869052
1836352
1869586
1936971
1801234
1918494
1884563
1872736
1762465
1596308
1690395
1842598
1832376
1926753
1719756
1744745
1720499
1834020
1741007
1786209
1594334
1369278
1606286
1756042
1752191
1812036
1666448
1609155
1670765
1804116
1749790
1759677
1655230
1520455
1632661
1755045
1623499
1720942
1677512
1801246
1752306
1732681
1688041
1833062
1750952
1768819
1748901
1788442
1780415
1810980
1695376
1694151
1641370
1818062
1678199
1809800
1788611
1812353
1789924
1808296
1755411
1762622
1734961
1793381
1653126
1810023
1624669
1768068
1794199
1798786
1652874
1494888
1460347
1753886
1706989
1749191
1731549
1688386
1556853
1690102
1651981
1607194
1680936
1738675
1731677
1682701
1615364
1699701
1636041
1627058
1608885
1762812
1630602
1669196
1764112
1743181
1736041
1791726
1571723
1758265
1763292
1783734
1617364
1674500
1687665
1743915
1648725
1669943
1676801
1746091
1688479
1666521
1730735
1816018
1605380
1671839
1643008
1758666
1684765
1674089
1661255
1789991
1672236
1643627
1682201
1799510
1655620
1685609
1578909
1757520
1550100
1783745
1672021
1793082
1762025
1695839
1672192
1655342
1529539
3754553
1816358
1366068
1299385
1357617
1429859
1126326
1605865
1269449
1053503
1533722
1400208
1218277
1351085
1302781
1364627
1273609
1222910
1199747
1380979
1463663
1423666
1427257
1542148
1675181
1739126
1734379
1653719
1452893
1693936
1753838
1714869
1835852
1642283
1868736
1770202
1639313
1756757
1836892
1725611
1838357
1729967
1882004
1814425
1904803
1727884
