901874
818173
559501
508611
761375
1034040
1034345
1034085
1182924
925748
1355728
790711
1288064
838104
1155105
1060536
1275914
927880
1374763
799505
1197879
1008240
1341904
1039575
1369724
797210
1305729
777173
1296883
839900
1336240
817351
1480199
1133237
1188055
1056794
1318390
859881
1402164
901429
1262139
892366
1123150
981670
1347225
865857
1268648
938631
1247698
930442
1248927
903558
1104985
935408
1165233
797862
1358972
792265
1313969
966410
1287262
881676
1346314
854901
1440618
978600
1180489
938625
1453615
884611
1412112
818837
1230209
959783
1328873
909185
1360072
795008
1286950
912560
1264469
929641
1459651
909897
1075258
1184981
1343385
894758
1338629
983250
1043546
1142402
1245068
831307
1206974
1003949
1261180
938178
1223301
844893
1317485
917372
1439398
853968
1382209
907133
1377477
906890
1256762
968782
1311480
1094040
1220585
1310615
1243164
1067337
1233556
1206871
1507023
904380
1276687
978546
1475557
1117188
1464313
1143931
1344140
966939
1402737
966584
1105603
1202365
1447431
1207113
1326466
1215585
1397200
1181386
1489240
1106039
1395568
1172155
1233815
1101758
1451489
1079120
1416872
1330095
1462518
894597
1341168
973664
1412123
1123656
881372
1172706
1353174
843794
1009276
1069048
1379642
821724
1237491
1156953
1375362
915755
1183220
1166054
1225725
1057828
1448828
910824
1413613
919059
1406268
936760
1346211
863051
1233328
1080774
1408587
1006122
1243896
924489
1315579
844380
1240820
955248
1375968
904694
1113748
1031294
1259312
875475
1274817
1022632
1366728
871940
1282139
1123125
1127475
917881
1424513
797544
913633
975962
1307559
925792
1420818
780427
1262193
973337
1320371
1961447
3784881
1882760
1299815
1037577
1492144
981073
1448641
985180
1358653
1141984
1332933
920090
1491687
1001624
1113912
905835
1103852
1012544
1129782
1039577
1129461
890867
1194063
1027024
1137244
985236
1330137
1058278
1198264
1099998
1406031
1043649
1453615
1092354
1401288
991521
1081300
1000688
1277655
904937
1257895
920195
1093285
1010038
1357258
859065
1100069
977255
1065722
1023497
1220499
943218
1322900
901461
1328334
1016994
1084088
725779
1142635
954065
1154667
1030673
1296740
990695
1178893
1066441
1276455
977590
1288563
923908
1364898
918989
1229153
877719
1267971
868013
1246779
835639
1223464
881843
1316895
950572
1253547
877135
1377529
899716
