783978
849981
675746
1150521
1266121
1235847
1257791
1131355
1334362
1112957
1335354
1188127
1262269
1289878
1288528
1158501
1309763
1281658
1353256
1225571
1187134
1187133
1421496
1299742
1295440
1160893
1268516
1235205
1445307
1200418
1131741
1255377
1215708
1250015
1312285
1238119
1073160
1281387
1306831
1224084
1299341
1229831
1382119
1261205
1260076
1252371
1466891
1230424
1329769
1260696
1305072
1191692
1425963
776922
1068490
1258411
1357495
1232923
1317835
1247364
1350082
1111954
1442289
1297781
1259079
1266175
1405505
1240281
1370595
1181661
1328981
1394352
1442568
1209292
1071892
1041149
1133729
1086998
1147863
1071662
1264209
1319681
1205425
659423
1122020
1246237
1277012
1225271
1319231
1269989
1351808
1181700
1413062
1171867
1171437
1279293
1528949
1203844
1359507
1230690
1424589
1219541
1395812
1232456
1472880
1320032
1354808
1315332
1538283
1320021
1325171
1235991
1454948
1260546
1429583
1270376
1242286
1224674
1237564
1228161
1493175
1255948
1356013
1264930
1502362
1337222
1010834
1218984
1443834
1293242
1352991
1162309
1491968
1214550
1379175
1225523
1559143
1246920
1460878
1342146
1573545
1235485
1340122
1293898
1123959
1211444
1123779
1143135
1149967
1201681
1249706
1322346
1274911
1188396
1231986
1220306
1190910
1284398
1346052
1202756
1422164
1225743
1243572
1291836
1172430
1253277
1366802
1286067
1280438
1184644
1255285
1189208
1419622
1269388
1130751
1264675
1209666
1236592
1415514
1169427
1309909
1322148
1262789
1187941
1344492
1253495
1241543
1266296
1181696
1179960
1382618
1207435
1022132
1262185
1248726
1149106
1399632
1303569
1312891
1240882
1346556
1239522
1504688
1272717
1328321
1210464
1335020
1298673
1450704
1241311
1473177
1280284
1175199
1253799
4812388
2994641
1961679
764368
1156857
1344891
1295528
1430367
1170847
1373926
1284748
1303930
1243842
1267752
1227335
1260075
1096879
1352223
1198600
1355761
1161594
1242681
1198913
1363940
1288503
1288522
1168128
1273137
1255865
1230957
1067706
1300226
1127321
1268641
1156725
1232845
1222980
1239487
1224002
1342476
1127986
1272640
1104602
1322288
1112242
1223967
1142420
1293149
1194038
1281131
1265391
1231881
1299741
1340662
1279012
1327067
1199363
1354520
1140579
1259367
1092472
1273867
1148841
1193484
1040022
1178717
1041013
1225195
1092230
1275145
1070937
1347266
1086131
1303477
1286290
1255778
1302726
1256608
1099649
1208580
1003773
1195023
1105610
1228750
1104605
1179221
