5836092
3894299
1912813
2524853
1777933
2222362
1942848
2079233
2043961
1850064
2088982
2362575
2008148
2036935
2318739
2097324
2330327
2098932
2254855
2097279
2344411
2465801
2139738
2090268
2375497
2117291
2391916
2122682
2203479
2365560
2176754
1999228
2151479
2095644
2232420
2089348
2387525
2378609
2022048
2154590
2201769
2212003
2030785
2028661
2236779
2102814
2359431
2613268
2323384
2486418
2066891
2135949
2010735
2443177
2304770
2528852
2235399
2442968
2150754
2188623
2217265
2415076
2317916
2466642
2246413
2457028
2145252
2396052
2292486
2465772
2198814
2388566
2218185
2495338
2254757
2459788
2219099
2153541
2052923
2148194
1976972
2151853
1943511
2229954
1917403
2035449
1905490
2023572
1861750
1947026
1764940
2048623
1948989
1972166
1972863
2096293
1965120
1915861
2045909
1953932
1939399
2076199
1838748
1969147
1875229
2084547
1999922
2010696
2152081
2080492
2065328
2230295
1932471
2343286
2176358
2327946
2158023
2299220
2093808
2070363
1870886
2000040
1990620
2417947
2132302
2295370
2061409
2317944
2121573
2070923
1997495
2328645
2052749
2347783
2095734
2340030
2103970
2233707
1992916
2360330
2198535
2339390
2140319
2344206
2171775
2252348
1982978
2136492
2063452
2206408
2017727
2308707
1955096
2358025
2028200
2259450
2158579
2213833
2151172
2282624
2103592
2302998
2063158
2312481
2063911
2133886
1948702
2272460
2156958
2223789
1977485
2361881
2073522
2349521
2196951
2345755
2223564
2262565
2066700
2317283
2071508
2332856
2111307
2346093
2214019
2344916
2267869
2246849
2101099
2329270
2053715
2351816
2195123
2322578
2001909
2347766
2195199
2253569
2145218
2299033
2056337
2347544
1988451
2223271
1954147
2154751
1929409
2123453
1868745
2007993
2007746
2151924
1933221
2334370
2196318
2204144
2006146
2317664
2035309
3835104
4275765
3229086
1886274
2455619
2461138
2481946
2426163
2459613
2287048
2456855
2227969
2467618
2486262
2527227
2253450
2334921
2422306
2529253
2117504
2392419
2160974
2360632
2231737
2488277
2101764
2449174
2165066
2418320
2140824
2417041
2192879
2371580
2072523
2452399
2085720
2448317
2412175
2501783
2112509
2464979
2251614
2436209
2212693
2457161
2361660
2420100
2338944
2352870
2394838
2464945
2245926
2469888
2267296
2484911
2248842
2465720
2428788
2484487
2212992
2468454
2343515
2455489
2424546
2507687
2441568
2482021
2227185
2461928
2245414
2466633
2271640
2462993
2440222
2471148
2197359
2360949
2124536
2415484
2207648
2478246
