717354
931529
674915
1336716
723211
1432966
747182
1349339
868352
1217512
758721
1231017
1042058
1311541
1031671
1420209
686349
1433985
776647
1313929
1048108
1396157
1355154
1551434
1218469
1340643
1089970
1411268
921896
1388098
1134633
1510498
1036865
1505040
798391
1265408
1246725
1417249
963538
1513569
1276606
1419527
1030900
1516937
802868
1339539
1077127
1359191
770015
1485107
777338
1588004
962897
1251333
1421567
1551170
967837
1558882
728163
1552458
979511
1351489
832253
1554916
1242463
1420253
891706
1165568
941349
1186474
931095
1429105
932971
1454416
970312
1445018
956631
1323915
904601
5334345
3333153
1658924
682281
1421980
727597
1326830
772820
1236299
874225
1230863
675305
1306563
701094
1283093
606547
1269069
603834
943253
670723
1169488
786964
1123238
587816
1139025
695416
1175836
567142
1306549
568591
1295780
606206
1166170
730637
1076583
640053
1294176
744049
1251380
990194
1090709
849019
1098467
989844
1064364
786036
1217520
932695
1316935
705656
1240091
909586
1318375
680668
1337080
725604
1324302
713188
1087117
1003811
1128588
886008
1335532
613799
1188356
622911
1130988
675239
1254775
658281
1245219
844763
1214544
876550
1253945
623310
1121741
694600
1300027
822560
1345242
697655
1191011
872900
1332952
672322
1282688
886546
1328991
672114
1149173
866806
1360649
808566
1157473
904179
1117994
914094
1350446
819276
1255983
707917
1171811
1038338
1336191
580043
1083791
785518
1262699
970123
1194933
789373
1091492
954566
1212350
818745
1310585
743614
1197265
733846
1287597
841804
1163273
705762
1244538
708854
1287139
950118
1314015
704232
1126736
895530
1280387
656034
1168843
820922
1252317
919772
1299265
925518
1068667
1010461
1304851
885356
1313500
646180
1242807
798085
1307342
739648
1154998
762309
1290848
714611
1277655
637843
1274713
823135
1088731
855596
1234645
783908
1299355
716387
1197190
724748
1312654
688218
1303596
791985
1135629
750628
1189283
822519
1259020
707814
1202980
672131
1301610
875397
1068821
761131
1297460
911084
1252627
707451
1279956
716768
1249728
887597
1065868
756692
1210239
551788
1112557
708126
1183835
705601
1110856
693634
682438
642224
699412
605486
991701
511271
765016
631898
1115973
661944
878370
766256
1115727
660894
1320410
682258
1157204
858934
1126787
809330
924074
