1475489
1244278
1090763
1152956
1092789
1505249
1015763
1597088
945452
1537078
1113519
1602130
1486708
1677360
1121755
1420534
1193232
1440861
1277726
1606064
1355877
1612551
1221791
1658508
1201955
1605661
1404436
1661193
1577772
1539667
1267562
1735884
1247885
1721612
1373045
1545614
1707072
1644711
1347273
1699671
1307271
1731325
1304738
1761660
1347610
1748192
1372353
1701697
1536255
1731923
1547870
1772186
1244936
1769987
1358058
1810552
1586806
1868759
1428770
1827812
1483221
1847923
1494182
1793571
1581015
1904778
1508265
1834565
1453451
1834678
1589919
1854093
1494409
1825334
1500695
1834552
1525541
1821086
1482888
1582044
1558424
1834233
1442767
1759448
1778961
1553574
1426658
1811816
1354092
1802387
1263153
1820422
1260987
1823582
1499998
1875866
1452106
1845145
1608656
1856723
1635015
1819903
1503548
1882997
1547699
1791149
1597856
1827293
1583602
1868094
1468308
1822155
1475146
1886743
1609774
1750261
1538037
1890929
1624756
1875357
1494138
1847836
1339709
1848450
1361112
1827791
1551717
1811712
1647153
1658880
1393440
1766232
1380112
1820478
1558713
1735746
1762522
1651070
1492784
1747254
1412227
1893698
1636120
1708653
1521785
1807471
1247245
1814513
1124475
1820262
1649171
1680695
1491678
1502012
1513262
1828479
1524877
5227369
4334148
2351282
1650139
1877610
1693490
1699276
1640192
1858400
1561316
1793317
1533848
1795631
1459187
1828478
1611230
1852312
1732517
1869986
1668778
1820879
1499747
1872464
1691815
1823196
1440836
1795106
1402361
1841048
1443731
1807184
1544948
1727696
1336379
1786872
1671275
1944168
1649719
1867153
1663117
1882609
1742271
1894291
1707926
1737644
1691907
1698998
1711182
1700585
1735763
1884318
1700341
1855284
1708635
1745882
1851833
1898665
1654212
1815515
1773433
1926407
1793805
1849588
1705125
1791714
1643520
1825232
1613306
1906728
1770341
1890384
1814655
1833371
1700586
1944227
1731028
1731537
1512719
1709638
1519961
1834172
1596224
1711361
1377842
1787972
1571811
1753664
1594702
1905790
1649160
1869799
1422547
1832482
1641804
1853581
1357780
1736621
1680426
1792522
1551212
1816010
1587069
1822739
1600003
1881638
1609687
1852356
1633616
1712818
1565484
1794019
1531636
1884612
1641721
1799862
1398301
1782099
1533697
1897052
1498923
1903083
1697107
1920962
1807296
1868763
1839568
1927576
1805607
1914883
1697252
1895869
1787997
1874254
1690379
1794296
1786432
1885426
1665224
1826058
1746828
1882390
1864772
1881907
