2648724
1088012
1629793
1755687
1605454
1637557
1684987
1351138
1715250
908584
1286975
1142374
1608889
1242590
1509491
1457659
1640572
1129499
1581213
1196853
1549247
1271630
1534065
1178523
1442946
1301731
1223371
1113465
1297844
1021750
1447327
1333765
1432119
1138563
1340044
1119144
997873
1262845
989465
1301400
1282750
1075102
1337174
1024755
1168440
1485778
2500505
4272117
2349095
1312987
1532053
1506272
1572489
1384049
1653542
1636172
1483612
1501533
1611489
1047985
1609674
1507540
1563204
1451800
1448342
1249750
1745719
1567191
1567740
1346416
1764848
1504523
1461166
1237949
1695496
1607364
1557247
1263327
1511183
1473344
1627692
1379145
1709801
1387456
1757700
1597463
1632284
1348605
1695530
1577623
1659641
1490160
1515661
1164048
1725731
1821055
1888598
1603647
1690780
1434043
1851868
1581807
1654216
1444886
1746283
1473955
1519254
1263834
1689792
1042911
1591417
1346309
1654024
1236133
1581763
1270154
1682801
1186490
1837622
1658229
1639114
1133284
1811119
1424738
1653974
1301186
1744054
1346502
1692525
1378822
1769524
1555881
1539098
1398466
1456549
1280031
1768060
1192140
1765936
1290023
1768893
1634808
1626319
1257138
1701769
1165978
1767076
1297444
1783873
1440965
1624519
1279011
1772515
1279836
1671565
1233869
1766764
1334900
1768655
1230044
1769836
1339221
1594770
1578454
1767195
1725790
1731565
1708711
1859456
1152868
1880767
1239010
1852298
1715936
1745310
1686709
1865071
1695945
1870941
1608190
1873670
1784871
1871158
1685691
1776875
1730870
1864672
1580934
1888768
1641084
1862236
1767932
1870677
1825587
1777673
1715443
1877787
1810170
1783106
1709998
1874542
1817221
1864215
1529412
1879047
1739216
1871371
1794621
1793210
1702419
1780816
1700300
1865307
1733405
1807326
1792754
1713876
1841151
1872960
1728732
1869083
1473464
1764308
1676849
1852067
1770855
1870413
1536003
1745750
1683020
1880587
1766177
1865805
1784490
1875487
1730651
1845902
1553222
1881407
1734166
1857833
1772886
1861905
1736020
1780894
1697075
1707850
1683139
1705754
1502949
1700114
1724095
1780177
1684306
1774960
1763641
1869661
1890997
1861680
1731075
1890597
1777464
1868391
1846320
1857436
1801656
1752046
1480746
1878985
1804062
1857980
1695765
1862377
1873057
1862568
1808334
1868610
1835960
1868036
1738151
1776820
1532117
1871926
1631148
1820683
1893101
1865541
1852621
1842067
1614895
1727195
1795032
1812899
1827596
1864717
1860151
3812972
2568028
2757646
1821837
