2875819
1826856
1732158
2049306
2012288
1982119
1846150
1998184
1800490
1894087
1816222
1809018
2021442
1784169
2052829
1998468
2036868
1993208
2037106
2059319
2032067
2011951
2037860
2015583
2031322
2041997
1922082
2073120
1987784
2037148
2049342
2062573
2049402
1981712
1842210
2687661
2001815
2043163
1926957
2011261
2067378
2062248
1988313
2156783
1818887
1954055
2074373
2028007
1959883
2072078
2525489
1994159
2066576
2109649
2053155
2147913
2016109
2111399
2195479
2066490
2050000
2097594
1996947
2045499
2130063
2772885
2053061
2091214
2139183
1971869
2085268
2103580
2053209
2029208
2038249
2094003
2026889
2353361
2097948
2083623
2097606
2107094
2063020
2052232
2089893
2077715
2086558
2101134
2092669
2111178
2089874
2046479
2055240
2096964
2080589
2168240
2779755
2086439
2104833
2076608
2091903
2050653
1954455
2083648
2103573
2044499
2089270
2142603
2022438
2087922
2068422
2012909
2084783
2074892
1958168
2094729
2139674
2016064
2109590
2095439
2000473
2083659
2102495
1977314
2106599
2698004
1954988
2074719
2064402
2099356
2061909
1982843
2034347
2057443
2109509
2089219
2054412
2002009
2010184
2096283
2031913
2098665
2088630
2098848
2075418
1954828
2025341
2091062
2040017
1981528
2147950
2068712
1876485
2112762
2093165
2638924
2064531
2069160
1859591
2115300
2059944
2094553
1996868
2053439
2066344
2102975
2090635
2041188
2047178
2089746
1977542
2103173
2086380
2122122
2084069
2099659
2070268
2113963
2093947
2088495
2052699
2062619
2043203
2047893
2055595
2647220
2089059
2045253
2130039
2095273
2105749
2038728
2085489
2109740
2068503
2097745
2088166
2082898
2120298
2088929
1984988
2002241
2030352
2051699
2011846
2026922
2056899
1934946
2028349
2013877
2019185
2032729
1994156
2021028
2030846
2002378
2095295
2099577
2078774
2118363
2041907
2077020
2069939
2090643
2091028
2071256
2087839
2061918
2098671
2091398
2077323
2066892
2084438
2081133
2057869
2048143
2073179
2107289
2067305
1963537
2102945
2050115
2103719
2091353
2133319
2037488
3918665
1948621
2059621
1645433
2230902
1810810
2189210
2066408
1837916
2000469
2019983
1894457
1967378
2110255
2014359
2052062
2097612
2093833
2042295
2057142
2116037
2274497
2112420
2119373
1814381
2065135
2060601
1954063
1916163
2055085
2024934
2058460
1975745
2070775
2054400
1967109
2021964
2012311
2007733
2047648
2058351
2019693
2088450
2041054
1983880
2043815
2043524
1939910
2056451
1993728
1932313
2045924
2059282
2069878
