3872067
2923178
2581580
4030584
2670552
2618411
2799776
2818637
2884112
2885500
2488672
2808435
2771742
2689763
2699556
2815330
2797681
2756115
3975055
2777196
2818116
2774971
2369825
2677500
2624525
2961011
2861256
2586794
2842769
2565147
2450329
2735062
2679735
5005876
2807780
3095541
2527435
2848620
2772452
2417292
2768521
2481892
2565510
2791951
2773624
2751645
2635589
2832840
3924100
2775320
2806806
2814376
2810775
2755359
2804239
2723533
2746306
2700743
2599498
2676373
2740811
2762630
2766494
3845093
2853725
2776691
2634303
2699224
2877592
2800546
2787761
2786493
2633824
2678890
2781831
2705715
2835577
2634032
4783766
2796445
2842294
2815336
2817070
2633741
2847142
2778824
2618700
2369397
2477092
2482216
2759379
2376296
2745064
4147509
2639013
2264848
2481922
2410317
2656125
2718610
2542340
2593167
2755930
2677605
2699079
2520156
2683935
2771687
4121720
2783085
2750676
2678984
2518968
2683305
2771256
2712836
2772620
2658449
2745910
2739252
2663336
2801720
2767052
3960092
5619915
2598828
2654896
1787524
2711985
2500302
2743866
2546665
2600128
2597773
2503088
2487141
2682251
2476160
3901665
2670654
2726594
2689507
2636694
2626416
2663322
2540293
2723537
2684486
2644519
2606879
2613731
2582668
2559944
4829745
2699275
2693056
2708460
2669433
2716206
2695732
2654689
2706254
2674731
2663855
2663246
2650111
2664435
2382689
3812022
2803344
2744522
2709573
2701160
2593749
2748880
2772439
2717639
2752657
2649845
2707940
2653756
2687795
2644613
4565304
2781013
2903886
2682544
2941751
2840306
2693933
2788264
2886920
2500917
2722469
2782340
2670508
2799428
2866694
4881113
2700221
2853054
2758159
2668058
2722450
2715579
2767164
2795280
2761039
2796819
2895801
2854141
2715203
2800070
4434548
2681011
2783669
2736359
2731328
2835109
2695844
2605995
2689404
2777969
2538362
2778429
2724985
2669368
2792542
5535426
2788711
2812041
2701919
2726540
2860043
2508004
2796223
2759996
2687539
2798226
2727789
2902176
2698800
3026549
4413625
2427182
2846947
2736529
2625970
2682603
2739433
2846783
2823820
2716132
2733489
2913361
2785683
2799710
2480050
4875956
2838530
2654595
2633560
2853317
2674396
2538519
2731301
2567308
2390298
2784385
2824197
2621339
2489617
2527551
4612950
5587240
2781916
2632485
2546448
2635123
2576791
2660539
2472158
2520863
2535844
2749424
2641425
2633016
2734790
4456876
2620725
2635720
2578394
2787190
2778545
2647349
2446332
2503037
2565950
2598370
2798327
