1392832
4767285
1743671
1659985
1639695
1497554
1384037
1533541
1739481
1625530
1711496
1730456
1651033
1794411
1646952
1587322
5474018
1746272
1774408
1751867
1706410
1592016
1689471
1653708
1550994
1671534
1749736
1383326
1760276
1729633
1705019
2856497
1771905
1698219
1811074
1762905
1635385
1815379
1746519
1721735
1798488
1763575
1673514
1816825
1815367
1663795
4331303
1768927
1662945
1755417
1766443
1743694
1734996
1674909
1624285
1712660
1722161
1626842
1801083
1752754
1764215
4589381
1723054
1691939
1770636
1751400
1786704
1793289
1716330
1791198
1762441
1761509
1846201
1798491
1755485
1706593
4772172
1715564
1707360
1775717
1753856
1795747
1771174
1612989
1732451
1777496
1735246
1552834
1741750
1836599
1747117
4750984
1687083
1734314
1783601
1723985
1807468
1783455
1749919
1696399
1895190
1712781
1787867
1724700
1738778
1743424
4826595
1773031
1549788
1368295
1688837
1538106
1685400
1647789
1609704
1739234
1623973
1301968
1483971
1650459
1605789
5393243
1678637
1705967
1350474
1349597
1588808
1661230
1572192
1366158
1585194
1531506
1486633
1501584
1468023
1558385
3640729
1530214
1562137
1450895
1576309
1480423
1499920
1544472
1490289
1693605
1613477
1556244
1574742
1715526
1459143
1998774
1542527
1606695
1675116
1601158
1595669
1669306
1640089
1589054
1646782
1583536
1773666
1637722
1708819
1649278
4120752
1586915
1713925
1751156
1661605
1708369
1662479
1648069
1600426
1702276
1728282
1660923
1488159
1705085
1535564
4046198
1593645
1416610
1758764
1774163
1877846
1480636
1710037
1438597
1723536
1650549
1585156
1592638
1522465
1529387
2553700
1702499
1493532
1498574
1657875
1539444
1643369
1566030
1491838
1519495
1649269
1471893
1573183
1596262
1522412
5855484
1546141
1477407
1626079
1649973
1595104
1574858
1692249
1491267
1531692
1677144
1529297
1560959
1613035
1539413
3408225
1599978
1624359
1675350
1644162
1644980
1569999
1690696
1547211
1495185
1525844
1393524
1700503
1681959
1517238
1435156
1710264
1494838
1727787
1724423
1543818
1699118
1765750
1409382
1700594
1689219
1575728
1735446
1756181
1553106
2878139
1645371
1767986
1513998
1638458
1534366
1749069
1673360
1723207
1665199
1710399
1421305
1747090
1745686
1453234
1669515
1718864
1479971
1620645
1569222
1465483
1506333
1591499
1447530
1596997
1637299
1555311
1529894
1542789
1504277
1594699
1625194
1409574
1600678
1563498
1482488
1608112
1551254
1499808
1567644
1554214
1470016
1546454
1627948
