2905403
2651821
2574258
2692591
2743408
2747208
2632892
2623005
2673910
2557718
2651826
2659145
2688519
2603802
2759054
2628715
2727215
2684726
2702101
2404095
2482109
2916583
4631999
2420346
2737347
2661767
2888757
2302896
2852930
2695049
2463136
2722270
2657949
2490256
2726881
2632078
2554053
2689491
2656972
2609145
2747224
2750870
2695376
2773891
2259358
2532302
2600707
2699595
2570095
2716753
2705327
3079729
2828956
2641850
2773361
2794917
2693846
2526874
2578114
2745891
2538082
2633775
2767175
2477819
2762690
2631119
2939834
2623169
2673999
2737026
2738872
2769047
2762700
2744777
2743891
2618186
2668460
2694637
2458317
2766004
2700706
2825590
2733789
2795191
2936911
2714710
2691765
2664787
2778211
2745421
2662819
2744936
2671085
2634105
2654485
2782183
3344220
2508143
2773441
2560542
2809672
2780617
2784706
2763550
2779151
2803987
2808785
2780092
2787869
2762794
2499226
2613083
2745060
2704680
2634957
2787405
2769791
2627499
2774241
2717660
2723081
2734856
2709750
2773201
2784777
2702000
2742107
2768767
2861329
2653888
2648629
2820750
2771460
2816088
2898228
2639195
2722186
2686989
2880955
2645072
2704865
2618779
2817166
2806172
2604861
2808811
2812798
2693665
2655063
2690762
2661695
2727541
2668612
2670650
2692924
2672725
3168932
2350028
2605880
2696181
2195068
2639190
2562820
2617645
2760848
2808464
2778667
2768314
2748027
2688865
2798608
3549658
3500856
2838175
2605925
2812578
2829370
2697432
2606947
2753404
2530096
2693007
2640640
2871728
2727897
2791980
3468921
2781867
2891159
2783011
2801021
2771371
2739781
2774486
2522024
2661676
2818256
2667762
2695175
2645759
2673266
3144351
2774558
2710500
2671652
2799468
2756568
2563677
2620515
2677076
2656562
2703567
2584595
2681054
2713160
2272798
2511674
2563619
2610879
2646985
2370784
2532177
2409728
2628992
2477940
3034821
2486691
2452092
2425313
2625141
2485176
2494401
2689872
2772788
2624285
2794817
2796848
2379925
2654739
2793766
2790562
2774955
2700274
2572394
2581949
2765341
3351432
2753247
2805503
2614022
2788244
2782735
2664603
2681787
2754241
2614644
2793514
2587375
2632579
2684046
2694569
2677100
2783748
2793597
2781364
2727741
2800698
2642395
2686682
2744552
2483528
2625524
2715521
2702717
2771994
2755417
2767058
2665151
2797882
2746430
2639988
2688273
2778167
2681690
2824356
2561114
2788615
2774645
2620945
2649886
2761166
3169747
2761831
2754447
2708310
2804097
2800562
2614575
2828379
2768135
