4609578
2827748
2644805
2816499
2642632
2769879
2631888
2559894
2676700
2758867
2626383
2689600
2697040
2608225
2604989
2691432
2695670
2544730
2692220
2582524
2770790
2535850
2478457
2668156
2618315
2590998
2642205
2561185
2599476
2767115
2797062
2513892
2645489
2843752
2763888
2761906
2791036
2729737
2861388
2801771
2800225
2763551
2883688
2819126
2860800
2680272
2722422
2686051
2913869
2728060
2790143
2804404
2587090
2384979
2496384
2596248
2683810
2627760
2551524
2713585
2538845
2748633
2709138
2875867
2844393
2778894
2817632
2465745
2631467
2683936
2740557
2707720
2793718
2695187
2729326
2658064
2776422
2663499
2734814
2707436
2807427
2677183
2656550
2686688
2583744
2736070
2697281
2644890
2663941
2774507
2662864
2623991
2797604
2703307
2522126
2617850
2661896
2377606
2685040
2595994
2604479
2646712
2515005
2601370
2650323
2560391
2726851
5098359
2609132
2674383
2766961
2724937
2538088
2778468
2688430
2726669
2755857
2755476
2820928
2754658
2584478
2661199
2754053
2642110
2617093
2698284
2699380
2642911
2672180
2594048
2644385
2703041
2660562
2715613
2709991
2671743
2488803
2677667
2752327
2633969
2631302
2805386
2608188
2836593
2812142
2849651
2768414
2753773
2832986
2730843
2802711
2501267
2939546
2486329
2859865
2661087
2509583
2444729
2680005
2441340
2647300
2671956
2693260
2542255
2564754
2640917
2705244
2624225
2694722
2616897
2626209
2667963
2525334
2672786
2716646
2446407
2687583
2611634
2768967
2543064
2430904
2707691
2680131
2716260
2642236
2487599
2734980
2595541
2684305
2750041
2686720
2671097
2620632
2765943
2803821
2732976
2771413
2672145
2772087
2601077
2612242
2641766
2638507
2587537
2759831
2625148
2693088
2708801
2705696
2571647
2753239
2721767
2757973
2619941
2798468
2676292
2677406
2521747
2629828
2728401
2711882
2694022
2510694
2651216
2674139
2484229
2650258
2603481
2687381
2654679
2660387
2606228
2572338
2682440
2673027
2608040
2580661
2653015
2633798
2687432
2650386
2622417
2633889
2656300
2456879
2593460
2660013
2500554
2558541
2533998
2424303
2519752
2673822
2547348
2633188
2586048
2506776
2601475
2577361
2820564
2664097
2785136
2179040
2772634
2700242
2535226
2643596
2629710
2631074
2706166
2513799
2738406
2665865
2694156
2715229
2737713
2751700
2564456
2700002
2648555
2759232
2653275
2710726
2764077
2741217
2613791
2639732
2642622
2788134
2649405
2637571
2725722
2617420
2703751
2752123
2669992
2768819
2780943
2812958
2879905
