2212984
1978043
1828455
2001308
2100883
1948308
1929208
1837530
1941529
1941518
2026294
1961418
2034033
2069266
1924283
2036519
1986498
1954463
2039569
2014692
1989164
1978413
2041206
2003599
2034383
1698175
1970312
1968538
1922478
2007016
1995132
1981958
1978998
1905493
1847177
1954398
1890462
2012059
2083944
1926137
1930614
1922712
1979822
1977007
1929992
1992681
2014333
1909496
1944182
2000879
2052202
1986509
1973795
1657030
1975109
2126564
1908557
1960247
2116093
1992029
1875762
2032806
1936862
1980989
2005018
2012723
1994532
2005779
1883051
1949341
1991568
1719418
1904666
1936026
1991948
1906488
1886317
1903601
1914435
1953082
1950812
1961826
1986122
2048533
1944166
2218508
1997097
1963682
1994144
1982986
1992030
1992466
1946292
1977136
1994899
1970823
1988043
1993743
1918862
1960128
1782988
1972633
1881040
1892979
1975817
1941313
1890792
1938059
1957406
1767505
1936897
1922982
1976415
1924332
1939221
1961894
1895862
1925978
1947506
1934708
1919936
1980148
1962862
1927215
1996872
1950754
1944640
1906387
1933772
1965053
1984612
1875368
1964959
1974883
1937102
1960072
1978293
1910948
1976802
1984447
1940458
1959629
1985507
1956012
1933842
2100590
1943858
1921406
1986495
1957218
2011880
1980181
2204500
2128783
2609130
1783251
2140100
1848406
2033773
1433546
1761213
1915715
1902055
1996717
1865972
1967936
1988633
2005238
1991399
2019231
2068103
1922173
2065075
2036802
1978337
2007983
1978303
1920692
2084345
1926482
2025573
1995486
1965016
1978689
2070423
2055066
2009293
1975274
1994428
2002318
1854722
1992186
1994436
1992086
2000908
2036999
2042329
1988046
2006972
2013759
2008453
2027082
2132410
2077222
2030764
2121356
2031291
1938712
2022176
2006208
1995673
1976629
1996431
2023326
2028348
1991316
1969536
1869556
1783936
1721526
1888938
1909218
1776612
4423585
1906006
1856051
1821672
1741540
1801751
1746081
1859013
1791160
1826532
1892029
1840241
1999588
1962809
1886918
1970153
1908002
1932832
1957239
1818001
1950824
1987867
1936778
1951048
1960039
1980811
1931142
2007446
2019728
1909763
1963775
1877482
1942502
1987106
1960906
1926152
1997526
1902276
1945022
1870052
1957685
1966577
1979118
1965455
1920048
1968196
1984593
1948585
1992269
1990519
1947366
1971756
1983098
1962773
1958156
1877311
1940438
1854168
1863752
1989696
4855350
1960102
1974953
1986669
1903913
1967753
1876258
1998673
1910612
1952498
1986387
1961566
1986216
1953698
1924129
1986489
1920977
