3322842
2806803
2687309
2599296
2639160
2593548
2661755
2751546
2613559
2796730
2781651
2550182
2607750
2743723
2566547
2568258
2683605
2631317
2788285
2597109
2673799
2791345
2623051
2119105
2732544
2615837
2665587
2182198
2597287
2201470
2283775
2516211
2408006
2355915
2167478
2557455
2584196
2543204
2506410
2493961
2616493
2444171
2426935
2440047
2519351
2255128
2588755
2490093
2545478
2460441
2421914
2517722
2602484
2477520
2427582
2545464
2453770
2551731
2386744
2607352
2114567
2539572
2640543
2421311
2540243
2899687
2453411
2455731
2486071
2408761
2583393
2476587
2449442
2504013
2648083
2463388
2448530
2405224
2398011
2560145
2483797
2371050
2454553
2671948
2691697
2472064
2600173
2498234
2661385
2467110
2548877
2428026
2545808
2485516
2427829
2541557
2560142
2434210
2686180
2502456
2577272
2560068
2428391
2429241
2610325
2491866
2566327
2482113
2378451
2477182
2511201
2498536
2486585
2424679
2534563
2542522
2680098
2594217
2667943
2664504
2591933
2628224
2728170
2417732
2684089
2489366
2841336
2667638
2781445
2602357
2539292
2670444
2622429
2536727
2677680
2309108
2632528
2441985
2528407
2645730
2587092
2431264
2557418
2568989
2462461
2279865
2378700
2450290
2430864
2539711
2515233
2652319
2554184
2536396
2312730
2441456
2567898
2552891
2632938
2393909
2423793
2453395
2350263
2458182
2496898
2400344
2538488
2300445
2571128
2535983
2457534
2428157
2453556
2372679
2440530
2372115
2481163
2178093
2070467
2404226
1964763
2423382
2568112
2537711
2484617
2432912
2575358
2612474
2699597
2582424
2605125
2717244
2627898
2650639
2729176
2609944
2622499
2584742
2547382
2589332
2587623
2665851
2642129
2655908
2566861
2433527
2691744
2537062
2646946
2704133
2631616
2520464
2741034
2475601
2322020
2573666
2677106
2637248
2615028
2597285
2538814
2674603
2634455
2506299
2705795
2610049
2524811
2619503
2661705
2564889
2629369
2455096
2475070
2591831
2479181
2396081
2599877
2578834
2502897
2556658
2536858
2604199
2733570
2622812
2604986
2398874
2624766
2437227
2550513
2433453
2504862
2175077
2918002
2528724
2416650
2596339
2563808
2528467
2692457
2524182
2619775
2575298
2509535
2652029
2636589
2541917
2652404
2654355
2478321
2545586
2735987
2487451
2711146
2665319
2418333
2592489
2876560
2351846
2268405
2213888
2574119
2590802
2462736
2441106
2604055
2366411
2477554
2409762
2556568
2629385
2558299
2695949
2547508
2778308
2770991
2729560
2777605
2619382
2730760
2742150
