1840298
1196374
1444416
1476531
1728480
1774934
1830995
1731857
1762228
1755459
1780850
1780375
2617738
1785770
1804470
1843059
1242794
1586592
1436513
1341266
1619813
1486185
1406338
1377074
1548362
1587937
1481241
1774004
1530101
1665835
1664293
1739798
1662707
1691923
1640839
1734857
1632969
1616753
1751139
1634623
1684993
1623983
1653017
1699369
1736444
1659212
1658357
1735844
1658330
1611077
1703753
1681829
1677649
1621223
1632038
1691623
1658217
1770624
1701433
1732400
1683603
1673057
1696957
1706824
1506062
1711162
1688951
1784834
1668524
1658123
1681260
1745930
1696647
1747404
1695529
1672513
1716143
1654593
1630527
1549805
1668460
1712274
1701499
1698119
1634898
1550378
1659493
1650693
1454622
1456431
1569982
1527683
1540873
1543427
1431672
1517368
1543647
1511018
1516994
1535318
1530453
1524426
1574139
1452202
1533541
1529224
1487055
1512604
1576002
1496301
1516342
1555686
1495595
1530972
1539052
1501776
1506092
1613115
2373465
1439490
1504406
1333472
1646445
1291141
1578260
1408981
1365266
1605529
1537405
1543948
1512102
1524750
1558221
1365421
1539913
1599049
1527999
1587252
1603137
1519036
1502147
1602473
1597879
1575079
1583787
1433336
1583573
1627179
1457341
1601899
1568723
1490973
1543725
1591003
1401936
1584872
1581502
1552856
1575399
1604937
1515858
1580498
1601109
1464613
1574213
1628113
1521509
1602757
1607009
1464326
1574958
1652803
1384570
1600512
1600172
1467419
1603229
1605213
1560514
1609910
1736830
1540278
1652274
1652797
1570142
1650385
1713963
1603612
1625282
1618543
1594087
1637667
1666636
1542209
1644532
1672673
1627702
1649557
1667757
1547652
1640579
1657494
1608263
1631349
1648557
1597293
1593793
1774594
1510871
1688508
1500754
1569429
1638293
1668299
1467069
1643212
1614353
1565504
1644967
1673347
1597368
1634361
1650369
1600547
1616686
1672996
1514986
1645293
1743219
1654956
1682323
1691486
1577906
1691963
1623742
1520451
1718943
1659740
1700408
1705703
1778206
1552887
1698843
1735873
1526542
1717813
1696810
1725674
1706610
1650233
1726707
1704709
1855879
1662555
1773318
1738964
1625242
1726879
1662957
1726450
1725593
1736265
1714988
1736857
1723355
1670804
1616167
1610232
4422200
1588016
1532602
1502012
1538294
1540961
1453877
1612273
1683152
1485266
1648133
1646039
1629849
1568783
1534411
1635179
1570566
1574262
1450004
1515586
1613617
1428502
1488382
1579922
1475135
1426312
1565586
1432498
1485743
1560366
1502822
1517188
