4097306
2370397
2534197
2218936
2419923
2671052
2403475
2520772
2781343
2549763
2821790
2650071
3760369
2606659
2761612
2602886
2652251
2766313
2643768
2680890
2745582
2604495
2699445
2691675
2550674
2708618
2554314
4098142
2529251
2683865
2627355
2569750
2778337
2594884
2680451
2719326
2700927
2630880
2675593
2645100
2644164
2622016
5280625
2627630
2707046
2599581
2623955
2729512
2658811
2629866
2567927
2616490
2670417
2764611
2618860
2628800
3012654
5527520
5902980
2775976
2435058
2478463
2696301
2671575
2487476
2661036
2531799
2591614
2559156
2589230
2477976
2583780
5037678
2569990
2567394
2545369
2490388
2565127
2629550
2572160
2589399
2594834
2532291
2551644
2588659
2506660
2706072
4149562
2589048
2604774
2593576
2718679
2600101
2580860
2301862
2530999
2552300
2576996
2635060
2537479
2593957
2637311
4110622
2578833
2579548
2481929
2376835
2541971
2373059
2563170
2539389
2448713
2670654
2453518
2440279
2679214
2693574
4833183
2624980
2580011
2570808
2604981
2579554
2608044
2446429
2581066
2561307
2607887
2667014
2538339
2591720
2673307
5192990
2665194
2696634
2649540
2559579
2572840
2548857
2560935
2544089
2535104
2604404
2554910
2591494
2572755
2603179
4658468
2583263
2624887
2539050
2539813
2681100
2546940
2532291
2645644
2551899
2560244
2535000
2631048
2571960
2556771
5718934
2514093
2561226
2581359
2581226
2691616
2637360
2568264
2696182
2547610
2636174
2639134
2570584
2553914
2436885
4417339
2546954
2563296
2588004
2521336
2670974
2528338
2504836
2566195
2569057
2600970
2659050
2423473
2450254
2610371
4627786
2535497
2646369
2604484
2641881
2588083
2567718
2567514
2676468
2552434
2650545
2644610
2573874
2564334
2374338
4597635
5027642
2663705
2882210
2514978
2614730
2398366
2544183
2604535
2195897
2580709
2656021
2369778
2538269
2630350
5522917
2518968
2540674
2393869
2538125
2587170
2556582
2414449
2698597
2517559
2557556
2636363
2526877
2611015
2613476
3965662
2469462
2659325
2558089
2841130
2571960
2314977
2474904
2595850
2278454
2570394
2660033
2586389
2543020
2695398
3797807
2612329
2567081
2591294
2649087
2554447
2597072
2598546
2667518
2507476
2649739
2691256
2589787
2589718
2613534
5666600
2669287
2681175
2583603
2483775
2458162
2525620
2438685
2545620
2519313
2597596
2632776
2577895
2613788
2578910
3908236
2685925
2537328
2645145
2733261
2553346
2621050
2619890
2659995
2547364
2642126
2649941
2575763
2613767
2681361
4178939
2540193
2551234
