2820503
1853646
2138105
2281921
2227605
2295441
2289922
2141907
2166515
2225372
2283168
2258466
2260147
2213197
2193811
2289646
2131101
2230922
2297693
2307946
2279005
2094118
2303041
2210108
1775638
1824728
2256082
2322212
2236701
2319132
2274552
2130245
2308332
2240340
2364240
2245078
2291952
2294098
2316445
2339276
2333522
2381280
2222605
2287615
2316823
2193382
2322452
2356359
2299652
2276711
2432692
2502837
2217105
2130111
2008351
2153845
2226895
2181015
2232930
2210162
1952873
1986383
1944494
1819522
1964990
1923130
1969697
1997047
1933194
2036180
1981088
1916809
1929507
1859842
1914637
1970005
1886242
1941153
1980370
1902417
1900054
1884255
2042648
1900564
1896709
1784133
1998901
1981586
1948924
1923820
1934503
1983413
1927979
1987061
2002589
1962704
1971084
1968713
1966466
2013976
1908736
1960193
1960340
1950892
2044384
1977420
2013984
1947317
1955793
1960633
1947453
1975384
1973197
1957670
1942040
1965119
1899418
2073871
1938513
1930563
1976018
1945821
1964629
1905584
1950167
1887933
1906771
1926275
1903843
1830342
1899403
1822072
1826302
1848857
1882075
1958767
1798041
1882319
1908864
2007951
1922778
1901283
1876518
1861873
1954257
1673751
1822452
1894980
1914360
1828285
1891737
1918273
1827939
2031144
1839455
1782097
1901579
1784138
1800909
1920062
1844292
1796908
1873663
1722224
1785966
1809953
1897967
1839887
1834932
1834153
1787274
1886753
1854333
1803738
1798532
1749501
1795348
1832385
1872679
1832723
1810658
1851127
1795614
1808674
1971950
1850822
1925376
1829716
1687561
1749003
1617116
1593084
1707890
2035738
1791672
1826634
1837782
1801138
1836286
1973763
1828649
1710155
1813562
1824952
1880260
1769777
1798779
1913912
1838556
1788925
1825562
2013374
1797795
1820990
1840956
1787121
1909315
1843888
1832835
1834668
1843562
1787824
1826792
1767068
1826228
1775491
1851480
1818244
1830382
1897019
1829759
1919198
1837933
1789354
1928999
1816909
1848633
1713818
1841425
1833286
1929909
1843978
1899479
1769194
1884033
1818483
1796016
1816450
1791498
1704498
1831755
1805493
1834276
1768872
1804569
1763748
1782807
1818614
1797296
1834279
1897305
1792671
1831398
1841736
1817312
1805583
1856046
1791624
1832022
1789736
1811509
1869759
1824263
1809077
1810248
1798848
1761952
1835162
1808314
1986336
1817402
1786382
1769872
1805975
1803412
1849277
1816249
1809343
1797552
1990044
1829016
2100130
1694880
1900883
1922700
1991024
1737432
1807622
1921986
1809512
