2443497
2114539
2015931
1840645
2046476
1948638
1851156
2099374
2059609
2001611
1996809
1978897
1952791
2023001
2068992
2083172
2058366
2069869
2045846
2065066
1996585
1963045
2076796
2005665
2055983
1908455
2053760
2065696
2069422
2026921
1999968
2093408
2002468
2052560
2065513
2002031
1986991
2004356
1943746
1951447
2002152
1940306
1994535
1984362
1988669
1993749
1989417
1922666
2003761
1987398
2023922
1964837
1913327
1956705
1952112
1967342
1976952
1422966
2456149
2063401
1963837
1824402
2188331
2020845
1873064
1839194
1710203
1867415
1900361
1997976
2007012
2056666
1997152
2002226
1999150
1918445
1958191
2065247
2006563
1883684
1998462
1955772
2023093
2027706
2002703
2000938
2052263
1959311
2027588
1925508
1986472
2050021
1957354
1937202
2027275
2060782
2006428
2077513
2080596
1996743
2026625
2012885
1979676
1958375
1952851
1944548
2008335
1974765
2011435
1997476
2041720
1952399
2041002
2029495
2012585
1997014
1988194
1913257
2038906
2059372
2000655
2053140
2064519
1991602
1993083
2035350
1954675
2018619
2008625
2003847
2022482
1963046
1988942
1960195
2194067
2017259
1973031
1958405
2005317
2035875
2033505
1953368
1979611
2040856
1972732
1992935
2023445
1946771
2051586
2054213
1993801
1789467
2015017
1912581
1934022
2025012
1954511
2078036
3459938
1808848
2187186
1975074
1977858
1925180
1856006
1928609
1912391
2068798
1818291
1861060
1963321
1791529
1936874
1751966
1862390
1936400
1869600
1868930
1814061
1938641
1804418
1886528
1916081
1899804
1904578
1948771
1692710
1914342
1816628
1915236
1937801
1959996
2193987
1952165
1929377
1853270
1941101
1937992
1951092
1936480
1962032
1984871
1922631
1974868
1888654
1953386
1974285
1888220
1997002
1974242
1939216
1935855
2018577
1875160
1856951
1990252
1732966
1974194
1837148
2110977
1889727
1797890
1752010
1926320
1860599
1790494
1825561
1853956
1676335
1865617
1755568
1917484
1866715
1768774
2039776
1991253
2050136
1878205
1997666
1994635
1883060
1981801
1933840
1896904
1975555
2037240
1827395
2000587
2052102
2004031
1996975
2030897
2031927
1991481
1832350
1741588
1852427
2005801
1882029
2001241
1929221
2000871
1945009
1601908
1982086
1955535
1946758
1985859
1937201
1963105
2021085
1891109
2033558
1904814
2009240
2040998
2002065
2010599
2027901
2033348
1989885
2024616
1981981
1994545
1954845
1855613
1900074
2044651
1976558
1937575
1929988
1887389
2001178
2037586
1917368
1990916
2022248
2008354
1987668
2058907
