3329858
1973721
1884500
2096602
2066208
1987381
2106242
1931337
2036552
2124394
1990333
2099275
2108458
2019877
2003841
2081444
2071545
1941834
2071591
2010482
2068445
2108957
2034830
1988540
2089937
2131758
2058577
2059555
2063091
2053088
2106530
1932834
1966097
2008816
2073287
2087900
2050048
2073048
1994061
2112748
1849170
1958519
2106177
2066871
2090882
2123579
2068685
2077077
2109147
1980279
2028592
2121546
2100795
2032378
2147232
2112252
2087011
2064302
2075775
2045714
2125350
2126147
2029876
2083021
2084760
2092007
1999105
2127821
1989901
2116775
2077235
2051737
2090687
2089473
2029310
2104612
2094447
2086828
2099953
2076736
2105328
1820565
1892081
2062638
2154213
2619412
2041483
1994894
2063555
2102827
2101357
2069581
2123966
2138437
2071924
2120496
2069211
2104492
2078571
2076177
2011495
1984898
2103685
2071735
2060117
1976085
2237856
2025660
2107091
2064090
2051657
2083823
1737268
2104737
2086861
1978553
2083907
2113082
2074128
2091437
2104495
1950932
2009734
2178039
1820976
2036068
1950147
2076635
1836255
2117487
2058034
2051503
2098841
2080369
1871119
2207699
1785051
1934518
1907619
2187225
2040012
2163999
2067171
2062739
2158700
1956883
2046133
2032121
2078414
2039457
2045827
2032672
2105647
2106837
2070866
2109300
2108048
2063999
2029349
2109626
2085727
2292107
2102116
2077280
2033015
2101848
2078471
2078943
2098127
2057387
2015455
2116317
2055106
2047559
2115667
2059017
2094648
2102666
2073625
2080607
2100754
2087317
2094696
2073691
2076881
2045475
2100327
2069789
1995460
2129707
2080925
2105020
2102472
2066105
2088679
2129685
2092790
2089760
2104367
2080649
2072936
2067497
2106228
1948759
2068998
1965633
2087848
2051315
2018657
1955339
2049377
2051364
2029510
2058168
1928334
2030038
2067274
2236343
1915995
2103242
2017397
2034600
1941822
1971196
2026437
2104037
2022820
2012560
2014587
1960451
1986965
2061014
1980945
1924356
2170535
2063402
1909249
1958296
1502396
2259958
1991523
1903893
1981033
1818756
2032775
1962508
1932574
1928587
1954784
1997467
1964290
1984626
1957474
2039551
1937020
2096324
1984962
1897665
2085766
1930150
1951285
2051542
2027476
1908445
2027249
1958664
1957064
1968433
1966476
1964694
1952767
1947494
1952675
1952886
1995517
1966066
1886900
1894586
1952870
2090587
1947527
1949473
1938174
1910087
2074399
2140954
1868672
1972024
1958508
1910126
1986359
1772595
2078457
2060321
1987174
1836667
1998881
2057229
1834699
2022367
