4552967
2669597
2550701
2708590
2711340
2599595
2653010
2520412
2594946
2620136
2669074
2613204
2664307
2616900
2550689
2632867
2630071
2633000
2747535
2680500
2689464
2524663
2620488
2735785
2882020
2650418
2701324
2682770
2645716
2599883
2849586
2717404
2768596
2709989
2762323
2535681
2586211
2563477
2606368
2624321
2748931
2975666
2663190
2661152
2799060
2689433
2606477
2565131
2696084
2756168
2685819
2681973
2755513
2684015
2620952
2474574
2600918
2605723
2662537
2343963
2574361
2541381
2644888
2693381
2476516
2538015
2727049
2437304
2509789
3178927
2678668
2615621
2641569
2559392
2686311
2341834
2618100
2500053
2532082
2422175
2600162
2406738
2661667
2572460
3220783
2444245
2495489
2392992
2609948
2691317
2664710
2617921
2759689
2506356
2663478
2681554
2718799
2632915
2627122
2618818
2635030
2718464
2796496
2676888
2819390
2792986
2594303
2684259
2663214
2608293
2763053
2700638
2682488
2652029
2612766
2626609
2577927
2727575
2562807
2693970
2743329
2732210
2653858
2740106
2630817
2723689
2392918
2503315
2814227
2814970
3614972
2578240
2614744
2581107
2437671
2623839
2470360
2498062
2425746
2532171
2583746
2417326
2324640
2540816
2441361
2272763
2065987
2423876
2287746
2376828
2441090
2253464
2435856
2350219
2392544
2417544
2257533
2255286
2441809
3152298
2404609
2328966
2491516
2279848
2375484
2371600
2315895
2296336
2472741
2413181
2369709
2456706
2284303
2495185
2471102
2272068
2509255
2467425
1967188
1725489
2542787
2294084
2492196
2566233
2317177
2253604
2337893
2517360
2477782
2704164
2751310
2572916
2596151
2487517
2575033
2611433
2471012
2458621
2609487
2643877
2500931
2573042
2628308
2534626
2683823
2286431
2635222
2658076
2642503
2561031
2567938
2542133
2623612
2564963
2599191
2542263
2329537
2580207
2497325
2603687
2603943
2513640
2604419
2506940
2635908
2636696
2476065
2441982
2608179
2550461
2643132
2568310
2599287
2575701
2743599
2289333
2580899
2538820
2547176
2478607
2612818
2648452
2677985
2575044
2695974
2540012
2498360
2526314
2626880
2586957
2480394
2519512
2679216
2051515
2483600
2565644
2460569
2501051
2568913
2567817
2524659
2498158
2541445
2552006
2743125
2493771
2511982
2618908
2635058
2512220
2612760
2526946
2629682
2597816
2675148
2556038
2519850
2607853
2694090
2622225
3966252
2238724
2598176
2212908
2293743
2196425
2162268
2254522
2413548
2457165
2468095
2472488
2649048
2648163
2822408
2465676
1979422
2660347
2637755
2122710
