4386310
3001072
2821410
2821088
2850669
2744434
2549160
2611292
2723772
2714672
2621236
2613350
2593839
2752028
2261880
2447533
2345301
2832364
2508500
2512864
2730908
2476335
2700144
2739759
2728504
2622833
2768697
2422751
2541507
2714159
2734957
2769487
2703058
2662199
2672461
2621197
2362883
2440281
2763504
2640642
2380959
2531231
2582057
2597837
4215162
2580867
2656048
2367147
2538930
2308425
2681613
2874950
2330797
2786314
2638937
2552912
2674626
2554657
2679585
2535846
2870735
2774624
2772622
2782633
2672451
2765908
2644633
2780522
2622997
2760558
2831750
2712287
2542290
2792817
2690101
2615862
2678593
2695153
2748793
2800823
2712251
2733978
2804119
2558146
2767306
2736644
2791936
2562820
2795168
2676721
2768130
2795967
2716623
2737094
2752198
2579834
2697706
2806759
2642157
2576256
2765383
2636347
2648671
2489472
2523901
3067706
2565015
2659367
2714017
2392778
2612402
2640967
2495513
2601295
2785439
2611958
2722289
2625542
2750726
2690232
2808103
2628703
2661926
2715947
2566090
2629702
2596090
2632676
2689176
2711591
2683557
2666915
2582697
2749651
2685856
2710812
2716719
2783307
2733574
2776985
2684797
2715428
2872884
2803708
2887944
2687828
2751605
2601468
2882800
2727562
2768513
2840260
2683497
2699461
2869749
2664707
2798545
2747583
2726066
2669342
2743173
2787534
2664442
2681633
2719735
2619278
2671893
2650765
2758458
2745743
2637076
2607215
2829891
2644239
2584786
2703876
2794129
2358771
2753022
2654752
2575431
2569462
2645577
2562816
2794738
2660587
2463251
2622105
2505345
2429725
2584736
2892289
2378202
2513038
3989597
2614270
2685712
2687657
2583114
2841442
2689278
2713914
2861300
2582657
2626411
2647833
2693418
2633064
2831473
2620743
2717598
2748933
2769787
2689604
2493599
2503189
2445773
2714668
2591971
2465365
2320778
2806532
2697706
2427129
2505240
2505465
2571366
2538526
2760696
2766344
2756283
2745204
2840083
3719714
2719082
2597416
2842107
2561215
2821607
2644475
2796530
2760474
2556757
2496182
2241056
2643143
2621751
2442944
2742478
2541874
2465149
2728749
2604854
2754233
2704936
2663577
2721331
2707528
2736265
2495005
2695257
2686711
2864458
2780607
2705834
2553330
2788450
2543347
2749854
2645393
2686655
2652382
2647802
2649211
2702538
2789982
2710171
2783223
2680348
2527014
2792324
2686058
2598422
2895186
2683311
2501094
2757222
2758735
2666417
2768441
2766743
2686827
2859625
2708512
2640116
2710702
2770199
2546717
2727538
2659583
