2365757
1936489
2123047
2190480
2165745
2223470
2190713
2155661
2172989
2274497
2379588
2129836
2269036
2096270
2255055
2203167
2263196
2235163
2250781
2141884
2170520
2122188
2236924
2121270
2133504
2200672
1988171
2216033
2190412
2178489
2315924
2307057
2228911
2231487
2197893
2194502
2307547
2253946
2238880
2333940
2057888
1972129
2141829
2130909
2049859
2126157
2199644
2181942
2192471
2204391
2264674
2188396
2258440
2249483
2232886
2361829
2087462
2298454
2190769
2036508
2342445
2059431
1869891
1956729
1851025
1955908
1974957
1896966
1842398
1946096
1912657
1848849
2158051
1862914
1958831
1708129
1824897
1709207
1680228
1796172
1714200
1679435
1796849
1706417
1730902
1756336
1675457
1732499
1799370
1772584
1771082
1771298
1762487
1812794
1755706
1727480
1680105
1728635
1727248
1721572
1770347
1712342
1849039
1751892
1717783
1869822
1740918
1701325
1826162
1670461
1924427
1920127
1817602
1801659
1932300
1856104
1786654
1830483
1914888
1811819
1846128
1900489
1814963
1831517
1822253
1748195
1834558
1803118
1824799
1744701
1689751
1771887
1747736
1798718
1752902
1759874
1787967
1742239
1816607
1695387
1868383
1960880
1812966
1795300
1836559
1457051
1580415
1626983
1685801
1827592
1634863
1580052
1600671
1744630
1445717
1566886
1555250
1570566
1639217
1703225
1598624
1514175
1754681
1686106
1649677
1838424
1877648
1694470
1808508
1663046
1651967
1697924
1674607
1707910
1740055
1771950
1569241
1744526
1685944
1716962
1768123
1760458
1765089
1718060
1726646
1704387
1700957
1736452
1649150
1706634
1769762
1673444
1850026
1876285
1818035
1912936
1727115
1825762
1837705
1724445
1874343
1765407
1925219
1796683
1769995
2025840
1657232
1673707
1705830
1790659
1711024
1751149
1682728
1703300
1653613
1737930
1710378
1641645
1680232
1811886
1700522
1664692
1775386
1742588
1757973
1658521
1831640
1709253
1707336
1690913
1702107
1735028
1685591
1744391
1654913
1628281
1673015
1722399
2031797
1718155
1856686
1782991
1718990
1847957
1754009
1780115
1736076
1735525
1770095
1767996
1898049
1680027
1799288
1791295
1768022
1798555
1747174
2993139
1851097
1733748
1723565
1729711
1706323
1708351
1667270
1663937
1592032
1718082
1738538
1563600
1700485
1729288
1649036
1662891
1763577
1658541
1644238
1717432
1720753
1623475
1680968
1573941
1653058
1630652
1668820
1619739
1623884
1617555
1624152
1590830
3473629
1814688
1524980
1626577
1690734
1700814
1580381
1683173
1677363
1662355
