1721298
1391996
1460798
1350594
4471303
1547791
1692357
1492305
1625148
1682462
1744797
1651406
1750990
1755163
1729471
1650925
1744934
1738769
1647965
2144487
1768674
1808383
1619194
1732139
1764604
1831541
1794637
1850277
1770167
1786461
1765595
1644872
1780960
1754117
2113560
1788526
1702833
1692444
1734846
1630785
1727241
1624451
1637235
1731650
1714194
1815743
1708816
1703288
1656115
2209870
1678460
1757610
1615215
1715796
1762758
1806547
1676953
1697110
1731433
1729016
1589353
1720697
1670836
1756671
1690503
1673936
1739557
1732961
1717694
1638582
1712648
1663722
1624914
1763290
1690239
1768575
1611829
1691679
1765503
4868636
1746816
1617305
1668524
1605792
1606409
1628800
1654222
1495883
1475208
1684135
1580102
982639
1703064
1717078
1664379
1771592
1614972
1711736
1755395
1643065
1667730
1675240
1638879
1673077
1783366
1674370
1671626
1789947
1816168
1731487
1743595
1637526
1675607
1778386
1740474
1764114
1779163
1726109
1661140
1790166
1830589
1784646
1903474
1809840
5078856
1795577
1574422
1766675
1792516
1678000
1778256
1716257
1759405
1770801
1786383
1754031
1786823
1744154
1629920
1760691
1781540
1735923
1663396
1719816
1612479
1627064
1755233
1659279
1686947
1691375
1556804
1716649
1716238
1741602
1703946
1647241
1775137
1854378
1947513
1569319
1824921
1719165
1660981
1827377
1842959
1636595
1726053
1769883
1751728
2729439
1839653
1751830
1829581
1824601
1625730
1814013
1839379
1643241
1813656
1827068
1747557
1813182
1832267
1756728
1772017
1778203
1599869
1755579
1660039
1647542
1610059
1715718
1482300
1551933
1763331
1376559
1443208
1659002
1441323
1528809
1663722
1450198
1647671
1582652
1432617
1707829
1701544
1472005
1537099
1748921
1478498
1678487
1690700
1554527
2800730
1660588
1551390
1732691
1706290
1565754
1726690
1704632
1472094
1729096
1714231
1429207
1690716
1691612
1506150
1701594
1722951
1514843
1703287
1694746
1539095
1670380
1730954
1802453
1771251
1766807
1753664
1605556
1765981
1617326
1725190
1778974
1633305
2897646
1678180
1549325
1580580
1551535
1442771
1603112
1492957
1502005
1573013
1576315
1579270
4903330
1542965
1576181
1663610
1648186
1543523
1642896
1655245
1626043
1625579
1632590
1586388
1644038
1632121
1603353
1600260
1626530
1593269
1605094
1643050
1588889
1646210
1634920
1584678
1643678
1650531
1589783
1635876
1642791
1555515
1588705
1650935
1637353
1405420
1721594
1552222
1648477
1650291
1503434
1630883
1625614
