2212645
2020841
1944151
1682874
2130412
2228303
3175369
2232156
2231097
2228866
2213836
2170230
2280601
2136540
2184156
2185046
2259469
2145485
2051745
2153769
2172020
3269419
2237691
2212003
2329942
2241378
2170446
2161969
2382962
2171275
2334903
2340514
2297447
2245530
2373563
2284366
5452439
2192696
2334562
2258690
2031659
2345258
2279213
2392739
2273013
2274191
2473307
2211960
2182125
2290318
2265064
3401696
2238576
2268782
2283140
2288491
2337582
2206912
2269322
2263967
1907069
1933141
1987118
1961194
1964758
1960084
3290299
1965903
1917775
1940487
1970014
1952777
1808251
1972652
1824846
1985824
1974212
1954369
1942153
1999977
1827286
5146793
2001867
1934645
1965204
1963153
1912402
1979567
1958471
1941873
1989383
1901319
2060950
1988474
1917903
2022798
2395693
4112663
2004208
1974007
1600169
1898335
1694740
1961393
1890552
1841788
2036302
1724095
1971209
1855279
1997277
3370300
1932868
1999828
2000243
2000214
1987897
2023750
1964624
1972533
1905676
1934807
1999753
1963096
2059969
1913524
3246522
1893912
1908208
1956553
1910823
1962293
1871931
1874516
1904397
1908539
1886458
1962563
1884607
1925802
1951803
3941099
1971079
1910893
1901044
1902373
1982078
1935323
1940567
1976193
1962553
1913067
1785865
1913117
1843236
2107235
3270630
1885309
1970687
1899957
1874375
1914603
1855238
1911482
1928611
1859662
1796739
1899504
1843382
1832305
1894541
3250878
1773715
1860092
1867702
1887966
1835582
1907323
1832742
1866922
1857252
1906406
1857219
1916123
1797461
1825688
4403905
1931788
1742779
1673820
1618712
1602828
1717694
1978227
1890122
1809095
1921447
1905072
1872702
1829755
1888501
3286839
1828275
1905957
1775052
1888331
1886179
1799901
1838685
1904399
1729965
1844961
1869738
1845731
1821956
1864072
2888363
1840449
1900007
1779595
1834778
1897294
1772281
1869472
1901842
1847087
1867476
1892632
1811876
1903322
1823692
5096285
1784120
1894017
1850046
1884442
1837946
1860977
1864994
2018435
1863195
1889315
1901401
1888966
1868802
1899232
3581507
6132707
1896478
1868112
1866425
1854143
1893650
1851839
1900396
1900682
1875556
1854228
1945882
1880057
1898788
4065554
1879287
1875168
1855217
1895089
1865799
1902703
1844572
1909549
1869312
1873670
1857647
1930459
1836887
1864165
3129547
1892261
1853711
1857036
1776591
1888024
1852102
1895922
1891626
1854703
1845475
1868725
1906772
1890178
1885651
3974840
1836866
1882506
1909357
1977334
1832186
1992893
1901147
1795071
