5620633
1888668
1970629
2198734
2319121
2211401
2186439
1936036
2325074
2281553
2142263
2291666
2137294
2181716
2258409
2215724
2171719
2207035
2173458
2193219
2262157
2278204
2052038
2350241
2369190
2298923
2327278
2320666
2256655
2188431
2275424
2240524
2319363
2275454
2113213
2199532
2258329
2147319
2176594
2187489
2187384
2222904
2260759
2208194
2240716
2382116
2098682
2316264
2336339
2295842
2339475
2401455
2131182
2316182
2327524
2244219
2309008
2190733
2201848
2178511
1944884
1977796
2030491
1984509
1933763
2024801
2032985
1943260
2063925
2093457
1978903
2047687
2041741
2007710
2045171
2123936
2009826
2094527
2123976
2038658
1970904
1985351
1916020
1904791
1923100
1870691
1883576
1898234
1897426
1881285
1939079
1894009
1901764
1965516
1909306
1934801
1855246
1955531
1939410
1865767
1941079
1940905
1889966
1930254
1913030
1948821
1922036
1946419
1933597
1930405
1913845
1961089
1925351
1908824
1952760
1927500
1914694
1947626
1940100
1896474
1718768
1949463
1846968
1697952
1850404
1773806
1687464
1798458
1764438
1768905
1877165
1709144
1708776
1788979
1821345
1780590
1871213
1811279
1748799
1808460
1728134
1800777
1783910
1740298
1722780
1782949
1825180
1771219
1657114
1737716
1785475
1802775
3184391
1775593
1754957
1794639
1702328
1745848
1825528
1800264
1821033
1768656
1746016
1811884
1764544
1818699
1869794
1793204
1793684
1841945
1886247
1665808
1652372
1832937
1638478
1753268
1755372
1800730
1602141
1645962
1689583
1811939
1875477
1877950
1830294
1820569
1773063
1850230
1895614
1798155
1926869
1890056
1839386
1919998
1883150
1804985
1931768
1965344
1889866
1921641
1894913
1844125
2143482
1889035
1902746
1968201
1885961
1904321
1945574
1808783
1932711
1919644
1883246
1904346
1924480
1832137
1883794
1960890
1909194
1891168
1910277
1903624
1946460
1904501
1889594
1944741
1865614
1818480
1898229
1920366
2108291
1964934
1916389
1894909
1901885
1912656
1892578
1891505
1926167
1903364
1882106
1918525
1914336
1959660
1923016
1889489
1896627
1842386
1902429
1955186
1932053
1897616
1921380
1935969
1896844
1907316
1943135
1868429
1953957
1890494
1875975
1959766
1874995
1923956
1916267
1878124
1864527
1910898
1893271
1887696
1905596
1988606
1965443
1818356
1958882
1758497
1753789
1776367
1723245
1756201
1846779
1816820
1766797
2129829
1744101
1854481
1866355
1787679
1839892
1854380
1758924
1805589
1762099
1791780
1807214
1827341
1830185
1903141
1832195
1920807
