4064438
2723651
2591948
2521149
2806093
2848611
2707820
2340707
2294723
2674419
2791399
2796395
2610447
2790915
2702738
2708221
2489278
2836476
2630710
2793095
2839691
2722404
2826179
2799877
2667969
2622798
2844536
2611443
2670897
2763996
2585398
2573043
2749980
2576516
2659693
2815315
2689308
2619750
2798805
2610807
2699349
2759568
2716245
2767764
2722839
2704704
2609457
2683213
2654156
2779349
2797696
2769150
2578145
2756951
2659747
2820681
2803759
2533771
2629769
2688514
2587294
2517658
2701490
2650009
2730191
2665544
2695894
2639004
2667573
2623690
2747651
2772745
2738489
2692749
2777556
2592770
2554375
2742414
2658910
2669127
2756457
2673399
2633793
2847221
2748815
2787469
2793005
2667313
2777000
2428342
2572639
2681593
2696883
2353842
2404928
2432065
2512092
2507214
2465405
2563872
2660938
2497348
2638565
2614366
2570829
2617706
2473340
2467532
2579409
2609290
2496957
2607476
2561099
2579931
2566963
2514087
2556757
2471494
2498808
2599108
2553783
2470792
2521334
2458046
2488382
2522379
2557573
2536553
2515412
2564298
2486634
2470860
2571603
2537804
2480647
2467355
2417658
2325235
2367458
2420627
2503147
2618661
2268241
2852038
2617858
2561969
2056480
2576263
2483003
2192816
2392628
2238754
2537728
2472802
2428708
2495483
2597783
2458352
2301434
2568228
2485069
2359041
2582563
2524995
2665333
2559133
2417891
2515493
2528606
2548845
2364635
2625616
2448623
2465698
2662975
2675334
2605020
2578739
2624234
2424928
2332054
2496908
2514031
2614960
2630400
2573454
2495242
2381976
2584172
2611083
2669510
2635221
2482959
2447583
2888236
2536015
2534609
2567513
2660118
2729950
2591410
2673733
2755831
2459977
2615682
2780770
2593077
2574069
2749654
2680325
2559174
2601909
2588049
2576954
2620250
2647541
2716338
2659740
2600950
2638563
2685228
2620600
2591879
2499142
2637912
2626149
2432472
2573542
2527367
2604702
2561529
2715254
2724199
2363047
2599943
2532714
2593610
2583568
2548670
2581559
2594675
2609198
2809684
2478003
2601055
2777314
2341214
2623870
2478855
2555915
2531002
2315706
2570295
2394127
2418668
2549009
2510558
2592947
2545095
2604019
2453534
2540319
2659373
2492882
2558882
2570409
2550613
2549816
2427832
2638145
2594625
2480458
2647967
2566298
2713500
2690065
2608263
2569607
2645986
2543103
2626409
2662809
2609574
2698490
2648773
2547928
2542629
2597569
2697090
2591787
2686251
2633907
2523015
2571848
2608739
2643024
2599589
2647968
2669855
2625611
