1703680
1496222
1343684
1516250
1451040
1439279
1600336
1546695
1539903
1679077
1582252
1634966
1704252
1692831
1378498
1437316
1315171
1627071
1504492
1581885
1562469
1488596
1559659
1547426
1496924
1441403
1515183
1623500
1446642
1533845
1499221
1479946
1444308
1480322
1486820
1556048
1500964
1570273
1528669
1572883
1509523
1606788
1583013
1632191
1657173
1622972
1583706
1757750
1663875
1749529
1701001
1688558
1729385
1619850
1738287
1687624
1659257
1763085
1689345
1662731
1744050
1638530
1763155
1661124
1714461
1698914
1679222
1703351
1700020
1653035
1759269
1618347
1740678
1692375
1696149
1640950
1669047
1758932
1748468
1758151
1608940
1736854
1675207
1620846
1674204
1617793
1505962
1681891
1476007
1698525
1699655
1549830
1803756
1703488
1664260
1515984
1600251
1530239
1518074
1552856
1457758
1468477
1467835
1593119
1422693
1648501
1651270
1622074
1643402
1604660
1627461
1759332
1364314
1644810
1648620
1647934
1671133
1636897
1650130
1577977
1632489
1636734
1582978
1658430
1646607
1538650
1655146
1614569
1574529
1647523
1472778
1578920
1660392
1624664
1622960
1639513
1550710
1621937
1622398
1672885
1646586
1655795
1671290
1581273
1630418
1635283
1559865
1637653
1637624
1615424
1667377
1600371
1573028
1823248
1635889
1561983
1638747
1556059
1558905
1648861
1549482
1585900
1627287
1569530
1600064
1634806
1580739
1599528
1630726
1601281
1567689
1632012
1588073
1576327
1621461
1633854
1539459
1540359
1619216
1576973
1639877
1604099
1537785
1633906
1481003
1550025
1589341
1635919
1448127
1601070
1647232
1567627
1633330
1644961
1587466
1621140
1624992
1611978
1636024
1551647
1579454
1631937
1649770
1535582
1628369
1508501
1692825
1637164
1522218
1619063
1625090
1491062
1531009
1630574
1615606
1617799
1633672
1499179
1552360
1707253
1637691
1698679
1649240
1648384
1607186
1599539
1651056
1690170
1632057
1707347
1572176
1703262
1699226
1661660
1711756
1719376
1649575
1832866
1737703
1673074
1871221
1685795
1728041
1783282
1820056
1619598
1784370
1722901
1717158
1789447
1755978
1718588
1799228
1732499
1631081
1802962
1704901
1775315
1776665
1710309
1778938
1773438
1754396
1736578
1773342
1735327
1661988
1770151
1764824
1648027
1739998
1733568
1639830
1780762
1786862
1760647
1757629
1754240
1712152
1808497
1777662
1707389
1789081
1824271
1671759
1810062
1759170
1721963
1799911
1780222
1897654
1896660
1914845
1945312
1759390
1707270
1510256
1529918
1582471
1569324
