2312086
2253494
2162892
2211442
2183238
2143532
2156033
2089643
2094982
2262946
2135478
2103609
2166945
2013121
2099380
2180501
2014019
2075660
2231650
2157419
2095600
2098582
2052436
2164497
2182279
2094493
2153061
2122838
2069188
2468134
2305648
2323943
2199519
2282367
2207069
2223321
2213027
2262086
2364429
2207409
2220113
2328336
2283444
2229840
2376759
2302291
2133869
2364124
2188430
2352658
2274487
2315367
2242501
2284178
2249747
2426977
2243544
2185014
2278449
2020358
1899918
1940438
1945492
1896882
1973029
1954372
1949640
1850317
2102991
1977683
1956536
2007031
1983506
1845023
2028842
1934072
1913189
2024720
1969570
1947869
2139587
1983294
1862841
1918132
2043700
1867298
1980459
2008810
1890690
2172577
2006952
1940488
2014009
2026052
1675289
1994616
1855154
1861912
2103139
1979599
1947093
2057719
1897864
1767946
1998201
1906683
1935587
1969901
1970806
1938988
1967684
1982988
1953038
2015078
1847598
3797437
2047951
1895728
1845167
1946349
1996534
1920515
1910972
1876098
1775608
1846740
1886502
1785366
1817273
1913167
1899818
1862768
1927341
1805148
1924129
1993911
1878102
1958196
1968877
1873471
1928896
1926285
1784368
1914244
1888600
1770299
1944472
1940134
1793597
1940473
1885257
1969290
2026330
1936271
1926999
1863695
1777233
1873601
1843807
1878719
2085888
1910589
1878271
1968726
2015475
1997095
1882111
1936573
1879622
1828317
1801813
1949135
1857754
1856410
2009914
1952569
1980334
2016221
1805463
1973442
2038027
1959700
1985862
1955352
1856933
1972399
2020456
1906123
1838527
1877463
1873257
1892384
1980846
1985702
2000057
2023120
1873732
1961535
1948817
1953537
1930853
1954566
1842126
1882245
1924193
1951642
1885950
1937834
1916139
1894029
2043996
2024990
1987823
2019493
1926935
1861638
2021200
1937426
2022290
1823171
1975949
2019817
1855961
1949245
2053974
1960684
1963516
1978526
1874485
1856474
1983186
1961731
2014599
1967346
1954358
1851667
1920025
1996006
1935245
2169442
1972545
1817491
2012826
1884264
1888968
1906261
2010624
1856728
1949845
1950483
2004932
1949332
1934509
1920402
2056277
2046446
1953028
2015016
1953112
1902258
1978612
1913535
1890141
1952679
1938904
1918686
1944771
1996634
2034842
2014267
1954905
1929076
2061747
1845353
1830880
2000583
1971220
1953666
1953975
1848038
2054796
1955053
2000976
1922284
1971716
2010048
1905474
1895679
1972431
1691036
2162639
1855518
1860688
1851124
1879388
1792336
1915989
1870146
1935603
1952716
