2127405
1345914
1576579
1339266
1703240
1841341
1550242
1706053
1833740
1767279
1753459
1850461
1728581
1892557
1553378
1477323
1838910
1573861
1324441
1669874
1675245
2071680
1646103
1552733
1462657
1677464
1653430
1678640
1790573
1755242
1693755
1691550
1740489
1577920
1736213
1724171
1572388
1720939
1726074
1549242
1730856
1660024
1667117
1630293
1695234
1479447
1724358
1669028
1603252
1679479
1789155
1699667
1937981
1745979
1651039
1710921
1816405
1790518
1753334
1401958
1548642
1707364
1794272
1593395
1654529
1689700
1507516
1893970
1721686
1682199
1699582
1726356
1577715
1707289
1698794
1568501
1710713
1697311
1730232
1673521
1720935
1566299
1686418
1808196
1653759
1632886
1794027
1610248
1726172
1813804
1543609
1687680
1712308
1738251
1703939
1724938
1774446
1683253
1721599
1509344
1668459
1710673
1580599
1664746
1795088
1597685
1709000
1705720
1662589
1951758
1811906
1589724
2851555
1492434
1536185
1487008
1676783
1277055
1559444
1580655
1393187
1611803
1719516
1401328
1716634
1636425
1423420
1734517
1605554
1612996
1626084
1670340
1493168
1642238
1560383
1488945
1829539
1746500
1632692
1739305
1605745
1518212
1748100
1661237
1566884
1740458
1701094
1530923
1561906
1529748
1613858
1690189
1631156
1620049
1616068
1631042
1822153
1620284
1562337
1528952
1620822
1537082
1571483
1612712
1609542
1489597
1586461
1615471
1481548
1599459
1619189
1511459
1412971
1483881
1598602
1388844
1411044
1415569
1382255
1548828
1340411
1389210
1557872
1330998
1365798
1536388
1589105
1355214
1604604
1392778
1365890
1561431
1344747
1410074
1599468
1307789
1358154
1481662
1341179
1396952
1435438
1516538
1511576
1604399
1470115
1543052
1616839
1410662
1353773
1575821
1362058
1318851
1435344
1420542
1466313
1525860
1561784
1518653
1520882
1546125
1521894
1610338
1468404
1387127
1575105
1498534
1508258
1512832
1495268
1464938
1488452
1732721
1485559
1493304
1433897
1487169
1576548
1766070
1661083
1655795
1757896
1611498
1647662
1485991
1652355
1603668
1540474
1506872
1694321
1462854
1446669
1734815
1389737
1551451
1589901
1440201
1600883
1502205
1188728
1489744
1579548
1426968
4336019
1656005
1440497
1664173
1596535
1595628
1592888
1627905
1461101
1638654
1658269
1458862
1631632
1712069
1466068
1646183
1705240
1587652
1641809
1681079
1694703
1637630
1657447
1617823
1646452
1564088
1595217
1643742
1616466
1603592
1656420
1678060
1443447
1723199
1678765
1516870
1605978
1694460
