2379608
1808043
1955340
1955211
2152045
2061119
1941537
2101271
2161881
2299231
2370510
2178117
2288565
2226421
2231678
2280817
2161776
2389501
2253687
2319171
2206191
2231626
2134593
2301052
2265413
2125122
2226536
2238868
2260721
2244942
2358279
2388590
2158311
2256693
2222192
2155364
2277060
2366957
2234961
2374860
2305397
2219053
2276801
2326617
2343732
2383415
2311724
2271127
2229843
2345271
2292371
2247414
2335761
2238853
2367802
2271406
2254961
2428146
2435332
2254321
1901577
1900797
1933494
1877725
2052247
2005132
2025468
1945315
1942204
1972271
2040107
1928329
1999967
2063638
2014909
2102510
1982322
1993388
2092322
1959337
1938571
2064348
1997678
2009447
1991948
1991048
1868732
2068731
2007257
1952452
2038858
2067031
1813022
1997520
2024716
1918358
1998641
2080653
1925682
2022589
2055673
2069421
2064228
2028333
2023968
2047063
1849674
1606907
2305729
1920687
1837063
2002118
1991098
1766578
2005612
1862227
1899930
2060647
1935611
2064367
2245354
1965601
1942588
1875617
1947831
1845788
1859447
1978601
1880760
1892343
1922087
1932998
2033513
1986320
1896192
1954973
1904254
1850101
1920654
1930038
1919613
2003441
1940336
1953148
1902419
1936959
1926171
1983010
2081412
1949207
1947616
1894057
1955710
1949872
1888857
1908317
1952617
1891505
1980418
1956383
1883001
1835472
1939582
1975451
1948093
1879797
1984277
1965228
1939227
1934036
1958931
1905462
1940667
1927408
1955808
1919757
1854686
1921648
1912269
1944086
1920431
1888156
1939952
1861551
1927152
1820973
1887283
1881947
1964988
1792698
1926507
1884291
1939757
1988380
1758419
1917707
1914172
1936252
1891747
1925894
1876348
1871861
1915537
1990497
1830103
1891173
1791657
2094987
3345005
1862733
2047181
2014851
1579425
1627802
1979391
1935528
1881058
2006882
1790572
1953214
1756378
1809046
1915066
1884857
1915961
1920991
1877522
1919258
1804844
1867047
1954036
1849181
1930208
1958501
1927773
1941038
1664638
1918948
1769921
1957265
1856981
1800365
1828627
1804945
1812501
1810064
1870547
2076686
1852654
1804071
1974113
1889047
1786781
1934892
1924804
1863491
1922455
1922947
1912397
1729446
1994612
1953363
1894954
1905676
1946976
1901831
1873962
1971301
1877794
2000008
1992512
2160867
1936591
1673148
1758249
1657029
1813426
1793207
2042903
1882573
1845145
1691864
1896614
1899423
2301407
1965288
1967383
1822830
1969802
1921458
1935401
1965088
2002172
1820247
1910661
1972438
1807122
1920328
1903796
1863337
