2583932
1953572
1794919
2117510
2119014
2203874
2203490
2171007
2231149
2221484
2173758
2202175
2225979
2088084
2101919
2083979
2256146
2031936
2327565
2431079
2053675
2060207
2106598
1833352
1826949
2109627
2071624
2101388
1797036
1850376
1949184
1853616
1916983
1942997
1894609
1858427
1788249
1912022
1851553
2027400
1946847
1798450
2051697
1821900
1939376
2068794
1949062
2002233
2014066
1933933
1945490
1899380
1982264
1940257
2008581
1969796
1979632
2077812
2142048
1816936
1612812
1591905
1603220
1630330
1727321
1642929
1604260
1651020
1627090
1657134
1644821
1626567
1647184
1646158
1627770
1705236
1650565
1598926
1697934
1794690
1796795
1838260
1845656
1976817
1766306
1846666
1703151
1795580
1924707
1756970
1769479
1807826
1684290
1792799
1682515
1779848
1721010
1874959
1772449
1771181
1857781
1792152
1764493
1784394
1717299
1845865
1847007
1657379
1792523
1796626
1791528
1739329
1832037
1761456
1799446
1738434
1701099
1765209
1857031
1761795
1753427
1781890
1570728
1747330
1677191
1706789
1714698
1730923
1572896
1742205
1746025
1702155
1683329
1704775
1599141
1715586
1728335
1605788
1682758
1619494
1621370
1743010
1737939
1719804
1658819
1723990
1630449
1684278
1758814
1713229
1673459
1708455
1679629
1726692
1729131
1713124
1670582
1708663
1706881
1981924
1712011
1668418
1756726
1718545
1636184
1618548
1738202
1704839
1926272
3953515
1775749
1828834
1828049
1799350
1787210
1819499
1756585
1826806
1763801
1791761
1828857
1820876
1669581
1842827
1829226
1727376
1762941
1814190
1722484
1781252
1842759
1710911
1707680
1821645
1806625
1793201
1821695
1920941
1838499
1814171
1829825
1837877
1842140
1773030
1781987
1827852
1753113
1620618
1824990
1791451
1773956
1852377
1817910
1784910
1794096
1767096
1843740
1692799
1508484
1824114
1707340
1681471
1620193
1817490
1743129
1699060
1749442
1750286
1769760
1740710
1752020
1752131
1678689
1722945
1751881
1765413
1695191
1833504
1719775
1760845
1798641
1688775
1757085
1770567
1702373
1764863
1744526
1766871
1952254
1806281
1797128
1800530
1812332
1826171
1760291
1698031
1818419
1820602
1835793
1734485
1802150
1753365
1778769
1703702
1709375
1823892
1811985
1761844
1829382
1855186
1810591
1809971
1848590
1779777
1795854
1801890
1779602
1795507
1801888
1766605
1833940
1699716
1771925
1802319
1802492
1747984
1803406
1725788
1779240
1734652
1791243
1822022
1792966
1750226
1725336
1853012
1761993
1771554
1728331
1841216
