3036051
2018593
1893989
2023394
2115442
2028901
2160810
2071091
2089223
1924342
1896311
2083326
1897777
1918714
1467080
1819016
1821166
2034236
1817192
2101615
2063967
2091095
1970528
2092316
2060441
2074339
2071221
2073187
2055262
2043387
1851694
2097266
1954350
2019975
1963014
1930498
2670287
2076801
2060669
2068237
1884088
2120786
2048221
2004339
2097878
2128622
2014306
1978219
2059561
2018654
2026775
2208546
1964004
2066119
1995888
1966334
2082201
2071491
2052561
2075551
2021568
2091207
2011857
2053975
2031737
2110054
2654431
2098155
2092860
2076717
2027419
2027211
2024475
2310391
2026906
2059165
2011346
2009130
1890525
2451583
2008633
2150652
1945300
2150162
2020251
2020901
2028857
1965464
2107900
2061915
1984966
2043905
2016778
2015804
2047889
2022249
2097378
4444873
2077389
2042470
2101257
2063416
2003692
2018924
2067465
2059842
2082397
2064112
1983986
2124962
1965500
2091732
2100690
2045829
2035947
1960528
2009839
1991507
2099438
1947219
1982285
2097052
2010324
2039669
1949951
2004535
2096180
2054957
2164383
2120092
2073930
2102450
2047088
2107167
2061831
2019166
2054285
2093241
2069235
2082999
1988105
2083991
2070601
1955296
1810163
2058086
2088832
2087182
2212420
2026574
1910230
2145427
2037955
1871869
2056405
2042654
2574750
2016031
2056496
2063005
1941696
2010383
1973169
1940770
2055623
2033186
2090124
2063635
2088071
2073171
2077030
1958169
2156743
2017401
2054073
2029396
2020740
2108861
2074212
2001257
2044048
1993988
2010725
1989871
2015051
2074382
1986963
2009660
2010619
2035804
2012855
1924468
2083187
1936076
1992882
2074430
2062852
2016993
2033985
1798515
2124038
2513153
2003410
2028617
1990349
1916274
2008841
1953590
2071609
2095481
1927747
1909367
2105264
1923888
2003292
2016061
2166113
2129618
1986427
2026806
2120860
1800752
1754481
1824519
1840970
1770493
1899629
1831669
1793589
1835043
1866277
2327829
1761456
1828073
1833420
1773861
1827222
1721236
1827889
1815318
1839307
1868023
1816694
1826393
2079288
1847637
2077757
6152602
1784560
1865393
1546998
1864521
1671536
1779688
1955825
1764073
2001991
1769482
1704244
1859758
1882863
1718330
1914926
1713486
1773181
1913190
1706086
1805423
1859963
1703768
1759961
1719887
1568130
1810808
1703261
1701021
1945118
1957021
1827048
1903860
1978989
1818413
1931470
1871693
1840835
1903508
1999956
1831719
1909232
1934466
1946696
2309634
1994411
1838189
1860053
1832437
1839783
1862046
1825045
1838509
