3790650
2808878
2541953
2794677
2872859
2723669
2626669
2872083
2719948
2641590
2544475
2514309
2623459
2603567
2727966
2692453
2651248
2833903
2740587
2808379
2738873
2844824
2643466
2797603
2794912
2567747
2811692
2776221
2628477
2718515
2850510
2717644
2864054
2718776
2595960
2582226
2692018
2550794
2588208
2646906
2740683
2495179
2429285
2486622
2749234
2554713
2483525
2723630
2675609
2500313
2723858
2655358
2655377
2558051
2520497
2685349
2741709
2736924
2481307
2500130
2439130
2579863
2747632
2673430
3717804
2962212
2612431
3002099
2206974
3057781
2091936
2502530
2630143
2509912
2721609
2550002
2644263
2819619
2711088
2535669
2679527
2705959
2621376
2718123
2744159
2641974
2569851
2563069
2644170
2552309
2691599
2779191
2645665
2626295
2708890
2698325
2786362
2726481
2658893
2657185
2786481
2704979
2700220
2734254
2530591
2675440
2740859
2816982
2775639
2612769
2744915
2704146
2810728
2849913
2806612
2750659
2718740
2777663
2699071
2688836
2760745
2499033
2610165
2714239
2685566
2650743
2858780
2650852
2617480
2712433
2600039
2580146
2793289
2657399
2619246
2541580
2571523
2765632
2781674
2554609
2492331
2750822
2693372
2708458
2772602
2490359
2692632
2706799
2554906
2624891
2634196
2574412
2796209
2612895
2496029
2584690
2672776
2436785
2566525
2337534
2506859
2435651
2623739
2533452
2710646
2775820
2843913
2774588
2825530
2692554
2677660
2715756
2802848
2747866
2842579
2645669
2741502
2834033
2827029
2467085
2274369
2466367
2827059
2783935
2800739
2715998
2803124
2777916
2753115
2716744
2790090
2772444
2713665
2650313
2822293
2709890
2827179
2717539
2688106
2815160
2807004
2720048
2674012
2770209
2702867
2641731
2677305
2732251
2571137
2629591
2735644
2656276
2701443
2468905
2550062
4709802
2901708
2774760
2890735
2842243
2715641
2904055
2892529
2860545
2891849
2827095
2693869
2807155
2859752
2671171
2699556
2825481
2807895
2848608
2837286
2671070
2598421
2707840
2626353
2619044
2715949
2537757
2573218
2669832
2872302
2631334
2813687
2798136
2889344
2927006
2815830
2720309
2837839
2863552
2695416
2655884
2525197
2776805
2888597
2727401
2918993
2791172
2647119
2457999
2813304
2472760
2458235
2405880
2385492
2653540
2836894
2101095
2652899
2652114
2462254
2641655
2681196
2450690
2626436
2669220
2566897
2468853
2670713
2662640
2626531
2522040
2542755
2635718
2705086
2773265
2659201
2619172
2648925
2620221
2639284
2569889
2426907
2652575
2461511
2610565
