3086170
2047830
1925972
2019666
2014415
1952538
1990835
1950428
1985890
3518351
1996158
1934220
2017784
1979561
1974528
2036015
1917788
1864091
1868161
1900965
1808305
1989817
1991527
1940098
3502444
1926796
1898197
1942582
1921379
1947825
2010285
1993910
1849883
1926403
1952060
1869688
1897300
2002374
1885079
3347849
2000304
1857286
1777556
1973540
1893838
2035720
1992968
1922094
1936653
1997074
1967276
2001082
1994516
1946064
6192234
2004959
1934478
1987016
1988516
1940370
2057660
2010970
1929908
2011019
2007721
1934769
2001224
1998257
2207516
3641689
1951795
1940715
1730491
1869533
1977510
1913520
1943084
1727750
1785201
1994476
1732282
1700587
1803139
1847316
3158198
1832951
1857722
1929361
1923025
1829501
1932998
2002033
1980409
2037336
1952014
1949332
1877196
1909109
1929348
3249543
1952544
1944013
2020032
1997562
1920880
1954979
1982702
1942633
1929328
2022769
1954440
1891662
1934529
1745676
5833746
1979673
1790861
1961194
1960988
1888199
2001879
1931005
1893869
1966140
1934288
2028554
1749469
1938114
2320237
4118282
1992976
2017472
2121867
1963384
1952548
1914865
2021136
1951237
1987938
1900795
1887169
1950402
1954594
1927449
5148605
1916129
1788509
1933383
1975871
2001930
1916798
1973549
1934917
1932950
1850053
1870285
1844294
1960745
1950938
4084429
1919305
1913934
1864658
1912417
1858592
1817837
1923864
1830555
1828464
1942835
1832407
1967780
1948330
1922920
1899589
1919035
1840989
1890693
1924917
1962191
1965615
1962695
1957519
1996489
1978053
1955025
1927000
1896817
1950368
5372770
1914884
2009199
1905970
1932074
1948968
1907262
1904778
1897644
1969664
1952287
1984365
1922658
1957289
1926518
4422010
1914840
1909504
1878177
1956810
1993280
1910663
1927229
1889717
1991818
1919079
1731642
1847982
1820352
1752857
2040125
2132401
1811382
1759618
1812963
1653196
1781318
1718324
1665400
1765707
1913954
1797928
1778692
1865070
1771698
1718714
1680820
1476203
1698216
1771058
1677067
1730137
1719257
1673157
1752742
1859127
1915175
1870326
1796436
1802656
1763016
1863699
1585733
1703167
1860961
1784518
1765600
1758657
1791905
1794325
1830748
1759262
1763618
1862459
1763962
1841798
1863438
1789491
1748769
1781571
1897661
1778668
1671044
1618703
1738156
1699147
1542529
1657429
1819692
1571845
1807099
1868769
1763818
1772498
1657219
1881238
1774222
1710817
1738902
1775981
1788202
1759922
1864661
1872300
1770468
1761305
1801105
1774190
1772536
1771651
1899029
