5606920
2922775
2642968
2659737
2892430
2811300
2597629
2542065
2602519
2836775
2644590
2633203
2802920
2481745
2551211
2820010
2794696
2541892
2705265
2869942
2821529
2542896
2661808
2726209
2723538
2516182
2682818
2711558
2751445
2630777
2626022
2734172
2824160
2783676
2797246
2737393
2776715
2703894
2809492
2820606
2686422
2736105
2844647
2670225
2866800
2744923
2848211
2668497
3079263
2833680
2800464
2669255
2653378
2504845
2584527
2896137
2858546
2684108
2759556
2778921
2512093
2494661
2652843
2643294
2717559
2629957
2629227
2665729
2636872
2631552
2720815
3053300
2679744
2600627
2621919
2574163
2592879
2521147
2752254
2680215
2678958
2493618
2553872
2496422
2597168
2579905
2731371
2595479
2430347
2626893
2726176
2586995
2725251
2717654
2741630
2655348
2693983
2652458
2679603
2619272
2638964
2692095
2570542
2593097
2656197
2706595
2681201
2577363
2663808
2760118
2713742
2642448
2801190
2708043
2749790
2619331
2751109
2715844
2748173
2752319
2709205
2738239
2774225
2612807
2633121
2737153
2771591
2615077
2732739
2701322
2779711
2728278
2799350
2733359
2673551
2592899
2757753
2383407
2786644
2691871
2621613
2977648
2203415
2489246
2695169
2416059
2551331
2580940
2587690
2605513
2433509
2503869
2527225
2499421
2478935
2461718
2575491
2482371
2479921
2575136
2413022
2449999
2471835
2330893
2460718
2390733
2413286
2298768
2351098
2478030
2685455
2211910
2420364
2515018
2612238
2606143
2206628
2284258
2260486
2470431
2467228
2281243
2533327
2478195
2415940
2464409
2450045
2407860
2402611
2412080
2393599
2349206
2436441
2380678
2398235
2404839
2424590
2354937
2456671
2458796
2423137
2393924
2394658
2392877
2332732
2221198
2379573
2342107
2374629
2514070
2255682
2406605
2423980
2343373
2356149
2363020
2330963
2352377
2421750
2375984
2346997
2428896
2526681
2328249
2412544
2402651
2396873
2418871
2472944
2581627
2389532
2333816
2589431
2373650
2775498
2419304
2411828
2228961
2512945
2422835
2440075
2469945
2455420
2437985
2800022
2414014
2389025
2541496
2428045
2673867
2457629
2427476
2331090
2428007
2461080
2514326
2542842
2432060
2508587
2454820
2447969
2406229
2477606
2430930
2654652
2429250
2437902
2520884
2415970
2444289
2747529
2482940
2443981
2332597
2532872
2404348
2461849
2520476
2559352
2463570
2418794
2320412
2441216
2125300
2442701
2564765
2481274
2507641
2567412
2560443
2539876
2526642
2707408
2551341
2585207
2498748
2554532
2585013
2500390
2559346
