1565812
1498692
1517647
1413096
1769502
1711658
1730076
1802876
1756933
1758493
1811934
1754507
1594868
1551989
1485651
1608561
1425348
1555337
1594416
1628516
1731881
1606024
1799221
1552511
1605768
1566283
1750161
1728696
1617618
1616504
1564316
1603557
1630897
1583854
1615072
1635408
1521352
1606368
1791741
1601473
1796256
1754405
1603482
1570316
1619888
1586619
1628655
1633982
1590386
1583407
1571167
1623877
1614609
1619868
1615989
1568585
1735206
1701199
1700485
1672569
1611174
1783370
1581053
1659186
1604259
1483546
1588647
1565337
1726435
1612197
1565238
1722504
1618733
1741132
1512984
1610140
1609907
1682438
1611168
1506905
1551978
1608688
1551698
1517348
1486643
1444981
1462830
1608999
1748028
1619942
1496181
1608687
1469097
1513646
1681731
1607218
1619182
1612579
1781740
1486618
1510053
1514410
1643928
1766938
1769063
1610503
1650419
1646149
1677419
1678910
1717720
1816262
1691954
1503554
1825386
1695200
1778191
1650773
1678743
1675003
1680774
1685415
1708463
1663988
1655169
1713433
1683271
1658099
1535018
1565241
1565030
1736224
1762637
1701040
1664805
1565528
1691452
1832005
1472407
1623044
1782610
1579130
1583554
1502814
1770123
2332597
1404717
1676873
1615888
1383260
1616928
1576636
1568945
1924829
1631626
1406902
1730511
1754841
1951622
1800061
1705158
1726206
1791897
1742016
1536388
1744150
1660691
1723129
1672775
1566993
1784447
1735435
1625069
1715408
1740114
1521048
1810945
1788544
1668584
1572375
1785866
1682857
1764688
1754360
1739543
1697216
1708303
1617579
1786894
1693970
1660958
1828300
1682984
1671107
1819215
1798807
1741171
1619793
1728386
1747031
1823165
1562483
1626580
1633407
1674074
1458587
1552708
1585809
1564435
1625254
1495647
1613589
1564134
1699625
1593779
1636112
1663899
1540365
1592968
1524919
1548599
1541078
1551891
1735201
1584949
1654310
1602380
1606187
1599376
1593908
1651060
1603185
1564002
1658710
1649089
1510458
1901646
1759693
1592848
1553688
1702209
1557848
1680526
1609720
1677649
1587248
1663463
1537441
1649285
1539807
1749104
1718184
1647989
1724915
1171308
1572049
1473508
1627179
1579858
1493631
1576917
1749824
1567203
1682814
1554925
1564624
1789238
1600809
1585748
1500119
1712190
1663413
1591528
1555813
1625038
1467645
1597243
1666476
1521517
1589033
1407510
1568542
1459710
1448003
1743738
1708998
1763697
1627406
1747157
1685347
1576607
1815399
1685738
1821465
1623227
1555662
1701090
1640734
1666634
1738709
