1794354
1688864
1692310
1589071
1775731
1765151
1767846
1784796
1732255
1809687
1835749
1686051
1810893
1829162
1609848
1800421
1855547
1751794
1718761
1818390
1739027
1854043
1837613
1741282
1785760
1825712
1708280
1674430
1915492
1568298
1595658
1813970
1608895
1792732
1747362
1659595
1489890
1838004
1646912
1446797
1785173
1522444
1709594
1745967
1670554
1745922
1792677
1674255
1804942
1672780
1765103
1666357
1836702
1602337
1817822
1827953
1717385
1808892
1905655
1714915
1839687
1790208
1707162
1823347
1845282
1701484
1768359
1844426
1587632
1836489
1714856
1702044
1824143
1818682
1736186
1831877
1818387
1708432
1805858
1817818
1695579
1829133
1838937
1800716
1830133
1692736
1690353
1825559
1964460
1771810
1772565
1763725
1680545
1826153
1852014
1686978
1770968
1838749
1749502
1814970
1814126
1768633
1766782
1850493
1838536
1818087
1836986
1821833
1818717
1827623
1695417
1757342
1835623
1787150
1797769
1827208
1697014
1767730
1830693
1613716
1819083
1809457
1807346
1774832
1852197
1805515
1816432
1950388
1735501
1831080
1828528
1721616
1833034
1755266
1679755
1769612
1785226
1622400
1770652
1823178
1794572
1818234
1810881
1860570
1815013
1822230
1849313
1767872
1825606
1608746
1738275
1729172
1656550
1782633
1801522
1614147
1814750
1827618
1587938
1700244
1828491
1563668
1741156
1812756
1636368
1827807
1850193
1815343
1738235
1834297
1759245
1809072
1819220
1604474
1810012
1810930
1706836
1806686
1827779
1613365
1905038
2303426
1625193
1803932
1658091
1675918
1803963
1815036
1779372
1788312
1822756
1729291
1808828
1689805
1744891
1811546
1820581
1814657
1847381
1824956
1789109
1827718
1825640
1803466
1822387
1809342
1755050
1743671
1843010
1649445
1750022
1544064
1770180
1763452
1823640
1793835
1709119
1850768
1713902
1773097
1776327
1542721
1751427
1847490
1581008
1607437
1668264
1690096
1589636
1729472
1529257
1710224
1571992
1556550
1599045
1792879
1471210
1563697
1914661
1573332
1550971
1837483
1818281
1843280
1818907
1889607
1730475
1774231
1624713
1789242
1804815
1795000
1680294
1784215
1779952
1768601
1835953
1660190
1721071
1834056
1775822
1671375
1829552
1695701
1753160
1806889
1672415
1778052
1835230
1565488
1714261
1719865
1697151
1779372
1832183
1598842
1760305
1836689
1699244
1714785
1784298
1604065
1773446
1808352
1647102
1788656
1763635
1774666
1774485
1786724
1589563
1736000
1945842
1779586
1758191
1845207
1644259
1744768
1847381
1704760
