3859193
3432901
2612524
2725125
2662603
2739204
2769844
2640638
2761029
2510633
2541418
2892197
2860328
2841924
2824782
2684838
2759203
2720782
2816065
2753865
2900314
2573912
2686303
2735164
2783101
2644432
2596682
2703695
2723001
2731562
2717533
2725650
2773524
2697783
2692258
2804340
2772562
2566674
2749404
2771436
2730630
2627812
2746933
2715653
2775074
2695148
2722901
2693924
2912756
2739186
2989051
2635708
2714839
2592155
2717709
2622248
2487161
2727911
2494029
2543271
2575023
2701785
2682671
2739084
2721534
2780450
2719883
2643145
2743669
2696435
2734213
2631826
2632542
2681071
2774313
2268574
2642074
2322332
2496518
2460673
2212741
2537168
2794539
2800516
2752715
2544558
2597977
2559032
2737003
2672259
2577184
2675267
2751968
2682835
2710379
2764153
2804893
2653273
2651177
2573284
2628720
2732589
2744605
2714615
2689063
2591054
2790205
2612147
2640302
2614444
2698432
2580962
2707948
2349816
2722602
2671151
2685461
2731384
2722983
2665544
2737493
2671152
2722111
2462293
2604806
2625852
2715662
2652895
2650644
2580744
2592828
2710322
2813042
2634199
2730717
2538251
5505334
2640128
2278979
2458143
2520002
2625128
2613538
2505794
2473901
2632841
2670014
2526379
2513033
2560217
2580436
2621538
2628872
2591822
2508292
2654028
2647922
2548871
2654893
2289242
2476290
2624834
2662910
2485788
2636232
2454662
2500147
2683136
2610757
2582354
2675441
2481391
2479591
2615346
2661483
2592150
2670403
2570923
2457082
2288700
2574574
2606738
2604372
2631585
2562980
2162240
2328019
2166911
2319766
2145024
2265527
2268649
2653229
2276401
2424173
2313336
2585516
2408332
2570991
2887705
2572180
2521608
2622593
2506613
2728141
2595872
2649284
2693052
2608602
2681592
2633028
2638854
2561312
2554413
2684128
2662523
2623382
2605291
2746993
2587901
2444036
2715213
2646983
2608200
2623118
2516956
2689600
2624623
2687764
2676408
2757123
2605391
2649778
2677285
2629992
2607652
2635840
2545074
2629642
2488304
2583770
2564389
2737023
2518685
2330289
2587702
2811345
2620262
2700444
2666313
2514129
2625248
2773766
2640483
2708836
2582078
2685342
2586063
2662863
2673590
2693230
2680675
2554537
2586903
2725461
2612751
2650102
2570868
2638592
2581733
2616396
2650924
2542761
2596384
2614316
2737573
2624700
2437345
2886559
2631922
2599124
2443377
2519141
2563800
2632368
2730779
2844532
3515385
2536125
2766564
2625833
2530141
2591362
2828092
2793626
2674804
2938535
2838002
2272623
2716295
