2478494
2059575
1888827
2009506
2086283
2097192
2092254
2072014
2142544
2081544
2074554
2316024
2071294
2093748
2098242
2095270
1983163
2042375
2126975
2078934
2088979
2098890
2092606
2065496
2084146
2112114
2042060
2123414
2101417
2062497
2094735
2095004
2107478
1955036
2093858
2035618
2101684
2104990
2041116
2084820
2087640
3386665
2004078
2097260
2092605
2097855
2062395
2109614
2159901
2065215
2100547
2058598
2097702
2045460
2052034
2109908
2620461
2069024
2097484
2089995
2061095
2089468
2126614
2146541
2088640
2108045
2030434
2100704
2102775
2040594
2090120
2603480
2050052
2097915
1933187
2045670
2069717
2099779
2056584
2081817
2071687
2049608
2117766
2077105
2057174
2333503
3490106
2212219
2076134
1968777
1891627
1978112
1774989
1925798
1862348
1871322
2058589
2053858
1633060
1924041
2043821
2543816
2000959
2103902
1953368
2096545
2088408
1960271
2069921
2033895
2089470
2087288
2073994
2080789
2079785
2083244
2036894
1924689
2079465
2089175
2088353
2080024
2099175
1942414
2085215
2082161
1921738
2108569
2090715
1995870
2088028
2089961
2085498
2088899
2045081
1995863
1943555
1891813
1966214
2099044
2035975
2029164
2104229
2030665
2000548
2102101
2980782
2089795
2176814
2245509
2096409
1785887
1963399
2028178
2113678
2084340
1990978
2095629
2101215
2035308
2086045
2782480
1966479
2077586
2053921
2086529
2089514
2057713
2067120
2059190
2065579
2088704
2079437
2106528
2080472
2077990
2066512
1865118
2149844
2002548
2264568
2204249
2316378
2083864
2035724
1921884
1986521
1913654
2078584
2110481
2082299
1983043
2075235
2078711
2038245
1960228
2043215
2090191
1938300
2072285
2130108
2352879
2097358
2084503
2067278
2115524
2712140
2038075
2099463
2033278
1955084
1914998
2067975
1892321
2036278
2081180
2079378
2088888
2075042
2079214
1985169
2093561
2080041
1968664
1964071
2126461
2091043
2082254
2081669
1900741
2090079
2085940
2099618
2061281
1972554
2077634
1987001
2359773
2309199
1996174
2071898
2091945
1973210
2048274
2056212
2085143
2079104
2074121
1948744
2083751
2082454
2056963
1973008
2083894
1904138
2070223
2027303
2086134
2086811
1901759
2090708
1891384
2083980
2089035
2076711
1990704
1901718
2003478
2131099
1958584
2099691
2074615
1981369
1975468
1954570
1957465
1964904
2097579
2077055
2086901
1957495
2902810
2101640
2086286
1976799
2226051
2013613
2055502
2260300
2033869
1871953
2044122
2019589
1725543
2044271
1770827
1873213
1946860
1943213
2058105
