2008915
1952637
2102642
2128296
2099731
2092606
1896560
2114393
2064230
2149118
2036597
2099957
2163009
2079239
2090237
1939320
2047486
2053157
2090530
2102103
3298966
2002231
2010306
1978775
2019764
2032414
2028424
1964560
1984971
2019187
2053789
1958135
2105636
2081696
2091846
2086968
2066238
2100066
2063421
2059510
2095490
2094452
2088439
2088872
2085238
2027470
2054017
2210160
2091162
2064866
2050630
2122507
2068736
2064345
1944237
2060408
2070622
2072358
2062182
2053422
1956466
2011545
2071441
2083831
2052425
2064780
2041999
2074986
2056871
1952067
1995321
2041625
2049881
2075348
2046651
2009575
1997838
2064185
2049116
2055742
2060512
2121682
2042661
2048951
1944754
2072076
2061465
2012861
2049782
2049027
2026512
2033241
2002201
2089671
2082502
2067755
2102121
2032642
2140227
2087326
1946870
2026211
2054790
1995694
1875261
2022474
1967314
2001011
1923940
2039515
2026434
1982360
1986270
2016060
1939649
2007520
2011060
2005536
2132526
2027197
2069312
1929290
2115570
1944904
1763529
1811338
1891132
1926939
2036955
1966000
1867749
1837602
1946734
2014467
2042205
2025995
2076552
2035616
1951243
2029945
1950081
2056131
2027536
2029208
2005085
2047196
2029865
1974844
2043026
1986851
2035738
2018964
2033610
2079586
2031846
2029455
1942870
2087489
2050162
1986830
2071179
2027281
2008141
2017528
2024201
2074271
2010454
1972491
2209288
2066151
1887724
2053031
2044765
1991845
1975997
2093526
2260989
2056776
2023337
1999694
1930970
1904095
2047670
2019197
1987761
2022421
1979790
2020531
2014389
1980465
1951909
2020277
1945300
2061845
2034077
2008455
2138338
2176518
1945414
1875784
2275665
1992735
2085946
2045194
1960284
2037301
2020395
2072845
1949406
1893469
1938415
2003345
1967288
2039503
2044195
1969044
2095591
1985682
1954126
2029986
1856220
1968979
1896220
1988114
2035062
1998211
1957444
1972775
2075002
1930890
2017232
1970350
2005105
1912724
1932855
1930014
1963004
1925374
2046982
1894970
1986042
1951100
1908023
1890934
2114958
1977965
1944130
1979881
1922901
2000251
1967744
1889100
2053950
1920670
1966139
2006721
1996615
1979801
1994155
2130148
2021528
1918263
1955595
1977041
1846584
1922135
1961334
1988601
1987110
1967335
2068585
1900090
1967300
1872860
1973365
1967942
1942069
2039065
1894321
2008136
1881420
1914404
1961340
2062722
1916693
2001171
1886014
1886118
1909611
1966070
1848247
1998200
2071731
2051581
1930571
2006121
1956015
1903703
1966005
1940960
