3102774
2009806
2024619
2463447
2335619
2106484
2372151
2171375
2217771
2002892
2184724
2231699
2106394
2241862
2168818
2117108
2323724
2356088
2239002
2257102
2269393
2299615
2282694
2242466
2220664
2271735
2199667
2049653
2118069
2193052
2201031
2210072
2159791
2237006
2237179
2189391
2040736
2253805
2158239
2098795
2221468
2160433
2193918
2215991
2397457
2168773
2187541
2096879
2067863
2151225
2104964
2081090
2135140
2089539
2229233
2116802
2166421
2111765
2193331
2184391
1882541
1780396
1874803
1837926
1845852
1963094
1811875
2017692
1872090
1854328
1860349
1961511
1868929
1835494
1871208
1949864
1923343
1961417
1960642
1867710
1855677
1940062
1875412
1867936
1874248
1839467
1669503
1844041
1877527
1733677
1849561
1937527
1708598
1845458
1914838
1795446
1834115
1845757
1815207
1694843
1852791
1866420
1803407
1799256
1842883
1915041
1911945
1722774
2036389
1866153
1789334
1834409
1836129
1795881
1709311
1840405
2015218
1979198
1892005
1866254
1954772
1924489
1806949
1929346
1907665
1870419
1896567
1924230
1788605
1805981
1835612
1872130
1903168
1945526
1830722
1909820
1916864
1799916
2001470
1928949
1828522
1938127
1921251
1832479
1846982
1844479
1903480
1891660
1920130
1868095
1896019
1928395
1760790
2140194
2019208
1886134
1855914
1867588
1911677
1884470
1914370
1981518
1921587
2012181
1909149
2083500
1920814
1870168
2107854
1915845
1872271
1892775
1906866
1871129
1909343
1901933
1751790
1970636
1997528
1894987
1929963
1988568
1914655
1895512
1953698
1853037
1806199
1850011
1839378
1764277
1840401
1872070
1872152
1935119
1860674
1880992
1865014
1835669
1998227
1887822
1827800
2026408
1952852
1789677
1728162
2076563
1881899
1787530
2017505
1841249
1888315
1859288
1842079
1922564
1931675
1834807
1961354
1982577
1877548
1748181
1876606
1888539
1969795
1983869
1860979
1885794
1937061
1849309
1977647
1996381
1911729
1902629
1972933
1911202
1898225
1985007
1919343
1895889
1957361
1899859
1895536
1920846
1758585
1943495
1968370
1827279
1831389
1874204
1778462
1903360
1897443
1787241
1860857
1850248
1714075
1938235
1842893
1711369
1911920
1899460
1736984
1875625
1856231
1816356
1837417
1861100
1860464
1873478
1857438
1730929
1866785
1843869
1844574
1896710
1848364
1813368
1856051
1850304
1741021
1827342
1889353
1815507
1870893
1883100
1836474
1892128
1777496
1828038
1998671
1759951
1853009
1903198
1823133
1830155
1882464
1870178
1885014
1865571
1869988
1904668
