1661816
1348286
1608642
1534453
1612796
1716743
1740862
1750606
1818708
1727179
1755253
1733082
1687209
1720406
1778171
1819433
1781889
1822407
1714206
1677035
1815086
1794559
1770181
1819839
1773011
1776547
1827723
1847368
1788472
1848588
1735040
1843706
1840630
1760076
1771731
1786879
1750002
1756944
1819427
1730386
1672667
1777033
1746733
1778107
1697674
1857137
1745456
1724406
1772642
1694059
1838317
1738620
1805527
1845728
1748080
1769328
1818868
1903868
1717265
1834632
1755876
1824570
1829429
1768002
1827226
1834484
1806563
1782616
1830852
1766167
1782467
1819187
1678046
1846243
1834509
1773127
1781462
1842673
2397196
1675254
1819627
1682620
1725936
1825043
1753177
1779672
1813797
1832910
1779452
1822050
1569519
1807382
1837174
1683300
3581233
1767645
1564038
1711075
1849200
1622794
1760700
1749470
1554578
1735825
1773356
1531698
1735121
1846277
2249851
1929479
1756750
1789443
1724838
1825563
1741468
1766367
1745615
1753532
1586501
1821692
1729759
1533689
1745202
1688806
1720246
1743339
1723322
1885278
1757816
1745485
1648097
1668582
1690641
1648318
1741656
1749826
1688995
1719382
1760023
1642044
1746492
1758309
1725766
1921428
1777497
1702188
1739272
1712306
1656964
1746472
1684845
1747577
1752726
2134027
1655761
1785917
1671038
1723696
1651245
1706132
1719901
1678821
1580730
1668051
1757496
1728677
1737242
1741346
1660311
1690844
1727328
1764476
1695265
1719945
1696747
1696995
1730982
1716372
1696362
1751043
1664886
1735951
1622140
1634200
1551767
1626638
1600170
1634551
1700258
1662105
1608494
1631976
1643644
1682015
1615169
1645901
1669805
1687147
1522610
1699642
1607674
1622834
1602690
1625815
1685241
1681386
1694572
1680805
1596708
1677471
1705842
1606675
1708162
1943333
1674509
1687290
1637005
1641040
1671901
1629631
1558547
1627141
1611584
1658666
1536780
1637989
1608218
1658036
1593358
1559104
1660099
1654645
1614184
1624014
1613961
1554979
1667976
1659225
1586686
1696167
1689586
1477738
1646255
1729450
3073026
1570273
1575211
1433485
1574284
1580384
1484723
1573738
1579217
1553439
1580263
1566804
1582104
1654046
2091383
1485894
1554917
1588868
1529463
1575300
1512182
1519874
1561513
1530217
1529283
1578735
1582739
1500886
1651424
1582979
1465009
1489428
1485668
1478819
1514833
1504804
1389141
1539614
1541824
1415592
1489214
1527774
1451218
1535308
1664190
1431518
1506943
1548780
1463534
1234071
1624623
1604639
1506890
4822356
1777769
1560984
