2623867
1714090
1739076
1819899
1933933
2070881
2268123
2039957
2139055
4566701
2274099
2396726
2256774
2286907
2125891
2357771
2341879
2078554
2378930
2091891
2060211
1682580
1949437
2168037
2832232
2204388
2321209
2062794
2359633
2268197
2174271
2301442
2325664
2201906
2301094
2220735
2343780
2363079
2302637
5438051
2263050
2219206
2253312
2309069
2321149
2330953
2262893
2182042
2284173
2339335
2351305
2207723
2232607
2440067
4876092
2441133
2253269
2178613
2033488
2399704
2153796
2244897
2128587
1910682
1942293
2029695
2027763
1963709
2061069
2539630
2046523
2177726
1962536
1978623
1998200
2733350
1978672
1982269
2023349
1997385
1992669
1996109
1936908
1992319
4835760
1890138
1996846
1985770
1978519
2005901
1967069
1920199
1954901
1967060
2052385
2096601
1976143
1986442
1950814
3942567
1910737
2035101
1934412
2220132
2100835
1903838
1877072
2057070
1946831
1962800
2032674
1889279
1895858
2006832
3545100
2099710
1976876
2059483
1939387
1989937
2052137
2008144
1901316
1989647
1962533
1987308
1986564
2009349
1927396
2449466
2023034
1919544
1939422
2009955
1964847
1997635
2030107
1997557
1959869
2014068
1975797
1736891
1895627
1985555
4405487
1990416
1956393
1988800
1985984
1940846
1985350
1836340
1975878
1981798
1865187
1942291
1942902
1981561
1955513
2336768
1980129
1982870
2011812
1993591
1996270
1681205
2275626
1887631
1937631
2049076
2036190
1902390
1960647
1720045
2622508
1988992
1943814
2000767
1981256
1989409
1996694
1966823
1890797
2005264
1876771
1972028
1997685
1999089
1978918
3832499
1972523
1994430
2335602
2019086
1913618
1970855
1962123
1830173
2002113
2025655
2026655
1907047
1868581
1907928
4841110
1997484
1982603
2005743
1918085
1945585
1999054
2014153
1938793
1996345
2002041
1906593
1931548
1992282
1939557
1940902
2039028
1950585
1987269
1982279
2029276
1992146
2055045
2001544
1938645
1945955
1976392
1932458
1972984
2009631
5647004
1997619
1972659
1980971
1980032
1965364
1974063
1918063
1976438
1988076
1997144
1952492
2055990
1986990
1972938
4843645
1994252
1965899
1984614
1983999
1984053
1991029
1969069
1937356
1975563
1978646
1973272
2004097
1704561
2041562
5609014
2184896
1910305
1956451
1670630
2020112
1918719
2051206
1895198
1828169
1935722
2097251
1875495
1918248
1921414
2771267
1942013
1957259
1922727
1920274
1823022
1932248
1826347
1992997
1936552
1940098
1960222
1669233
1775546
1915551
5054031
1931878
1971976
1854437
1948628
1926688
