2700856
1977246
1856398
1834983
1976493
1915738
1834444
1986112
1961595
1996972
1912860
1937814
2076706
1818504
2019315
1836139
2017455
1925805
1906708
1974465
1974484
2002691
1925583
2067480
2022746
1946894
1960725
1997007
1905278
1929818
1956158
2014654
1956119
1993215
1972683
1963200
1925333
1978438
1961805
1950229
1942054
2032665
2024322
1986969
2166783
1989918
1975346
2031307
1976125
1943521
1952834
1962981
2028612
1964258
2040656
2029082
2065607
2107274
2022313
2049162
2012419
2021279
2056250
1974075
2090746
2068820
2046875
1978531
2091972
2049456
1940891
2006205
2034560
1999855
2036262
1940298
2005615
2049357
2006426
2030046
2027052
1813882
2029256
2014821
1955570
1945990
1921338
2020519
2055463
1998761
1942318
1966192
1930255
2007686
1973361
1924871
2008985
2116006
2062715
1917171
2078691
1819201
1937473
1776601
1952018
1966516
1917527
2066711
1960382
1869635
1878187
1872714
1992020
1976890
2012886
2002550
1963855
2042359
1980038
1965858
1903538
1986206
1964938
1966947
1977834
1966601
1936724
2007515
1883154
2003141
1974910
1911673
2019406
1933790
1985185
1993499
1992498
1906820
1990329
1977286
1926114
1958685
1987465
1960439
2012522
1870087
1943598
1895071
1977375
2031010
1969400
1971215
1970504
1952799
1989138
2017845
2011609
1999268
1879152
2072895
2010501
2184517
1980470
1801218
2051885
2055971
2029429
1991938
2051101
2035351
2021849
2054645
2121906
1936319
2021616
2037941
2047792
2088946
2031142
1995440
2033625
2022315
1986309
2030124
2015252
2050647
2064980
2107186
2036731
2002361
1960360
2049111
2060990
2040239
2087112
1837767
1811722
1951958
1884280
1959697
1907953
1935146
2006706
2047732
2034459
2022350
2058976
1973593
1991005
1961355
1996725
2003657
1963191
1989208
1953392
2047415
1900346
1975698
1976440
1987645
1963906
1920780
1946110
1964803
1916265
2036326
1901760
1821144
1766733
1925856
1938871
1809429
1817187
1740599
1810399
1742598
1772283
1810169
2059885
1797472
1741479
1796658
1765888
1754886
1784882
1852237
1914559
2007689
1858063
1977860
1796686
1919368
1848038
1851904
1813914
1846693
1847888
1873018
1855329
1935328
1870429
1887816
1899657
1938957
1850973
1898015
1922055
1842574
1899687
1840925
1778903
1880240
1819088
1842943
1862999
1869877
1799342
1944004
1829954
1908617
1732895
1941284
1962619
1921894
1862326
1876309
1927285
1859759
1888073
1934960
1911806
1808556
1856433
1835880
1965833
1802213
1955368
1645316
1774804
1838208
