2521090
1939840
1606320
1829298
1869163
1910252
1973119
2330455
2260771
4888301
2189039
2218371
2196126
2218872
2054265
2256391
2166323
2185026
2206833
2198654
2238931
2112966
2097892
1958505
3385461
2315468
2229101
2184145
2271817
2232023
2314663
2208393
2271951
2082322
2140429
2202760
2165680
2249261
2121277
2560554
2209556
2043700
2116924
2139064
2165196
2210830
2167383
2101340
2223320
2190944
2104770
2134226
2173116
1998414
4984825
2011909
2212385
2171121
2082489
2067848
1920004
1864220
2080160
1893268
1889063
1894772
1987870
1792307
1957418
3256444
1905965
1870061
1685559
2097036
1926122
1857964
1969744
1819381
1816438
1865018
1802177
1867237
1831488
1787760
2539165
1839595
1798148
1810086
1816989
1820521
1871506
1829037
1863007
1839329
1720620
1762206
1760493
1845960
1987831
2576390
2506838
1772083
2123041
1805665
1976232
1627003
1843968
1811619
1716615
1985500
1952338
1608536
1837026
1837237
4313506
1843334
1899523
1865958
1920611
1810214
1963239
1930258
2191024
1758875
1889174
1818406
1749452
1765031
1976319
4352567
1714698
1876074
1883647
1756848
1769050
1768498
1881408
1749120
1818517
1802781
1902962
1754352
1786125
1825523
2375503
1763972
1779927
1772809
1799466
1758292
1762439
1829377
1805094
1816307
1753372
1995565
1696845
1870875
2026429
3068127
1735007
1877968
1965558
1753919
1770083
1840603
1788610
1747012
1690072
1930741
1876153
1832046
1801763
1800560
2921321
1835370
1861770
1830617
1861788
1795480
1790366
1816717
1869788
1847084
1945820
1925668
1792707
1834087
1831093
4571438
1830307
1911054
1822167
1892019
1708591
1847225
1910632
1814591
1831656
1819327
1889152
1844504
1910332
1869857
4366540
1857843
1874941
1837356
1842013
1908224
1779787
1915268
1828854
1834256
1854457
1869791
1822569
1914501
1911448
2959237
1923307
1877132
1822661
1877963
1862805
1775018
1751536
1767810
1787211
1897098
1881898
1837595
1775920
1677468
4486698
1795146
1862737
1731387
1879723
2070613
1770506
1969761
1898588
1866360
1896767
1903539
1819793
1937491
1912848
2935142
3215054
1826122
1821227
1910377
1902638
1832543
1906531
1908384
1850268
1944319
1900884
1833127
1784400
1994019
3420733
1965568
1894833
1856193
1966910
1931442
1780096
1868854
1919794
1888141
1897417
1909348
1778489
1971559
1924450
2896458
1799367
2005346
1805053
1864057
1893088
1772459
1815753
1855569
1805083
1807967
1902028
1819364
1883337
1829437
2736712
1817437
1901281
1858127
1747200
1730456
