2345188
1557713
1850576
2000498
2077253
2186347
2333643
2376927
2324459
2336196
2320609
2363089
2333777
2340765
2191284
2348019
2289112
2369436
2282160
2012155
2337696
2311541
2218360
2347650
2300709
2336796
2272140
2303852
2317450
2216275
2282456
2365199
2252532
2319871
2318238
2132093
2389570
2347319
2354320
2320392
2290628
2291146
2241342
2332349
2231808
2336541
2327953
2281619
2341896
2319399
2243139
2310281
2295664
2085222
2243807
2084426
2349349
2342639
2343744
2238292
1994799
2002665
1965543
2035422
1965050
2031070
2037837
1988341
1948121
2061509
1886862
2052065
2041291
1994936
1948805
2054980
2062720
1923980
2074532
1945514
1908373
1986786
1970110
1971410
1962953
1981181
1946680
2017204
2065486
1932356
2042787
2039801
2052396
2017726
1868949
2076681
1981185
2027326
2064900
2046642
2003889
2105316
2054406
2049595
2021851
2060002
1954860
2008365
2004195
1915498
2065348
2105980
1980565
2027256
2045930
2016676
1989851
2050127
1904530
1989515
2085726
2052226
2072450
1995006
1900784
1989474
1984060
2031071
2001951
1993215
1900869
1958730
1988699
1688705
1915553
1990621
1878758
1999575
2002769
1933153
2024005
1996001
1687584
2227346
2094544
1835032
1958820
1964991
1808669
1906229
1981836
1858684
1928402
2014100
1839299
1977625
2017976
1822561
2043218
1969495
1935783
1996871
2222127
1971903
2096162
1991634
1649271
2027740
1947548
1900105
2038753
1919654
1881939
1896199
1883887
1890504
1836009
1839623
1716214
1852768
1822763
1983529
1890540
1947969
1715142
1943163
1903544
1939198
1846292
1907603
1751862
1898229
2215616
1644525
1913543
1828391
1714599
1763456
2020784
1768832
1935148
1813983
1788445
1882934
1852351
1822343
1812947
1925354
1781597
1854914
1904064
1901184
1879018
1772211
1743028
1844933
1843609
1951950
1856233
1925128
1937598
1887168
1894102
1914294
1895148
1940197
1850777
1892811
1879628
1915340
1900647
1884284
1750831
1873214
1912185
1788331
1933189
1950609
1995363
1841072
1945914
1954925
1894968
1925562
1860871
1942348
1933434
1927365
1953800
1960885
1950513
1881137
1948003
1922568
1831428
1947012
1866051
1776468
1936187
1948431
1918887
1835708
1677315
1834493
1973008
1896130
1984668
1923895
1744942
1887194
1929213
1891962
1853071
1902339
1770236
1800192
1956749
1883527
1839109
1947455
2021848
1959456
1937014
1768307
1715625
1946333
1852346
1950084
1950274
2022443
1919104
1948450
1882407
2011571
2015015
1838341
1938154
1872808
1920994
1774391
