2563436
1816004
1673051
2102763
1975242
2013246
1668086
1864715
1937979
1920293
1915367
1938272
2083791
2117507
1868161
2043646
2049533
1957890
2079438
2034027
2169603
2111296
2005422
1915354
1921582
2067627
1935229
2101504
2044226
1911076
1904441
1847551
2003778
2096458
1997151
2113134
1946734
2045513
2030752
2020856
1989536
2063203
2090424
2088196
2012997
2059607
2038647
2099258
1970977
2075113
2076997
2048642
2073531
2099988
2059924
2118849
2075237
2071094
2037629
2084207
2005417
1985696
2095058
2071968
1862996
2045664
2088107
2105986
2108638
2065453
2117358
2157252
1974111
2285266
2131548
2097847
2165852
2186972
2082087
2190308
2156959
2132379
2225674
2203082
2235705
2370216
2151968
2245048
2644863
2072637
2028192
2089165
2060845
2089538
1919946
1907355
2078108
2076411
2104085
2077177
2013217
2072557
2096890
2028640
2061786
2016234
2113928
2165935
2083468
2071554
1907372
2088018
2048243
2117272
2065451
2086974
2150828
2081018
2033328
2105288
1887886
1948743
2123401
2084772
2250776
2080348
2079554
2080309
2012227
2072088
2075498
2044277
2094147
2087847
1947726
2086943
2008453
1921586
2238382
1996038
2011431
2005729
2056767
2040345
2075798
1971507
1883822
1994557
2038077
2134465
1951587
2037477
2108594
1926220
2026243
1963877
2029963
2086828
2109645
2051291
2070944
2129978
2086028
2068188
2027664
2079927
2071714
2131189
2117208
2098088
2108568
2088597
2080124
2111134
2077308
2013407
2089928
2098286
2064148
2090133
2020643
2072040
2100785
2075147
1987963
2098791
2037695
2069436
2087309
2073227
2031185
2061107
2045417
2108340
2012435
2064908
1951097
2222865
2047705
2028718
2105507
2062529
2070467
2055395
2067227
2077357
2052144
2076546
1977023
2054308
1966386
2059444
2099181
2060837
2057801
1992476
2020095
2079115
2086677
2073138
2064057
2060398
2074983
2062217
2103617
2099514
2082573
2093850
2118764
2069253
2070485
2020293
2040733
2105161
2029535
2006395
2075605
3885031
2204478
2040166
2118212
1875866
2244941
1953510
1957173
2090137
1975427
1972893
1574399
1882810
1971687
1840288
2030628
1974913
2000656
2052588
2054237
2037056
2014977
2021207
1959016
2011948
2040863
2020997
2075348
1983328
2006803
2054303
1955866
2058406
1968907
2055897
2060397
2017113
1956052
2010857
1990268
1918691
2072067
2039987
2026238
2072128
2058488
2047498
1945086
2021477
2053893
1983746
2094307
2049754
2195887
2015097
2043401
2054077
2001960
1967347
2241958
2063657
1976356
2147975
