4648973
1935373
1711380
2153702
2240569
2376730
2238689
2325066
2139400
2125833
2332435
2254464
2335655
2290044
2273350
4319906
2202789
2187531
2305958
2368280
2225391
1991926
2369782
2316683
2363670
2243496
2313614
2224869
2289905
2289663
4304636
2422149
2377341
2418271
2301941
2318459
2373886
2254794
2248456
2339293
2191978
2335400
2209405
2294819
2290833
4264428
2280959
2176159
2301335
2272486
2241716
2282445
2285901
2304632
2282895
2296637
2308621
2306715
2286531
2239985
4095192
2217539
2067959
1918689
1984170
2035358
1857790
1976341
1964667
2034380
1900190
1930138
2010878
1961564
1965814
4238639
1981174
1957470
1935123
1973573
1981803
1882573
1981345
1941593
2013373
1937574
1950384
1951513
2003103
1899369
3367158
2274385
1913784
2160730
2239984
1930641
1758089
2127737
1991731
1937054
2086955
2061884
1877454
1918303
1965878
3646560
1918035
2022333
1971476
1911594
2048252
1960418
1859678
1879423
2052673
2002688
1999266
2007807
1954136
1994639
3713190
1765570
1837801
1811103
1861969
2196239
1885119
1906274
2133221
1852757
1903090
1932631
1802453
1849712
1880807
3734061
1840258
1874608
1880234
1851183
1882714
1836573
1854832
1888397
2015239
1775956
1827018
1858012
1797263
1971678
3986786
1853789
1910208
2043768
1999059
1922193
1882383
1927558
1841927
1950563
1941538
1898283
1941982
1910042
1859704
3411740
1879684
1875323
1973887
1940422
1913818
1779423
1873698
1875623
2253281
1934433
1891713
1899412
1857140
1936530
3194718
1910610
1865969
1816184
1752218
1940868
1961671
2039003
2076858
1881156
1891694
1970748
1954253
1825200
1860803
3223309
1878879
1891923
1967681
1922961
1931576
1861770
1900753
1928973
1921761
1937923
1900697
1847014
1923744
1788639
3488088
1769919
1908220
1947030
1846119
1881636
1835493
1935229
1921883
1867584
1892611
1926229
1866284
1923393
1649012
3392313
1757393
1885137
1914963
1806581
1927587
1923948
1898413
1901427
1916404
1823370
1890373
1886104
1896081
1852972
3510871
3066163
1866160
1950011
1829452
1856841
1931522
1861189
1896538
1955903
1852899
1917340
1886373
1931621
1915444
3119763
1857901
1933771
1976891
1913587
1883241
1631963
1875738
1900037
1678367
1907657
1928488
1863507
1833141
1731884
3115641
1823207
1944074
1913654
1717707
1891425
1932403
1918450
1917563
1962293
1932834
1890764
1807328
1786634
1918744
3022202
1863924
1894885
1961064
1731458
2093235
1695816
2148105
1764887
1603139
2111334
1818161
1831726
1906259
1885614
