3573328
1203578
1569942
1114877
1415424
1709362
1453587
1687117
1859746
1756918
1818749
1824334
1736121
1851812
1836758
1805455
1845604
1834941
1694441
1828297
1849969
1683347
1835422
1831820
1778038
1769777
1766099
1770281
1664777
1794382
1676571
1732656
1760649
1460140
1448332
1661243
1642171
1680117
1762043
1700090
1662407
1706111
1746344
1823282
1750872
1674424
1726553
1757618
1784312
1793389
1695547
1755250
1762716
1656967
1459031
1591428
1616423
1760440
1706612
1755179
1744802
1757058
1705924
1656335
1706378
1770329
1644449
1601726
1715671
1593166
1771458
1701344
1555272
1746544
1704674
1728355
1755633
1745094
1709902
1739964
1716127
1752508
1753984
1712680
1748028
1751005
1709918
1780675
1751455
1779114
1580574
1751528
1700221
1642777
1774098
1716958
1783578
1555717
1739428
1744225
1749911
1632454
1666833
1764833
1757481
1664891
1816255
1763350
1693698
1742815
1747812
1659676
1688625
1706951
1740107
1746358
1704991
1821982
1757589
1741041
1591846
1743952
1748706
1679290
1772420
1755960
1652879
1675530
1762496
1697911
1750508
1742772
1577600
1764084
1739523
1604440
1712352
1701866
1763239
1757003
1740938
1749330
1758652
1713025
1573037
1745162
1702958
1759903
1721397
1731734
1706251
1876553
1731791
1677501
1586214
1751427
1584955
1596269
1688379
1608777
1698652
1670830
1404384
1549975
1707128
1729484
1675738
1740570
1573565
1552026
1677363
1560052
1712515
1670643
1654633
1695008
1700650
1709152
1626817
1607001
1580464
1687303
1705837
1592830
1717223
1638531
1635977
1644613
1646770
1661826
1655896
1645842
1637253
1678074
1640143
1654703
1699122
1559704
1823906
1626147
1622731
1569870
1713545
1690312
1627871
1691217
1653921
1617978
1716618
1640748
1675423
1691492
1738421
1988991
1712674
1725767
1745502
1613662
1692931
1745062
1707315
1695607
1613671
1693971
1696482
1638033
1689154
1688153
1671012
1685553
1701674
1651170
1687467
1697933
1600241
1684135
1705968
1857424
1702561
1761496
1809059
1612482
1991614
1629551
1659397
1802361
1748989
1638826
1605090
1424478
1468021
1665912
1518862
1713634
1611177
1675757
1595457
1648507
1573932
1686201
1652945
1620797
1679877
1647869
1637227
1700022
1661013
1623784
1694989
1730941
1526125
1652746
1662330
1711647
1687682
1664561
1646833
1824684
1646926
1636101
1728908
1683738
1723295
1706362
1690307
2309810
1684961
1714273
1643280
1689253
1650839
1647400
1693468
1693844
1643926
1698569
1640421
1644027
1688748
1678986
