2248683
1980939
1981506
2071783
2194793
2242893
2192891
2186443
2274879
2154289
2100905
2297423
2088651
2356395
2218607
1936117
2155729
2277560
1929207
2249813
2434411
2251114
2250120
2250043
2258226
2284354
2414146
2260564
2338940
2419492
2179722
2057507
2145101
2100765
2182177
2155672
2086178
2187735
2150970
2157316
1953155
2204140
2153646
2079493
2151069
2014998
2066667
2228642
2365166
2247489
2122292
2137361
2038546
2052697
2097744
2135833
2187112
2095634
2114618
2095856
1670656
1813719
1794380
1727563
1829562
1861793
1728069
1830342
1791450
1723884
1822463
1834129
1750168
1863063
1840654
1819059
1758944
1774242
1882976
1733034
1844989
1828612
1759394
1851529
1847848
1663601
1819896
1695982
1852715
1739932
1726109
1775473
1863983
1791972
1877442
1776347
1807903
1842526
1788047
2083308
1748615
1907831
1771668
1826644
1899946
1774339
1780332
1831997
1861496
1747414
1899555
1794505
1792125
1849414
1767364
1755712
1897077
1809309
1780018
1899660
1866699
1808039
1882599
1808822
1777188
1792035
1781649
1835889
1759953
1726294
1847475
1870266
1776372
1784358
1880606
1767497
1847055
1911226
1866703
1807774
1910860
1824899
1883737
1880195
4307517
1920970
1871540
1669083
1904421
1920330
2037520
1738815
2115976
1956993
1773048
1657895
1917385
1732908
1623611
1783000
1795924
1833399
1756553
1822671
1920226
1738394
1892781
1598891
1822594
1839915
1839652
1802326
1737964
1864873
1828381
1839129
1893920
1852445
1868219
1888685
1833935
1845859
1877675
1873011
1889376
1829436
1864175
1883586
1879029
1868689
1838965
1894197
1817291
1888314
2153009
1855309
1796678
1880381
1982021
1826960
1824730
1820920
1822734
1874300
1774501
1819240
1908256
1774304
1944246
1863119
1893329
1860275
1898460
1855725
1918498
1877320
1880893
1851284
1835815
1849870
1950596
1902962
1893082
1944715
1929346
1887312
1893966
1887645
1895900
1820369
1887570
1839760
1925240
1878046
1850290
1921699
1900256
1887966
1915189
1855340
1845078
1924444
1913804
1883946
1885294
1886062
1814913
1890834
1868534
1852065
1911534
1587326
1782358
1806498
1922331
1883981
1665157
1784397
1771965
1726898
1856560
1934273
1773785
1735247
1782200
1751259
1879554
1786829
1881105
1749952
1808508
1751034
1794122
1787024
1818408
1808399
1780437
1748464
1809837
1794875
1800414
1814616
1783835
1806339
1823669
1790262
1812805
1804143
1800966
1830121
1792881
1763082
1840513
1741937
1790954
1878955
1805299
1783695
1820150
1806419
