2238698
1674164
1592691
1299592
1622173
1626951
1706057
1700367
1751684
1499136
1647598
1612241
1602740
1723422
1655648
1625200
1723479
1747709
1603398
1666602
1757037
1792833
1724685
1719696
1647627
1768418
1578625
1676535
1708048
1707982
1779113
1624321
1598270
1482742
1501015
1672315
1692621
1732932
1758773
1702887
1685326
1645201
1702649
1725426
1683259
1635284
1772754
1716716
1631214
1637067
1733711
1750078
1780356
1641128
1625131
1801449
1757316
1810969
1793107
1731612
1626027
1723085
1714538
1750900
1648459
1779681
1760958
1766156
1742195
1354490
1897779
1562974
1353765
1708909
1688068
1513148
1678104
1737888
1613259
1786549
1743242
1675977
1669495
1800897
1946240
1807047
1712806
1792677
1729682
1799019
1749062
1690762
1750131
1652437
1735048
1645220
1645313
1664325
1726376
1681751
1760339
1686265
1698350
1786824
1662179
1714815
1707408
1630757
1716940
1772109
1710211
1758546
1738365
1656202
1624322
1708148
1733596
1742841
1728914
1777819
1712498
1735925
1800070
1736148
1727466
1636398
1460146
1415272
1458569
1258749
1348836
1529963
1482161
1547727
1452012
1469824
1458565
1589872
1539725
1456307
1575304
1564365
1556713
1597460
1418012
1518762
1523722
1490854
1457995
1473404
1487417
1550419
1584014
1538993
1476761
1585707
1288404
1533297
1446841
1342920
1478298
1719194
1678838
1283828
1415951
1377361
1409444
1419120
1449532
1301908
1473351
1397462
1449663
1339624
1400121
1417207
1497033
1411876
1400991
1476278
1599642
1490882
1480618
1494690
1707499
1502656
1393790
1482703
1486324
1534489
1604128
1586211
1423574
1465624
1571382
1543643
1628051
1498578
1639151
1425407
1479761
1569830
1610800
1509316
1644804
1497907
1489989
1512639
1607359
1510842
1557206
1604737
1493435
1628918
1434272
1542999
1734190
1440156
1501908
1647952
1611197
1462786
1421745
1561245
1487238
1554981
1467904
1487221
1536990
1422777
1504103
1616750
1503696
1465242
1641770
1505649
1381029
1625478
1476607
1506680
1706495
1604426
1488093
1548309
1416144
1501434
1395249
1386987
1352233
1510103
1514196
1434361
1151770
1420561
1403983
1277564
1311133
1327770
1349394
1421328
1410241
1485991
1389376
1359378
1482420
1412943
1283028
1455767
1531212
1196018
1537012
1337939
1427703
1493832
1421349
1512093
1459458
1624498
1496312
1643890
1419931
1440352
1549071
1426757
1491409
1541598
1478286
1441715
1585084
1381546
1519878
1641826
1829493
1653137
1517099
1654069
1583844
1595538
1750652
1630904
