2889836
2139336
2240628
2346242
2149847
2361760
2334715
2182773
2240216
4081021
2238089
2345795
2311636
2175646
2189984
2296899
2205381
2172943
2291732
2212367
2170968
2245235
2181143
2174427
4949890
2269460
2135419
2294389
2216621
2084497
2357400
2147553
2203347
2283356
2214211
2340685
2289922
2251522
2192973
3250590
2164973
2277257
2312362
1986583
1467081
2014940
1853148
1751922
1935534
2224391
1997503
2187323
2293712
2225121
2201676
2151214
2212992
2301862
2263735
2060034
1877604
1799061
1827104
1916524
1816988
1975757
1832768
1860545
1888454
3602707
1858320
1896055
1918719
1925565
1979343
2032654
1977720
2003894
1932191
1872464
1925059
1969478
1883449
1992477
2514814
1937427
1971098
2000044
1929494
1834245
2003134
1776463
1830609
1905973
1849666
1805042
1842242
1842734
1757495
3956749
1799901
1935207
2016273
1935990
1886907
2017868
1779080
1954302
2057174
1824919
1851910
1882220
1814504
2047454
1942032
1898050
1815370
2004174
1821656
1944218
2055078
1906176
1779646
1926589
1686196
1953559
1945029
1899185
1818179
3863718
1904997
1931299
1964741
1966345
1946222
1952000
1890316
1878252
1930459
1973372
1849552
1927175
1848410
1940796
2194506
5164183
1930178
2139207
1616161
2050414
1674556
2019229
1845729
1848209
1941592
1817540
1702562
1819191
1808053
3010691
1873765
1854939
1843269
1940790
1914776
1942021
1900974
1921113
1931669
1895499
1852945
1912549
1897403
1920950
4120791
1820555
1782452
1977797
1890134
1808121
1885239
1841865
1859209
2017374
1835290
1866482
1922109
1767437
1853351
3020094
2034342
1927158
1970955
1891221
1941564
1978094
1911164
1969407
1930629
1947489
1912395
2017055
1908329
1977100
3156909
1941565
2221227
2030984
1800932
1943894
1914285
1834732
1833375
1905929
1922809
1808473
2019461
1756685
1920627
4402732
1578296
1800160
1821769
1663811
1920806
1868735
1843394
1894098
2036208
1943935
1839758
1940890
1703771
1829981
3296788
2021579
1969973
1925302
1875311
1836269
1904286
1886010
1865134
1766264
1787431
1886332
1837584
1723562
1911192
3371605
1847717
1988548
1830326
1895219
2287582
2024838
1927919
1961924
2011914
1859079
1988745
1956578
1914671
2139108
4815407
1867726
1976468
1970413
1862901
1857376
2038175
1829580
2018013
2010141
1864256
1943039
1892434
1904732
1880925
4268993
1874586
2022348
1958679
2275478
1916696
2017163
1822534
2009424
1957565
1998525
1905980
1910050
1768773
1953579
3290303
1947704
1876500
1879105
1865926
1765538
