2571820
1888742
1697211
2011927
1983499
2004248
1969821
2016456
1778604
1932960
1868725
1966572
1907808
1995330
1915849
1985298
1998023
1951983
1894270
2071407
1791147
1973619
2000020
1964810
1978890
1829002
1937809
1989211
1932124
1709404
2137392
1978873
1760348
1987743
1880960
1900957
2118246
2049625
1705559
2074821
2021855
1815959
2096047
2018741
1797422
1952411
2065114
1915787
1941369
2045591
2021654
1990589
2063804
2013191
2042181
2055153
2032133
2028917
2080751
2099705
1933959
2023516
2085556
2049684
2081761
1903253
1928948
2050088
1963760
2036583
1962334
1933490
2042934
1972323
1969761
1932353
2090722
1889940
1930700
2034454
1983054
2003990
1928474
1936010
1970647
1919499
1904370
1880759
1938065
1889059
2014910
1984663
1948580
2013874
1998409
2134883
2054060
2009351
1857972
2082865
1978984
1956328
1998240
2028941
1837534
1995321
2028237
2207137
2187343
2138261
2020561
2013504
2071695
2007440
2015438
2017436
2006474
2012214
2038463
2038359
2025331
2028803
2020734
2013981
2032444
2006234
2009311
2012554
1991755
3755119
1953107
2003019
1759196
2040610
1848526
1993645
1994204
1844541
2072310
2034181
1779274
1969705
1970452
1982150
1981240
1978269
2017530
2002731
1918559
1911407
2033115
2034614
1965707
2020380
2063085
2018288
2019286
1864379
2028381
2020969
1904865
1960903
1946681
1989113
1964230
2044562
1959523
1996070
1927579
1871810
1871103
1989333
2006371
1877848
1932619
2035142
1914229
2010710
2036832
1875344
2017968
1979349
1950210
1949523
2018113
1904744
1997670
2011796
1943260
1868833
1998544
1869062
1991789
1912412
2176556
2079135
1977219
1996729
1967534
1906423
1924443
1935564
1882229
1878138
1939089
1890001
1970649
1953020
1883338
1983539
1999309
2009233
1870319
1945714
2044367
2062284
2045365
2046877
1953859
1942990
1976701
1829937
2002163
1943125
1959516
1872534
2027527
1899234
1918229
2088630
1874178
2033301
1967000
1952794
1920067
1874429
1793550
1911674
2014777
1936619
1976974
2059155
1873433
1941640
2002074
1976554
2004725
1959671
1829216
1837856
1921299
2005058
1860143
2040369
2010974
1961714
1922890
1968623
1986254
1992919
1967973
1997628
1917509
1990977
1985060
2078610
2030516
2071825
1901345
2073964
2002764
2028377
1927025
1986475
1829692
1882187
2052595
2025408
2101717
1955759
1995046
1964520
1955703
1929912
1879048
1980050
1997551
2053150
1987399
1892530
1958539
2004414
1966886
2012600
1889342
2026014
1961037
1932223
1979054
2012700
