2528096
1894608
1957709
2027073
1997450
1829355
2042535
1953929
1896460
2047014
1958928
1929212
1971878
2010929
1927105
2053999
1968745
1975738
2037679
2034820
2029744
2008269
2003260
2039089
2029154
1717866
1988013
1979197
1959109
1798715
2082290
5721660
2001739
1982293
2042340
1977141
2088141
1941822
1947529
2034234
1954348
1931534
1978581
1956988
1974748
2006995
2002715
1965309
1956728
2021055
1982793
1992649
1956673
1828024
1964578
1996389
1972275
1966650
1994598
1791165
1987158
1998171
1923550
1975420
1986811
1931648
2049256
2016962
1883491
1960315
1971202
1914767
1961050
1993372
1890278
1983479
1995239
1987880
1970810
1944836
1844572
1862364
1826894
1827716
1879748
2006062
1775946
1874824
1894772
2170512
2025029
1955710
1947940
2301016
2025359
1835767
2001491
2061696
1911394
2048497
2010053
2008499
2006469
2030335
1934908
2081329
2023396
1922533
1954719
1994289
2001469
2060191
2039099
1992370
1957333
2065176
1916154
2003549
1869070
1901473
2010932
1970104
1977641
2031135
1984597
2011839
2062009
1899734
1984729
2015092
2022667
2068260
2004299
2018989
1987748
2032446
2014947
2020754
2022398
1994604
1957840
2022198
2041765
1969843
2016029
2041421
2070460
1991879
2106906
1886082
2080700
2055397
2045991
2109535
2068836
2086887
2135425
2126036
2117620
2078559
2085327
2028358
2041715
2065547
2027591
2164068
2159200
2027604
2063600
2090081
2061955
2035125
2035815
1979653
2014314
2027395
1975972
2008338
2027070
1824326
2224342
2175878
2113165
2217219
1873174
2232008
1845487
2017155
1925206
2029069
2053775
2045820
2040586
2051736
1987392
2039962
2065836
1979483
1906486
2014725
1988105
1726616
1867708
1784561
1959462
1968669
2028562
2013948
1911367
1905762
2020504
1980034
2024794
1916929
2035393
2026153
1921812
2045129
2000993
1971357
2038994
1997453
1992468
2044550
1924731
2082346
2033705
2023969
2008534
2081956
2022049
4202365
2072921
2023235
1992428
1998392
1957777
2006979
1989745
1981330
1935218
1894779
2010055
1986415
1961599
2090748
1917448
2032295
1981479
1926270
1974495
1929490
1926670
1931137
1819650
2031922
1805973
1900665
1999978
2011627
1968272
1951651
1904498
1931379
1962918
1971123
1984459
1954613
1939058
1752229
2054439
1944138
1835816
1805107
1920158
2004281
1970035
1882868
1934615
1973729
1943117
1983648
1986613
1892234
1917954
1986364
1901002
1976628
1973642
1901525
1944398
1971323
1897794
1944625
1977989
1905273
1970431
1972131
1896861
1904777
