2501596
1998130
1697787
1961759
1956205
2034455
2016185
1997088
2042771
2019274
2118194
2094333
2075913
2005985
2067957
2031181
2029049
2097535
1979434
2009195
2099866
1998434
2058911
2059635
2032398
2044175
2112007
2061700
2009780
2062500
2006124
2055996
2065397
2046354
1920096
2142033
2144505
1935151
2030747
2077026
1976017
2100341
1980095
1974914
2073779
2096665
2028928
2055607
2107984
2034181
2072057
2060970
2129623
2064334
2058405
2012512
2054528
2066627
1975791
1923208
1692766
1683946
1787852
1981745
1960870
2025444
1756473
1871464
1784580
1798500
1749806
1784226
1830244
1789501
1715021
1911645
1835468
1772293
1905945
1808174
1707729
1614980
1851627
1819324
1799964
1842412
1721594
1814979
1763566
1691550
1680615
1872566
1813851
1747037
1855186
1849007
1745964
1815553
1821033
1804733
1807846
1774101
1830610
1764086
1890531
1784255
1790155
1779679
1811779
1766307
1831550
1843285
1803782
1768224
1793301
1746634
1781240
1866998
1746538
1723125
1781089
1909381
1886284
1767480
1772588
1679944
1672684
1867218
1745611
1709591
1772820
1714340
1821709
1839651
1739363
1800231
1720487
1706944
1719370
1772798
1747978
1777706
1841521
1688638
1754636
1770472
1700715
1763087
1766343
1826072
1777721
1771144
1767872
1777389
1720969
1697344
1746289
1758731
1732810
1769874
1734691
1716596
1748352
1776433
1689270
1793584
1746794
1808081
1782768
1784647
1750557
1762046
1724901
1743826
1788715
1782124
1675884
1772267
1748438
1792863
1781005
1774823
1698314
2095184
1902062
1899541
1827151
1778795
1773188
1321056
2221074
1524628
1766380
1802159
1894629
1828932
1872483
1821454
1895441
1764379
1865311
1830405
1882065
1930896
1819626
1780841
1901954
1766209
1723831
1808061
1785167
1790280
1799680
1770891
1740404
1833205
1762290
1712608
1857294
1767387
1827999
1783030
1779588
1517058
1719702
1492037
1549025
1823674
1698530
1640833
1782204
1760119
1747154
1860595
1712763
1638307
1865645
1704522
1861313
1836355
1677664
1803614
1788674
1764049
1708238
1867935
1713220
1793295
1861955
1817652
2036605
1985605
1760278
1760716
1727707
1825446
1741938
1787151
1756775
1692998
1830173
1717073
1836884
1793599
1753773
1758197
1762270
1759572
1749964
1875242
1765294
1766284
1790720
1762045
1742467
1783238
1880975
1672028
1931260
1630580
1683269
1612725
1699055
1628824
1727714
1621514
1614753
1730380
1616753
1614504
1767195
1643631
1622687
1667223
1616326
1702294
1715462
1615126
1671745
1671588
