2309010
1849433
5209552
1996419
2071722
2024343
2097006
2092006
2071613
2081078
2039052
2071723
2088406
2087578
2086681
2022341
1893528
5742622
2096012
2094408
2027182
2099617
1934235
2041052
1982028
1949291
2007949
2122577
2107010
2039566
2007683
2084424
4614826
2123766
2024861
2093626
2032524
2059091
2079430
2026802
2036869
1965364
2087416
2050876
1970003
2050465
1921771
2045277
2079866
2029500
2098613
2297589
1902559
1910289
2128483
2006301
1969768
2069813
2006232
2018762
2058331
1995790
5902279
2053866
1921754
2057302
2051215
2013168
1972578
2014282
2006135
1984478
1911943
1942751
1885084
1978441
1803719
5890291
1880123
1761992
1915569
1868395
1743387
2027255
2152380
1892452
1926737
1837987
1816127
1909889
2061296
1856760
4173982
2040286
1994826
1996805
1981596
1936394
2051130
1969475
1929264
1826302
1884790
1933448
1951215
2024828
1971201
6113781
1916233
1998992
2000116
1914503
1847628
2007461
1925920
1863487
1997765
2011699
1980790
1963001
2019760
2077150
6035803
2024658
1985145
1884267
1939519
1957960
1972995
2045322
1983271
1978420
2035656
1923730
2002841
2029596
1964740
3716370
2257785
1971159
1972315
1996572
1867646
2035005
1905570
1887629
1988144
2267172
2029900
1966171
1917650
2047605
5990155
2014372
1949740
1993361
2016682
2019421
2035685
1990939
2044186
1969239
2203122
1861958
2009684
1980615
2048800
6024473
1844781
1946153
2017529
2004814
1960463
1992265
1982286
1927374
2027104
2010824
2043154
2009855
1966126
1907752
6150318
1968877
1999580
2000185
2036015
2051983
2174696
2210278
1690088
1783802
2088384
1653578
1858724
2017869
1738432
3168614
1992745
1906932
2010734
2032053
1975735
1977865
2021933
2028300
2001429
1987285
2044597
1924304
2083746
2019527
5996313
2023316
1904305
1996629
2023585
2014748
1988939
2863823
2008193
2001930
2035490
1882855
2037815
1979324
1936028
6169530
2021759
1865227
1960983
1978944
2024344
1915658
1989204
1900862
1983196
1925858
1933704
1960322
1970605
2058376
2206058
2001662
1999940
1981016
1945236
1992832
1978781
1975535
2055005
1983339
1982411
2054107
2024910
2020201
1979433
5636811
2027602
2001559
1994341
2003035
1928148
2046360
1960289
2006039
1981491
1924640
2013565
1984866
2035426
1944189
5490086
2082288
1881508
1973792
2030405
1909424
1984975
1972401
2012272
1988581
2042643
2004332
1977111
1982751
1893632
2079266
4560513
1803273
1749316
1574478
2129583
1758711
2026057
1714619
1986402
2005847
1755519
1898610
