1677984
1638617
1683517
1347340
1552909
1533859
1666186
1742640
1718368
1692481
1719541
1693328
1672015
1730528
1671775
1712553
1749651
1650217
1525054
1560722
1705991
1467669
1538952
1568238
1550018
1617630
1597578
1681610
1655426
1702606
1565764
1585836
1662177
1679234
1765449
1701430
1579467
1730525
1672170
1678076
1730786
1735781
1682661
1750248
1706543
1654464
1720767
1714981
1670328
1742112
1772159
1674876
1753436
1726041
1582414
1627323
1699131
1743848
1744715
1687415
1716285
1736611
1758935
2530894
1736484
1733971
1719497
1735104
1707696
1718911
1713764
1699014
1781792
1698460
1765255
1578412
1732281
1706351
1732034
1776416
1759025
1759075
1757891
1751715
1779658
1676058
1600888
1689514
1752668
1693110
1651153
1753007
1774044
1549323
1736810
1691853
1720914
1704224
1784468
1673380
1733741
1701250
1738791
1747695
1707544
1723925
1710717
1731695
1624804
1773191
1773095
1541172
1745155
1759260
1717670
1735661
1724964
1778401
1730625
1747795
1738601
1760369
1703156
1712911
1724951
1730895
1734582
1732887
1706877
1674658
1736320
1738822
1788582
1728078
1698173
1671871
1727165
1791208
3406655
1745008
1732085
1685680
1761428
1776431
1775758
1698190
1790160
1727234
1758061
1764248
1684160
1754320
1650115
1733234
1745455
1704261
1691889
1740361
1778546
1743975
1736904
1693940
1769592
1700619
1710464
1581239
1727694
1731145
3503598
1705850
1912809
1591018
1729020
1694116
1676619
1722256
1650828
1659790
1724281
1692541
1766136
1721138
1657943
3074241
1730467
1608218
1595853
1744709
1792527
1714015
1731870
1714109
1765421
1720744
1709228
1634586
1729317
1663697
3641449
1737170
1761306
1674489
1712831
1775931
1693517
1699454
1784879
1711007
1670203
1696924
1565114
1678618
1703459
1542341
1713458
1723847
1685745
1740069
1642294
1663332
1756201
1728903
1572279
1779565
1565546
1534158
1637608
1546533
1474072
1621347
1565644
1490002
1656802
1699635
1641572
1601013
1689783
1729912
1718075
1696478
1771741
1618409
1726058
4717140
1684857
1726674
1723994
1697119
1706973
1735094
1688983
1664293
1588359
1675809
1693275
1734554
1685154
1705556
1718409
1719025
1682553
1746331
1696728
1674836
1683542
1582699
1691198
1694961
1618998
1588509
1560116
1652634
1703966
1643065
1701305
1693676
1672939
1689640
1691014
1712253
1701099
1702694
1719075
1647943
1679694
1719245
1688165
1728161
1712108
1688932
1706180
1680999
1697500
1722622
1680389
1603199
1701127
1718791
1700138
1704443
