2817848
2084673
2233575
2226918
2230623
2105622
2346284
2366058
2175731
2256223
2305712
2374004
2312697
2314403
2281631
2344220
2351545
2369897
2319331
2356398
2300255
2139524
2303339
2326324
2331992
2256736
2355571
2344166
2373602
2319929
2372609
2359331
2299364
2379570
2341097
2405365
2422421
2379166
2579365
2431072
2276747
2311576
2361750
2383348
2301229
2343069
2391523
2341567
2296421
2354913
2194410
2370833
2270153
2407617
2359794
2350013
2355570
2340356
2366742
2355141
2023395
2064757
2056012
2337028
2038279
2049634
2125282
2054591
2107125
1955840
2031553
2087538
2005189
2014940
2057509
2055729
2017917
2032869
2102611
1988538
1993894
2168358
1992324
2035111
2089682
2005010
2057857
2143857
2234754
2038511
1965439
1949520
1958858
1867079
2036468
1977621
2013063
2012554
1978782
1956067
1978786
2014228
1981500
1993110
1983907
1967262
1981951
2084012
1929398
1998084
2044407
2072305
1961788
2084995
2030650
1947520
2037059
2110858
1961612
2007891
2104034
1939676
1999270
1982600
1993471
1969301
1954788
1944028
2020308
1959044
1891135
1971937
1956149
2021587
2038327
1925392
1925430
1970867
1918737
1886895
1954469
1994456
1911127
1933997
1949689
1911977
1938396
2011760
1953776
1979537
2024307
1926941
1950252
1941526
1922766
1972395
2030970
1940083
1969377
2030056
1931135
1962445
1944695
1935405
1990352
1891581
1873637
1937827
1922657
1924853
1994311
1930052
1889334
2097238
1948874
1962010
1901216
1794510
1960860
1991120
2377695
2000785
1940669
1842455
1856663
1977870
2007280
1959269
2108422
2027422
1677058
1962777
1948613
1960222
1875748
1765098
1838738
2074030
1933561
1901869
1969111
1985220
1994592
1939661
2021233
1965309
2340426
2046982
2008980
1951120
2019832
1987120
1958660
1942992
1988819
1935211
2055653
1997751
1973619
2051519
1968379
1977248
2030064
1983670
1982316
1971791
1958387
1997431
2036726
1996691
1985044
2021718
2001188
1862736
2085205
1970029
1939170
2020591
1917273
1990694
1988558
1874076
1986897
1975658
1938669
1992168
1947409
1889002
1928695
2050455
1997901
1943011
2010310
1933316
1963964
1741426
2069810
1989506
1996575
1814741
1984440
1993686
1926879
1976877
1982516
1902315
1949219
1936658
1911534
1897141
1985134
1910129
1988485
1971750
1989451
1952119
1983727
1960003
1960458
1954355
1699350
1966690
1940976
2000175
1873403
1820995
1830002
1786038
1898780
1880374
1936344
1944112
1887537
1928262
1901087
1839919
1961346
1896834
1891904
1958596
