2977883
1797514
1735435
1952825
1912196
2112245
2097573
2035494
2028853
2009769
2082978
1618822
1589935
1577335
1519784
1628031
1619103
1655112
1621191
1624773
1654182
1620136
1624447
1603242
1622379
1621161
1575884
1633698
1628922
1543264
1612847
1619515
1628963
1593443
1577581
1601197
1516756
1562077
1582401
1405618
1583771
1589585
1581217
1663702
1631012
1640171
1656273
1634008
1661611
1654083
1640472
1638672
1652314
1621451
1628492
1652006
1645359
1673927
1652573
1658853
1648652
1660414
1639661
1671958
1639508
1650468
1755194
1660053
1671282
1642882
1651436
1645627
1648562
1656222
1635369
1643252
1651530
1638463
1695739
1603566
1683673
1654471
1656116
1628432
1635473
1602291
1635423
1669163
1650602
1552369
1752939
1655126
1686149
1663198
1591117
1676188
1627354
1681959
1722444
1308618
1341368
1281020
1513136
1585709
1650817
1670374
1639792
1679937
1709583
1677376
1738943
1755083
1676893
1803301
1765718
1750737
1644413
1763714
1650026
1608956
1832185
1831935
1789014
1852906
1706363
1617696
1608812
1847872
1708126
1853816
1717548
1811860
1650921
1720544
1827632
1915232
1804894
2024898
1762631
1726057
1846752
1827050
1760098
1765170
1873133
1728253
1705903
1752817
1737773
1824865
1744804
1818144
1780696
1846865
1670720
1857519
1659723
1889802
1938285
1704261
1620817
1705507
1662138
1655970
1629572
1654625
1638110
1671572
1644332
1644962
1622469
1638312
1646703
1614565
1658239
1652923
1648913
1660914
1700762
1636913
1649976
1644072
1642022
1642858
1652886
1649872
1611150
1751628
1622953
1654176
1654721
1574178
1684161
1591922
1464670
1539221
1530581
1616163
1627052
1649319
1634678
1667172
1658121
1717234
1674583
1668801
1876732
1928819
1877829
1923635
1801449
1886182
1907345
1756855
1823941
1801103
1650013
1930975
1889075
1883606
1890652
1783328
1719250
1712450
1794261
1775014
1897606
1920380
1708024
1707824
1771974
1885219
1893256
1726624
1888416
1850138
1928032
1708847
1894035
1892295
1745926
1787819
1748298
1825739
1705123
1919563
1812195
1705594
1754311
1712744
1678323
1760058
1761775
1879768
1905786
1914785
1992128
1729625
1910026
1716386
1883965
1770224
1714627
1904315
1742574
1899072
1955125
1773234
1887138
1993697
1761828
1878407
1887067
1984079
2152113
1887564
1715993
1784404
1888902
1784598
1679623
1913636
1763903
1903285
1872501
1756233
2000907
1902015
1908415
1719044
1881578
1779122
1679969
1863278
2131353
1770029
1726741
2262081
1684523
1614452
