1973194
1886945
1885116
1993437
1875279
2043612
1820319
2099166
1925506
2051265
2096787
1854081
2111798
1972325
1959028
2054054
1933564
1966171
2061907
1922347
2170201
2205287
1996991
2024105
1949127
1939515
1986585
2000628
1963917
2008448
2056195
2036824
2094509
2103245
2102828
2018969
2010094
2059348
2005047
2187688
2005162
1996246
2061749
2083097
1993738
2109498
2008683
1996621
2026472
2174266
2087347
2059145
1927868
2094901
2067911
2016997
2110163
2051698
2011190
2048886
2109332
2022261
2043061
2108538
2030178
2031193
1894593
2083401
2013951
2111302
2084997
2028508
2107742
2076151
2011028
2111464
2070154
2190562
2011242
1933587
1816791
1801376
1921086
1887419
1876176
1881763
1990313
1899246
1923831
1960474
1794317
1799364
1925629
2234168
1850878
1858289
1978807
1852517
1824606
1918277
1806640
1819107
1874590
1824200
1785875
1856185
1769866
1802051
1811406
1840150
1785144
1801676
1804036
1755216
1853636
1833657
1855814
1783266
1787790
2026168
2207176
1993737
2051731
1389973
2000231
1799998
2202721
2056231
1869995
1979079
2047558
1828494
1832421
1822547
1998601
1717692
1929395
1877097
2081397
2033096
1849830
2016806
2066885
1848205
1915047
2033461
1754347
1518544
2025041
2069352
2085423
2039025
1962897
2035967
1980591
1873981
1880432
2041897
1839620
2050631
2037369
1737424
2052106
2042845
2052107
2015536
1985011
2026842
1825024
1982515
2031831
2018906
1991503
1897476
2084072
2042200
1739366
2068398
1827074
1876469
2091441
2118786
2412167
2040895
2057716
2041301
1809866
2060481
2075347
2075960
2065247
1763430
2070231
2038577
1876716
2189831
2034105
1997007
2096769
1991616
1987425
1971117
1989107
2028587
2107248
1999435
1976608
2150732
2046575
1870184
2065375
2038052
2019539
2069048
2036818
2055398
1858690
2074716
1885274
2088432
2077100
1879176
1997196
2015707
2082822
2105318
2058441
2006847
2078555
2046333
1937408
2115107
2078520
1680955
2091469
2072399
1849341
2156577
1970591
1877607
1928743
2018039
2055747
1948616
2050018
1873017
1872006
2051935
1866160
2065271
2052921
2045017
2076225
2068378
2014635
1895483
2069298
1996981
2026312
2054026
2010382
2026789
1935820
1887806
2050288
2018112
1620529
1845614
2186588
1708685
2028222
1927212
1785635
1957931
1640568
1670976
1666979
1629925
1693265
1949295
1630169
1649951
1680384
1674395
1780664
1888981
1979632
1775847
2036386
1768806
1773746
1881341
1939047
1787846
2031272
1761204
1724954
1768928
1792373
1779020
