2719096
1953038
1520308
1943724
2075073
1995835
2020136
2046883
2001407
2127006
2052461
2074957
2057024
2071387
2096378
2062769
2056133
2104135
2077975
2084590
2108738
1969814
2068172
2121036
2093476
2098801
2211561
1767398
1862029
1971440
1821098
2057212
2096372
2076375
2056069
1926356
2035349
2059375
2102476
2096170
2065644
2066405
2014498
1914808
2080435
2031252
2072221
2078565
2053885
2072725
2095713
2061971
2006446
2066232
2065041
2072052
1966363
2310481
2031836
1832956
1633362
2087143
2047477
2311499
2031329
1813222
2034284
1978705
1939099
2013227
2050608
1999139
1976406
2018374
1946630
2013668
1962504
2003464
1909413
2020693
2040655
1868494
2183126
1738581
1885526
1981676
1933602
1851978
1990303
1917531
1934027
1901757
1842138
1826015
1736627
1669151
1842701
1828319
1718549
2013845
1866229
1965671
1978101
1993419
2008596
1973501
1939233
1996550
1936463
1935066
1935770
1983625
1754507
2025583
2033465
1961014
1886006
1968876
1985245
1939987
1876141
1947946
1911220
1920752
1818761
1885286
1886249
1875391
1854391
1866930
1966635
1935291
1911139
1954463
1942650
1892649
1926986
1955764
1831268
1916674
1891086
1863284
1921107
1838014
2125088
2973305
1902009
1925941
1870193
1894111
1821023
1915320
1805873
1797930
1843659
1916403
1810436
1890225
1921152
1863964
2247867
1972581
1882062
1913703
1930376
1854033
1890072
1902509
1844857
1905651
1903133
1884883
1836090
1885460
1890539
1933424
1962590
1831404
1875972
1874662
1839290
1836789
1773824
1835272
1859318
1867930
1789483
1848343
1909329
1971828
2006601
1995256
1989675
1972360
1778250
2152016
2198789
1943203
1837205
2146922
2084215
1968416
1901851
1989061
2017250
1884844
2030208
2034826
1940491
2029156
2023834
2033794
2040810
2017276
2043589
2022395
1960944
2070603
2052820
2018140
2135199
2062379
2043911
2095034
2081715
2064515
2033118
2067788
2018955
2087175
2069215
2025868
2050465
2081033
1996681
1991591
2056535
1961193
2010371
1981065
1933738
2029754
1996609
1978554
2023738
1999965
2020875
1976030
2068935
1968754
2042740
1991714
1920995
2011084
2029295
2018730
2025104
2057445
2016902
2004918
2025885
2026028
2067274
2050788
2026487
1997092
2029727
1893272
2018829
2037129
2000279
1940732
2041135
1873643
1981046
2038261
1952424
2001754
1919753
1961629
2072811
2049776
1901296
2013463
2056439
2022467
2018205
1988497
1950380
2006314
2048821
2004348
1956689
2116262
2221717
2007577
1800670
2138968
2093862
1942885
