3206330
2854917
2764038
2660354
2575210
2809962
2862373
2557071
2812790
2827827
2723742
2806997
2794286
2758480
2711138
2787217
2761106
2782157
2834584
2675021
3007699
2855731
2815433
2893137
3074155
2494337
2777835
2778346
2607048
2782670
2533108
2646898
2746021
2548300
2641989
2747721
2745797
2620949
2716086
2825628
2632159
2748238
2766582
2364042
2727799
2530708
2761800
2774931
2570336
2615019
2692125
2688205
2668269
2705581
2763690
2700401
2812027
2743539
2671135
2707342
2712309
2593381
2759713
2592837
2633557
2691166
2342764
2541849
2555970
2552468
2433082
2558705
2399933
2422923
2644743
2431329
2555618
2770636
2684436
2616017
2809296
2737016
2764463
2744840
2726320
2677149
2735555
2728241
2640222
2684365
2598351
2441878
2644556
2739851
2663800
2727766
2494078
2526085
2752056
2815076
2719099
2732568
2745188
2719979
2742524
2697495
2686030
2596047
2813416
2711844
2770851
2784450
2688023
2690935
2849369
2437543
2800731
2728219
2747949
2355802
2667152
2654837
2873172
2790123
2832317
2734926
2750917
2593825
2757663
2811197
2731731
2791236
2691501
2775896
2836580
2735877
2738786
2729038
2737197
2695744
2664932
2726710
2703153
2829753
2857900
2548755
2959057
2763011
2627124
2813279
2621305
2640465
2802224
2752053
2655976
2688365
2767259
2591178
2801912
2868011
2818762
2782790
2765946
2588324
2819222
2606540
2666245
2856966
2734759
2732704
2800387
2771516
2792474
2736662
2774145
2633157
2563847
2342788
2439437
2732368
2021067
2146703
2801221
2322928
2414072
2617103
2613570
2469804
2652121
2661261
2541643
2699868
2634274
2453353
2752205
2592471
2643951
2758280
2525700
2795176
2738605
2678640
2765050
2712890
2744746
2666719
2787980
2691378
2703115
2730239
2665692
2647580
2699170
2565678
2695352
2763930
2501593
2565460
2647521
2823232
2728709
2761270
2682082
2547624
2668591
2574460
2662621
2812973
2625169
2827263
2664751
2500709
2663408
2655064
3039294
2771017
2681335
2641449
2640101
2626144
2690534
2796319
2639964
2544960
2690015
2573719
2653279
2583494
2584350
2685922
2676726
2683939
2497530
2601952
2664678
2608628
2616241
2519934
2687929
2527320
2713265
2584638
2560364
2697575
2999863
2567398
2657939
2576381
2700002
2663862
2492567
2331784
2540618
2571207
2465397
2641839
2404178
2321173
2417016
2566760
2570459
2534466
2627786
2382306
2328892
2039507
2465171
2396689
2605729
2424079
2533888
2582953
2494200
2697168
2588497
2415716
2644904
2294609
2623782
2552630
