2093562
3321680
1481643
1505354
1611794
1666752
1659851
1690247
1670458
1654949
1714657
1660799
1652488
1708349
1693729
1645696
2353802
1713979
1739329
1701652
1703028
1700105
1666359
1713771
1670346
1671943
1701526
1828824
1732501
1720517
1596064
4218964
1707299
1693983
1551191
1725834
1682587
1559181
1733525
1640173
1549891
1717943
1709813
1585566
1665730
1666177
2597285
1707623
1659592
1662267
1702379
1685520
1624322
1690629
1657248
1657023
1725750
1793474
1536461
1689857
1683309
2540294
1652951
1713563
1438614
1265894
1456418
1452442
1611105
1510671
1357051
1403967
1421338
1455898
1482613
1513789
3578809
1456600
1514046
1476198
1458143
1502268
1479079
1429001
1491336
1392742
1441683
1564380
1415640
1443968
1518494
2597861
1524737
1556407
1531446
1501723
1545515
1494649
1450418
1542454
1547935
1505804
1546692
1542036
1480715
1484083
3625812
1551605
1517630
1428453
1531273
1556625
1518325
1568745
1527051
1537290
1517106
1559591
1528436
1555325
1559255
4768718
4848586
1467181
1433413
1376667
1530066
1475958
1370227
1451902
1440254
1430572
1451382
1428404
1483332
1440433
2751709
1498649
1451185
1481339
1476322
1440535
1426019
1484026
1515143
1470254
1423282
1447268
1434277
1526983
1625671
2541390
1346027
1461804
1427533
1418127
1340581
1374826
1381977
1480741
1423598
1378287
1467899
1378302
1434832
1450078
2465422
1371495
1517806
1441978
1324356
1309312
1338296
1366710
1399667
1114016
1295065
1296655
1302779
1359647
1289359
3578930
1416769
1427258
1423903
1429998
1426748
1418822
1428344
1454399
1423441
1352387
1466636
1382328
1425930
1469808
2465685
1417672
1408190
1421404
1341317
1455065
1412902
1407102
1459573
1344267
1407001
1446912
1413432
1664353
1471194
3535764
1420134
1472458
1304956
1427325
1492884
1381051
1427717
1357683
1435871
1504839
1518979
1466448
1492875
1513633
3360265
1424990
1519330
1413618
1496553
1506833
1493654
1497474
1522164
1501344
1517487
1593480
1445471
1607048
1638421
3060424
1554584
1562429
1534424
1566548
1582425
1450122
1522479
1455755
1508097
1571320
1571063
1515851
1528120
1577611
2974748
1410371
1420928
1581781
1526357
1512650
1445882
1498527
1585832
1471303
1479396
1481392
1454242
1497352
1371505
2969940
5460037
1404534
999806
1094745
1049582
1026356
1203553
1155562
1065482
1247401
1120537
1144183
1201850
1223945
1185245
1190797
1235202
1210151
1201395
1437364
1463368
1434468
1422597
1451381
1366037
1419512
1408808
1413058
