2437549
1734281
1620517
1454036
1797982
1623816
1415348
1702674
1717063
1640114
1675950
1792425
1606205
3333842
1735624
1701772
1789095
1732007
1643855
1692588
1777436
1659363
1826757
1861408
1746440
1794419
1706791
1820111
2646312
1837274
1845403
1818699
1839859
1658462
1813423
1837422
1775241
1753191
1824677
1667817
1821492
1756294
1832843
2644140
1840155
1663264
1759182
1661284
1860912
1647126
1755073
1773539
1810069
1857134
1785395
1782735
1833606
1886714
2497118
1837809
1603261
1719178
1775019
1709726
1714088
1719044
1634379
1721474
1786695
1734899
1803916
1755069
1775688
2374422
1587941
1934270
1797143
1721173
1747259
1719790
1673907
1560359
1774854
1729239
1581018
1544986
1762179
1810219
3385163
1781190
1787855
1803288
1858163
1752435
1663550
1765194
1676423
1765579
1782031
1326592
1535311
1646398
1506913
2681632
1795805
1617495
1608944
1710778
1555160
1779301
1723900
1554067
1843870
1750924
1629522
1698375
1847517
1733455
3393698
1789595
1719109
1765844
1890312
1691388
1765401
1848127
1796300
1776696
1837855
1773496
1819348
1801077
1743911
2430104
1715991
1725447
1754505
1836217
1730034
1812772
1833539
1736749
1826649
1830669
1844816
1685301
1677522
1689577
2264437
1773008
1632524
1766239
1431468
1563627
1783875
1760529
1449680
1630356
1645765
1404638
1672030
1639421
1622717
2625182
1719233
1654106
1649902
1710974
1629289
1723639
1674822
1644166
1661789
1751054
1731911
1710845
1724796
1639964
2276845
1690114
1736495
1706188
1713354
1736844
1698198
1704710
1648893
1714257
1648474
1638846
1710976
1707289
1693097
2865514
1712626
1714115
1723893
1648443
1626143
1724930
1664011
1720724
1697013
1668674
1620769
1655867
1523633
1497086
2621179
1621453
1754469
1753215
1702104
1570773
1637295
1636802
1561677
1765955
1708068
1739892
1632153
1657659
1615660
2636682
1644554
1687035
1688403
1626581
1621788
1643639
1652991
1636924
1703844
1581143
1750693
1684085
1681818
1726272
2932435
1662141
1812136
1713515
1647416
1658038
1693746
1536134
1584707
1707151
1595604
1587489
1704198
1631588
1685239
2066020
2495782
1540531
1722112
1512171
1576382
1548044
1603729
1572954
1551470
1574042
1570398
1515985
1603992
1480410
2304855
1564718
1570213
1672305
1628301
1456056
1643790
1553988
1655655
1647745
1623069
1791305
1670603
1555013
1622747
1680608
1538730
1642674
1750704
1582228
1578423
1747045
1592659
1593099
1694850
1581504
1586194
1718749
1538239
1646848
3640280
1532586
