4226269
2871171
2557936
2473181
2609484
2660776
2695439
2628203
2621266
2681580
4823059
2291984
2642714
2523487
2346508
2166272
2747442
2512217
2632021
2536134
2517813
2587648
2536049
2443067
2653961
3342876
2399485
2608569
2740106
2609647
2578449
2553327
2831717
2785786
2477227
2559583
2551671
2535157
2463327
2408295
3359123
2345367
2536138
2507732
2557842
2415268
2509768
2500848
2553500
2476336
2540775
2507506
2570983
2466592
2416799
4888507
2500586
2484302
2531849
2489282
2383105
2576067
2520433
2587839
2628807
2547923
2523996
2416597
2543788
2606176
3503037
4088443
2542273
2470860
2650091
2479761
2659029
2440540
2621885
2578754
2611794
2525502
2617590
2508782
2663434
3211822
2636749
2570493
2582549
2603993
2635617
2731285
2626766
2574746
2614867
2530861
2672598
2693406
2523343
2669392
3328058
2610715
2625577
2612836
2663058
2667979
2639569
2683605
2588812
2700945
2611854
2656224
2633799
2706808
2606245
4753583
2577404
2598794
2638980
2538679
2643456
2628849
2517449
2604559
2364145
2944238
2646573
2656254
2972702
2719979
3226765
2815688
2726880
2433772
3021816
2911488
2361390
2587803
2728095
2777728
2668680
2747181
2705170
2520816
2669491
3255376
2673615
2577227
2826440
2549540
2627340
2885897
2672835
2723045
2818244
2552974
2879481
2700833
2676668
2624842
4572735
2604240
2745141
2826666
2816782
2954811
2874181
2456566
2908554
2495098
2608035
2344137
2651130
2497672
2664403
4543018
2647420
2781669
2898828
2506321
2554133
2554419
2732784
2755654
2631039
2848179
2608215
2956583
2697188
2729017
4460974
2732579
2721794
2815071
2854391
2590508
2736979
2798987
2890073
2798216
2706811
2847460
2790995
2653670
2686671
3444377
2707343
2627304
2633849
2682990
2613492
2846703
2678529
2814057
2827687
2713020
2786931
2778962
2381467
2218374
3537280
4119083
2356275
2772557
2319883
2645873
2600075
2551269
2524761
2463883
2660124
2800469
2320004
2513062
2405231
3279806
2626048
2761195
2861203
2584968
2603639
2720985
2601119
2636236
2833273
2572486
2845553
2696994
2420080
2741451
3320612
2493567
2485752
2872033
2601637
2640436
2845548
2560823
2573927
2831965
2558736
2684813
2832372
2498095
2336304
2448636
2694901
2733939
2613393
2621466
2656968
2735095
2598143
2619799
2753502
2591013
2839492
2508237
2629129
2475765
3829454
2685370
2741219
2835361
2239113
2447813
2634898
2047236
2314241
2637763
2689665
2563499
2696785
2577090
2705010
3581032
2576160
2430254
2721288
2500972
