2714319
1825574
1598460
1960983
1954301
1919599
5895286
2166828
1944255
2050247
1983402
1989781
2035689
2016089
2004565
2039313
1992381
2032395
2010107
1999412
1996283
4796538
1927483
1983748
2037163
1948638
2031057
2043975
2020913
2022655
2031334
2012633
2042173
2040914
1999845
1959773
3884079
2018768
2051554
2027099
1969171
1974362
2036004
2010877
2037513
2048666
1880991
1973908
2005358
1966997
2042193
5253602
1981314
2039644
2053333
1984156
2027645
2098609
2001998
2030650
2043868
2020292
2028690
2031385
1995928
2022281
4848650
2244740
1969092
2031782
2007450
2115152
2113172
1969165
2067197
2043698
1965995
2096976
2048722
2002619
1995476
3863259
1963034
1892518
1867114
1937836
1915342
1922595
1937738
2090033
1901130
1946874
1757093
1837157
1935052
1887963
5451004
1786373
1949708
1815326
1560653
1887897
1961525
2110969
1853177
1912535
2003847
1797571
1916556
1950814
1889132
3785787
1962463
1970643
1934357
1978237
1957428
1984766
1982045
1925820
1986933
1872436
1961498
1983482
1937387
1923607
5678535
1986143
1978506
1965936
1954397
1918430
1961302
1983146
1895711
1966493
1983333
1873038
1943139
2003510
1927035
2397854
1905659
1897326
1919461
1880377
1957517
1980909
1945201
1922141
1917817
1898529
1886565
1923215
1911619
1920717
3512008
1947236
1956781
2168023
1831372
1865962
1935026
1947678
1932470
1917486
1923845
1843946
1864210
1957462
1920867
2309931
1894159
1920312
1912684
1941531
1975791
1909356
1937718
1876225
2080782
1963235
1916022
1920895
1933352
1941361
5624773
1900749
1896671
1965398
1925829
1923787
1906308
1929386
1855308
1915367
1924398
1923768
2106676
1962942
1873149
2458356
1890672
1867356
1850278
1869569
1851759
1780232
1881234
1886420
1855717
1904475
1865690
1863020
1894778
1762041
6199110
1930099
1906471
1896651
1903462
1906226
1899025
1890372
1917747
1938665
1931202
1925861
1851394
1928567
1906688
2404984
1928051
1899326
1925564
1952006
1901339
1891555
1914194
1907405
1910123
1936996
1907972
1924389
1911323
1814316
1924686
1952966
1895277
1881686
1879801
1853401
1887894
1900863
1822026
1881041
1902723
1873737
1800322
1873229
1928423
2486978
1984707
1973622
1983149
1992428
1947492
1976116
2175987
1993792
2024727
1980433
1950836
1945062
1958292
1952839
1929865
1964531
1932835
1935142
1946432
1806325
1949332
1755575
1722600
1843266
1773608
1572009
1713646
1849897
1513301
2019802
1651910
1482839
1842265
1677377
1657417
1708141
2027690
1385674
