4139960
2757878
2559986
2651650
2687417
2169094
2477662
2754806
2695066
2499872
2498611
2700827
2501355
2626606
3484168
2568067
2716434
2690321
2733101
2717938
2743806
2673610
2725745
2613836
2652194
2666758
2695086
2529797
2937325
3292316
2487442
2486805
2462910
2367435
2314301
1987767
2557646
2628310
2237311
2614057
2610824
2695567
2661642
2607728
4014460
2666139
2544301
2431145
2516794
2489809
2602988
2576298
2582307
2445423
2618598
2463120
2626723
2614507
2384516
3547671
2541869
2448627
2572190
2620381
2527736
2622434
2549675
2640188
2566505
2494807
2571477
2605838
2611437
2684302
3576661
2438985
2525902
2611667
2540391
2608154
2544193
2513892
2501077
2595652
2562960
2567337
2433316
2536767
2637811
3863175
2563659
2581356
2635700
2601015
2673717
2620616
2597503
2648287
2411258
2505406
2372136
2579725
2600371
2580757
3498517
2654165
2686318
2641627
2516699
2670067
2641535
2643413
2583225
2703273
2484394
2699838
2698201
2697965
2672186
3590108
2694983
2737381
2636507
2656335
2604322
2774988
2730667
2716739
2657176
2465131
2547374
2612367
2733790
2684626
4278834
4007685
2450245
2705434
2190162
2898696
2305276
2710082
2482732
2465231
2713748
2668246
2431339
2712564
2450154
3450058
2738407
2871505
2715463
2654522
2792039
2719616
2668901
2616137
2666343
2656523
2578875
2633166
2427024
2526270
2975990
2639777
2519165
2606541
2353441
2191630
2376454
2665908
2531116
2732376
2617336
2531389
2647047
2609040
2757133
3015865
2581255
2606045
2629222
2639702
2821393
2725461
2668126
2708316
2641277
2601267
2500331
2398665
2715626
2431087
3173159
2225215
2530970
2686757
2643402
2558646
2652940
2608146
2718191
2667385
2585155
2596737
2723315
2613647
2650966
4462519
2797763
2562826
2470536
2629861
2646697
2619254
2574564
2767852
2613341
2560471
2584194
2697688
2584866
2549256
3559884
2526130
2397579
2531295
2274628
2456861
2633353
2616517
2610548
2359600
2437007
2502318
2512765
2509275
2546110
3489777
2494287
2615835
2577551
2441840
2309758
2478474
2491870
2743012
2614107
2732122
2550051
2653331
2708775
2424379
2763241
2478774
2624147
2353120
2519416
2495472
2491346
2399316
2536180
2491826
2396816
2490974
2540880
2368164
2427200
2920989
2404512
2418015
2340328
2362370
2324574
2336088
2270191
2046608
2265588
2245569
2287055
2548767
2381026
2521551
3220616
4035583
2607662
2509805
2627903
2515417
2614417
2614462
2530058
2551657
2483647
2566230
2613421
2527856
2521949
3450838
