2643300
1991837
2079107
2146342
2195118
2275474
2320870
2290030
2185049
2456316
2374614
2375246
2347212
2313491
2134314
2199855
2353011
2232379
2277715
2313020
2238770
2426604
2353396
2260070
2381920
2301231
2370031
2365107
2356238
2285290
2162826
2353495
2287568
2352148
2335845
2332124
2169289
2368881
2360155
2356195
2368995
2375615
2386174
2327252
2338144
2312101
2263241
2258231
2278301
2297400
2190540
2316119
2319122
2280375
2351631
2297101
2288410
2331235
2067173
1917338
1934982
2034338
1758858
1984078
2119450
2071269
2010847
1822987
2016088
2016473
1974543
2012892
1960303
1903213
2048850
1927549
1963209
1957626
1932977
1945246
1938256
1969314
1951373
1902612
1988874
1965998
1884359
2026213
2006645
1935726
1824792
2011014
1991604
2026357
2058453
1967286
1995553
1999968
1935236
2005898
1967067
2057743
2006038
1983252
2006413
1828756
1995542
2070493
1996562
1951632
1796488
1963988
1878544
1934423
1939788
1976518
1881338
2039697
1899662
2002072
1992814
1960049
1878462
2008459
1944508
1904328
1952443
1940218
1916941
1996797
1952199
1960095
1977787
1952369
1990140
1884227
1963699
1845767
1924438
1962563
1920548
1952727
1963269
1908572
2021593
1948963
1913005
1966523
1960633
1932734
1782582
1943969
1919222
1959422
1936578
1796507
2021193
1920568
1879708
2118324
1936212
1805131
1786096
1915931
1822707
1771716
1925852
1822668
1834864
2037274
1814501
1859862
1897032
1853712
1895463
1880126
1844180
1912118
1910793
1848838
1814798
1920412
1832131
1878744
1975153
1876702
1898237
1972399
1826426
2049069
1912968
1955952
2035439
1965147
1792165
1976084
1987304
1880215
1965703
1962753
1829518
1934237
1966093
1799936
1990539
1973590
1858656
1987078
1967338
1780555
1980813
2001628
1903528
2041899
1974543
1838174
1958703
2295635
1913845
2052426
1966349
2087752
1945449
1877752
1900877
1993939
2003813
1818402
1850586
1865456
1871117
1817436
1866308
1820812
1908892
1867782
1941578
1948857
2000978
1780606
1786172
2015139
1829128
1769477
1888437
1745723
1845957
1812918
1795727
1847541
1823642
1791757
1856875
1822347
1840389
1885047
1901011
1825895
2004748
2018509
1865404
1918722
2015248
1915664
1904043
2006622
1927022
1942872
2012133
1950472
1933959
2019523
1982424
1973459
1965228
1973729
1932755
2000089
2027523
1983232
2002604
1940312
1922672
2004499
1980729
1995002
2000353
2011222
1978653
1982709
2010543
2017039
2044559
1892127
2043359
1980242
1967022
1942261
1990063
1739077
