2395911
2218270
1940823
2207077
1961159
2018178
4798565
2480228
2250550
2179752
2279534
2107916
2230257
2372618
2239044
2327160
2417603
2166072
2295768
2235877
2356879
4215422
2286382
2068842
2288837
2339025
2235589
2290235
2309346
2159777
2285338
2192466
2127066
2341132
2287277
2210669
4157780
2309413
2315118
2320874
2238627
2251708
2335442
2285943
2299862
2319138
2266331
2258101
2324405
2270931
2260266
2311097
2282382
2192212
2344067
2277886
2285392
2339618
2264506
2175256
1983235
1854516
1893676
2005371
1829257
1967278
3873667
1837036
2051956
2055225
1843032
2199700
2047465
1922083
1992147
2081199
1934179
1843843
2016154
1991138
2030615
1968718
1928347
1887091
1913597
1974517
2029094
1940264
1926237
1847722
1887197
1914456
1954234
1978618
1905137
1924467
4021112
1926608
1961923
1809876
2021709
1893042
1871981
1867926
1926313
1931823
1937219
1972948
2004996
1984533
1940377
1992330
1984147
1982198
1877743
1973508
1978018
1982705
1960650
1949937
1879639
1952298
1933248
1970678
1938068
1844921
2738363
1928958
1977925
1865213
1960627
1975829
1981444
1911336
1943627
1978984
1929037
1865937
1953600
1927527
1987458
1995246
1953683
1858196
1887477
1999426
1867311
1873376
1948895
1966438
1925597
1873934
1850151
1975153
1896886
2019354
2988666
4838973
2046959
1970064
1960285
1877266
1956892
1959318
2049027
1968831
1998124
2058374
1977522
2013642
2045289
4118850
1974404
2046923
1949147
2000450
2018524
2015348
2007735
2064565
1970704
1971977
2015458
1978381
1972514
2059405
4286263
1954788
1949143
1958204
1973182
1955294
1877271
1925230
1993415
1967134
1798453
2019985
1972688
1942125
1899424
4710477
1968876
1974457
1926673
2007459
1875522
1941486
2227943
1816806
1892194
2024950
1759811
1734980
1914629
1723893
3142215
1935306
1889913
1921817
1875809
1936893
1968613
1836260
1920114
1910302
1925574
1893109
1922345
1967618
1859628
3021654
1954352
2017711
2045850
1984579
1982478
2034120
2013193
1985755
1980604
1985070
1975556
2024925
2026488
1880985
3485408
2009984
1922549
1961004
2028605
2058540
1978283
1942348
2005491
1935048
1967038
1973295
1936039
2020259
2001914
2767097
2009644
1926269
1888703
1982583
1981833
1932405
1962576
1992754
1943307
1862696
2014794
1931101
1982838
1985617
3201569
2020764
1979025
2035578
2021808
2052546
2014188
1927849
1986818
2008648
1923350
1996644
2018750
1950237
1923873
4193341
1983129
1941516
1953797
2000193
1928693
1986070
1956698
1919289
