2151435
1553337
1819487
1558586
1418001
1642845
1732127
3590658
1658737
1770822
1704959
1679838
1742120
1646411
1668441
1607396
1720987
1665898
1673572
1684742
1613932
1595792
3527278
1592610
1376671
1577785
1514901
1456393
1622494
1635711
1629132
1625570
1636700
1552269
1693906
1625905
1526018
2845278
4405151
1641306
1622981
1599679
1663605
1627552
1645591
1550396
1636841
1565182
1630890
1618892
1579451
1572225
2663722
1616352
1554055
1630542
1579171
1647450
1630483
1631697
1544771
1714074
1695111
1488795
1602081
1613535
1525224
2467731
1590543
1599481
1632358
1593611
1632450
1631130
1549859
1469470
1635765
1582758
1468084
1631232
1575710
1535732
2472783
1636454
1626225
1639204
1587299
1518616
1554263
1669626
1378603
1583139
1659672
1629926
1545530
1522342
1451144
3878031
1609884
1564714
1676819
1653077
1583031
1645475
1607138
1667099
1642680
1589960
1628241
1641822
1652353
1617395
2346124
1602354
1613030
1635760
1640896
1660908
1635061
1615199
1603167
1642886
1563839
1584375
1635016
1642630
1643235
2358444
1637705
1621646
1629999
1626360
1663359
1636719
1729601
1623557
1633790
1621895
1612856
1652136
1645010
1514428
2452549
1597488
1681608
1642278
1660550
1634814
1642240
1660052
1622716
1646282
1641556
1574065
1636091
1650095
1637485
3675644
1647614
1661569
1906379
1692406
1681170
1652923
1682536
1683546
1692953
1680525
1704702
1671722
1621341
1607303
3613979
1672686
1701417
1673761
1641876
1614715
1708571
1691582
1512828
1691445
1686027
1690449
1609082
1754204
1729297
2600302
1659436
1537906
1821333
1544194
1673732
1360859
1647574
1676084
1649619
1616605
1651324
1642876
1822085
1494414
3371001
1530911
1558465
1614345
1608142
1573963
1663511
1603781
1641505
1614479
1580012
1707650
1618544
1579595
1659367
3525514
1654670
1620025
1654846
1643386
1686248
1662042
1554856
1540775
1660322
1617040
1842894
1672406
1610857
1640717
2352052
1645126
1593814
1656000
1660149
1879938
1665470
1725192
1777297
1668051
1683519
1625176
1695783
1668489
1586063
2632567
1687960
1751591
1631232
1504154
1707473
1643636
1587275
1545254
1578862
1675600
1588255
1730117
1673706
1733436
3741353
1667645
1723456
1788457
1637510
1663057
1733213
1749192
1812347
1641454
1710566
1684080
1685680
1651749
1670886
2414843
1703567
1674536
1722313
1741536
1666606
1666358
1700136
1720543
1704112
1684117
1693756
1717686
1708306
1570569
2580670
1670683
1633384
1710562
1660865
1558484
1737440
1702787
