2307038
1455838
1518305
1710961
1614723
1639921
2984230
1463873
1182261
1696778
1654974
1504265
1779498
1822350
1707609
1730012
1691381
1501510
1791200
1749643
1612055
3465492
1734742
1737814
1670020
1335444
1680328
1761929
1737819
1674534
1778918
1775683
1726375
1769641
1716845
1659684
2447305
1685498
1770569
1767024
1761429
1714946
1716604
1641741
1671654
1766463
1692212
1732798
1775843
1663062
1570790
2448136
1746443
1693613
1679618
1756890
1777735
1826250
1693116
1722735
1747133
1755689
1727069
1974973
2649865
1733886
1742184
4099413
1780059
1669486
1636027
1696487
1817542
1656633
1598620
1725752
1456157
1677162
1749990
1692293
1747658
2442207
3294342
1699341
1660907
1673348
1570822
1851407
1698054
1592611
1663633
1656581
1752155
1661182
1618131
1557582
2396674
1752160
1808018
1787636
1701782
1638103
1766699
1665418
1575626
1802516
1648627
1518349
1912233
1604130
1534180
2273397
1683583
1516489
1640932
1538415
1543468
1842865
1692008
1446738
1492869
1690430
1647389
1493231
1686748
1550829
2295965
1723028
1548820
1662756
1649163
1578820
1702122
1593142
1576896
1747742
1716802
1554946
1717088
1713973
1636912
2257172
1693898
1553516
1771833
4219320
1586775
1778459
1702917
1697052
1843648
1623899
1645529
1746385
1691818
1708542
2229475
1559676
1779544
1802683
1626773
1707837
1775063
1637902
1664677
1764549
1543699
1529483
1581735
1651977
1686602
2252021
1637712
1588920
1583469
1697739
1567707
1748861
1601167
1556144
1721927
1576949
1574873
1712792
1656357
1520543
2180479
1789674
1594517
1644092
1650828
1559061
1647619
1624366
1654822
1752590
1620284
1523651
1647064
1650635
1784973
2908801
1619545
1638027
1716005
1639491
1762409
1693513
1611626
1710678
1737653
1700038
1673922
1658861
1635461
1697682
5229524
5071934
1506158
1885338
1345764
1585025
1388022
1583789
1519624
1557499
1599220
1521839
1483958
1624731
1780333
1823760
1674302
1639307
1820740
1653557
1701068
1881564
1659908
1703908
1925865
1695124
1642783
1674748
1636187
1751613
3346885
2621539
1437822
1421440
1458939
1416247
1410343
1549532
1477149
1517870
1528616
1360539
1436682
1645621
1425019
1984109
1533359
1495632
1502895
1490341
1468846
1509415
1527526
1435413
1499209
2928106
1466936
1465628
1522270
1379313
1920297
1492765
1507784
1498028
1544925
1522711
1494905
1483699
1394577
1504626
1525820
1425932
1501760
1548252
1390059
1476785
1522144
1415137
1508895
1494985
1419593
1504892
1540612
1509144
