3432867
2823884
2814302
2845597
2810164
2927087
2752794
2478090
2888430
2773190
2865911
2891696
2710275
2893150
2755546
2811664
2904583
2762540
2783066
2763090
2945405
2643076
2966946
2756161
2830876
2204742
2910629
2881454
2747678
2784650
2869380
2867731
2659917
2816996
2630874
2772277
2836865
2722779
2572509
2827201
2696600
2861445
2898373
2822543
2934576
2898306
2852144
2807656
2887887
2745471
2969171
2789843
2855057
2892392
2876395
2707743
2905279
2784006
2751104
2773031
2692160
2624247
2814031
2822139
2759937
2845190
2714126
2697215
2677489
2857374
2652392
2726015
2814148
2677539
2738897
2779870
2870877
2328194
2846607
2685466
2797354
2672150
2831061
2737121
2482968
2681769
2812986
2736340
2733410
2837907
2797257
2623335
2749206
2679392
2683783
2692329
2680049
2739509
2752344
2652919
2720139
2636702
2620422
2619255
2886450
2568867
2709580
2751551
2725106
2553206
2798466
2653193
2718370
2781163
2782427
2662959
2925320
2782670
2574816
2670145
2771452
2615852
2840977
2745253
2668628
2627242
4647823
2414118
2804368
2693566
2783044
2732345
2567595
2750012
2586038
2911784
2781170
2680617
2725336
2580173
2804053
2827077
2888983
2799394
2860972
2746300
2853356
2824287
2690277
2855566
2836191
2805766
2896656
2745652
2806056
2847311
2745915
2877391
2863400
2835834
2877921
2894364
2692906
2851559
2874275
2850806
2904851
2808492
2745872
2723330
2919086
2768855
2552769
2868874
2804776
2838494
2845822
2729805
2862930
2768557
2551840
2838448
2937965
2811207
2888041
3016881
2190412
2781480
4764917
2818330
2642175
2767573
2750574
2646675
2775680
2534823
2635723
2656999
2519137
2451729
2879232
2856749
2715365
2785192
2898980
2745970
2841344
2820277
2879915
2827420
2845517
2769890
2892835
2835351
2521352
2876966
2465863
2833037
2805622
2824782
2934179
2665296
2916349
2765206
2546880
2645975
2716163
2629759
2688094
2636141
2722820
2749140
2776450
2833412
2702785
2709148
2892938
2726604
2756108
2739095
2680494
2731916
2798915
2777725
2509694
2619622
2719956
2728355
2736918
2743885
2731650
2695944
2759755
2697010
2753569
2780116
2769826
2669018
2807699
2463515
2826296
2752090
2817494
2772954
2783451
2768490
2856677
2759702
2658380
2744777
2646700
2664835
2785861
2744490
2677338
2732971
3141140
2637690
2905481
2811243
2681890
2891774
2878713
2593890
2827888
2700515
2643517
2846704
2799528
2675864
2842684
2845348
2786986
2935480
2843771
2792602
2903033
2815231
2664758
2773491
