4123411
3130176
2725860
2807038
2682825
2766378
2647913
2649332
2766169
2831600
2702222
2850831
2375118
2527062
2636560
2711802
2881754
2685202
2765174
2759742
2614726
2701864
2913893
2762186
2501195
2679873
2886051
2752890
2683714
2668181
2800098
2539109
2723386
2653249
2645464
2745397
2851624
2605916
2733043
2778960
2467754
2790130
2482219
2502455
2658994
2750711
2443289
2713443
2728720
2512861
2491189
2800975
2609384
2612370
2590443
2541591
2798307
2727610
2451290
2737616
2601834
2444063
2655365
2626640
2689819
2687712
2901271
2488803
2675037
2515862
2309289
2457585
2558631
2668374
2898835
2723870
2467024
2536183
2422382
2369501
2754071
2860751
2768443
2801484
2812702
2642910
2643390
2707920
2651166
2871223
2675182
2680136
2724356
2738056
2646010
2743750
2776887
2855750
2874487
2820941
2840081
2466694
2725593
2218578
2588985
2839709
2797641
2771661
2919697
2757722
2896907
2859881
2704803
2788156
2775780
2806986
2875315
2778492
2704816
2841147
2995324
2859398
3202683
3029121
2826571
3094552
2926433
2744130
2646638
2879355
2835657
2956433
2943977
2752476
3012712
2755646
2908414
2946778
2851466
2879238
2810020
2797327
2848866
2757101
2899714
2765269
2878507
2823793
2889396
2665841
2894687
2887933
2808131
2855382
2512216
2851533
2814207
2842565
2823191
2785861
2848656
2830901
2916179
2828505
2939030
2901022
2683093
2833721
2768995
2854909
2542423
2627517
2857283
2844863
2863138
2795150
2892921
2873106
2623723
2807991
2692956
2698256
2892451
2856631
2842558
2869196
2876421
2856593
2964393
2738012
2798362
2900518
2904107
2645360
2929038
2931517
2877392
2841797
2910406
2706691
2889825
2859210
2796066
2822737
2894094
2845226
2993287
2856757
2669070
2864235
2858443
2669176
2796876
2904277
2931963
2917334
2707845
2803671
2837207
2701333
2840141
2855903
2895726
2617742
2968552
2813261
2876713
2677456
2896385
2707281
2738437
2876171
2700267
2886381
2715686
2546064
2663846
2838263
2509805
2723300
2829420
2693155
2817612
2789165
2787656
2854906
2906753
2731953
2792225
2789462
2611175
2633637
2700352
2622480
2789438
2878360
2816262
2804731
2880128
2695984
2866759
2714910
2735026
2841991
2823886
2702299
2778778
2766027
2676235
2586654
2698073
2773005
2615204
2869912
2506769
2717530
2816523
2794771
2583530
2685576
2779165
2820728
2851155
2808845
2927784
2860711
2766213
2771007
2934880
2591122
2788135
2806007
2855636
2863712
2836901
2869013
2844300
2874585
2718061
2829006
