2051478
1388765
1364161
1321947
1612580
1258787
1431051
1371506
1381497
968866
1108379
1368910
1042467
1312543
1230042
1354799
1397718
1440563
1608241
1601065
1403588
1504029
1571713
1526978
1462513
1525552
1468378
1601800
1633855
1618154
1594193
1644701
1576244
1614070
1566614
1563715
1580210
1621705
1498323
1620102
1618616
1562475
1581099
1644524
1542534
1615415
1633046
1406594
1620335
1621940
1426037
1620620
1628656
1607050
1638809
1636720
1499425
1684014
1614404
1537115
1584433
1626657
1617420
1636816
1577117
1731821
1566214
1626914
1668530
1455863
1410352
1552171
1681760
1635700
1628616
1597820
1648166
1576030
1662501
1651167
1510268
1637116
1639004
1574635
1580070
1626995
1505124
1631454
1656703
1560049
1551018
1648526
1501315
1645006
1708911
1483789
1622715
1671954
1503566
1504622
1709736
1484891
1567116
1652792
1620670
1649656
1640604
1582616
1667568
1655161
1536773
1643502
1642036
1615594
1575999
1638043
1645681
1588640
1542233
1376417
1705288
1657167
1681971
1684747
1643805
1569870
1595354
1641326
1659451
1570843
1610031
1499450
1628086
1635367
1516665
1650851
1634704
1644001
1717882
1635539
1573399
1662101
1634290
1605566
1581092
1648340
1672847
1601666
1642173
1636276
1643816
1651790
1678211
1760067
1618094
1529835
1588335
1655514
1618117
1646364
1660261
1514195
1671038
1651952
1524332
1632926
1601036
1612465
1531209
1585664
1505193
1576935
1573411
1607005
1507474
1578582
1493129
1491129
1574365
1531764
1578650
1462293
1508463
1572252
1592490
1585219
1566563
1570096
1595064
1400433
1454798
1495084
1571446
1597875
1455728
1590440
1585620
1527258
1586699
1526799
1460478
1469262
1711568
1343890
1507331
1506883
1240307
1297286
1534861
1467151
1536569
1545653
1555153
1432249
1432481
1409851
1426478
1535436
1462608
1439813
1483998
1504913
1535369
1531598
1537753
1474592
1522938
1545979
1530512
1534290
1405584
1526759
1515665
1499119
1512741
1559816
1643466
1641357
1627616
1533085
1631711
1488872
1616410
1443752
1407977
1439585
1443764
1557205
1527858
1579976
1579488
1505635
1580648
1591659
1496670
1594260
1578564
1629855
1588270
1528712
1573555
1586973
1563961
1590024
1485401
1581055
1475528
1518813
1529420
1542559
1522902
1479424
1575253
1534215
1528519
1502359
1522261
1530599
1557102
1515454
1525794
1479779
1513598
1475340
1475673
1525199
1499763
1559291
1529965
1478403
1542459
1533835
1523516
1723450
1475945
1520305
1492465
1523385
1483146
1498582
