3949829
1937043
1845598
2109892
2273169
2264780
2374622
2282246
2145269
2220780
2287003
2281922
2283517
2279479
2291707
5049904
2283398
2286752
3907024
2485505
2234241
2217692
2324772
2228490
2264340
2272654
2286580
2261951
2314371
2221332
3580649
2340675
2250206
2256504
2347610
2282818
2294053
2264432
2270954
2301201
2270450
2327481
2269198
2237010
2276576
3487168
2267084
2252559
2159669
2277635
2209811
2208159
2253945
2152293
2280241
2274520
2178746
2286810
2318823
2085994
3884550
1928868
2032146
1901171
1965270
1960976
1971408
1956168
1943353
1933231
1909098
1798862
1996761
1971298
1989017
3428629
1962138
1817953
2013450
1945473
1888688
1909080
1898921
1944143
1969178
1924358
1903803
1927624
2003899
1866451
4668665
1673446
1902036
1836822
1905613
1995430
1976458
1912457
1984839
1958121
1908823
1918793
1952562
1964597
1958183
5145204
1908216
1819102
1801490
1808462
1862518
1925598
1836372
1845232
1937427
1854553
1872062
1949778
1815860
1811055
4049554
1978367
1912011
1892365
1957876
1850263
1908681
1957783
1972754
1935045
1827613
1937617
1929648
1785406
1848036
3178902
1838648
1898274
1840662
1939997
1981148
1826652
1857862
1821861
1889896
1846245
1863100
1762029
1834311
1844332
3942124
1845570
1970542
1927687
1694726
1810536
2118803
2029704
1793131
1903758
2100002
1651427
1970097
1889404
1821262
3469315
1800112
1830702
1870626
1765312
1879461
1767440
1849323
1849846
1900598
1849474
1879889
1880378
1827972
1853790
2618679
1893697
1790020
1880170
1854363
1893784
1868117
1918387
1876787
1884942
1840830
1911114
1893106
1898781
1886387
2528978
2006647
1830393
1853736
1879833
1858152
1832480
1909172
1931390
1886782
1890401
1924490
1869289
1833657
1864477
2554490
1753931
1845303
1735717
2101375
1877167
1805482
1827438
1856758
1756266
1843101
1855754
1871408
1860916
1908643
2703572
1778646
2041288
1920720
1978598
1997886
1775421
1872081
1994946
1700584
1831906
1961772
1855233
1884177
1973396
2590945
2007896
2032484
1912027
1908797
1933740
1951827
1849211
1980411
1910109
1840821
1966998
1768840
1943423
1896616
4771416
1879546
1853867
1990866
1871594
1828507
1654574
1969415
1826725
1752482
2033299
1916001
1643990
1875256
1585961
2308646
2273403
1880060
1901256
1875840
1891631
1933551
1923586
1959146
1921387
1959433
1980263
1902633
1858087
1967201
2222603
1886265
1943921
1944853
1859301
1924146
1932724
1942787
1782991
1975903
1850356
1981518
1901557
1897490
1973500
