3497545
2036544
1974896
1851133
2041835
2067593
1896493
2039920
2040007
1998932
1934636
4222271
1957718
2053996
2040091
2067193
2058036
2045686
2016802
1948909
2013142
2068602
2054938
2041223
2036497
1982982
5464239
1964493
2078017
2002737
1985579
1991452
1996831
2091029
1992342
1975199
1986179
1995412
1999220
1961086
2012962
4283299
2049341
1973491
1967211
1977170
1967026
1994420
1985870
1926434
2006084
2030310
2053827
2043399
1864575
1815770
3682504
2027427
1993152
1945749
1981704
1985356
1943046
2008396
1934458
1949507
2044503
1991707
1982535
1973116
1969717
3525233
1924022
2015398
1939847
1964389
1992231
1967796
1858281
1972587
1929811
1927189
2009529
2002695
1921691
1984175
3660488
2046844
1979058
1994522
1928010
1997472
2005315
1962699
1937983
1947394
1966833
1989036
1957034
1973037
1993145
3693634
1903620
1985436
1948316
1976342
1973028
1956764
2034256
1984656
1980481
1961545
1984216
1945170
1956906
1913589
3542068
1968286
1929772
1988871
1871489
1989047
1985845
2012020
1974805
1970194
1939979
1971830
1955749
1982816
2004995
3564045
4035732
2085433
2055032
2035162
2071587
2059990
2172518
2067677
2079988
2048741
2066457
2020052
2043313
2077312
4759142
2051574
2030476
2048186
2004535
2031124
2061249
1992462
1987710
1997041
1914638
2019523
1994942
1929991
2026120
4391171
1944384
2040147
2048833
2025662
1976562
1930954
2026756
2017277
2029242
2020140
2011723
1976455
1975231
2008422
4420505
2044059
2057286
2015836
1992225
1915670
2147638
1924165
1787117
1829892
1772375
1784983
1861904
1934691
1947847
4804485
1907510
1848853
1907724
1885405
1843064
1917104
1878677
1902375
1916274
1904844
1899719
1914054
2195143
1885190
4727843
1945986
1960772
1817747
1999716
1900879
1941200
1966015
1934591
1915214
1966216
1903385
1980971
1974735
2260508
4588103
2053322
2000005
2031335
2026741
2025002
2001537
1964935
2040187
2093637
2030717
2035454
1999533
2023566
2009377
3717500
2062890
2044753
2058621
2052853
1993602
2044536
2046830
1979501
2065627
2041252
2033472
2056447
2034921
2028607
4159861
2030443
2039930
1959389
2112423
2032262
2113871
2099211
2050466
2090444
2037593
2038727
2060347
2133428
2040137
3900555
1994047
2030478
2018246
2047074
2041183
2020801
2054931
2045431
2068329
2045833
2023521
2056054
2023950
2036136
4289416
3836764
1926119
2167969
1923924
1915420
1862270
2456441
1971080
1859337
2085250
1924740
1931791
1944110
1979541
5233632
2001161
1979187
2021598
