2598030
1730332
1639531
1966589
2062960
1828087
2021883
2082833
2048874
2050846
2129362
1915932
2060459
2108814
2081793
2090249
1604896
1826024
2032683
2018876
1995806
1994333
1981568
1926089
1895408
2072877
2032657
1919148
2058186
1981853
2038962
2055559
2041240
2054786
2059647
1974063
2003949
2080864
2013433
2030757
2040857
1976897
1935222
1915656
1856266
1909002
1968283
2167660
1858298
1819857
1721277
1879593
1829059
1773481
1796042
1662601
1706403
1867326
1800686
1785472
1955811
1791896
1790950
1945117
1731870
1707925
1874752
1827379
1896099
1892291
1776318
1795408
1881467
1915584
1886992
2023873
2045754
2037169
2045678
1879390
2056441
1998917
2037780
2017173
2053017
1955177
2031333
1932470
2037964
2010699
1912177
2062534
2057479
1868893
2058670
2007762
1910475
2046527
2012273
2114540
2105839
1930382
1881113
1889008
1895275
2047693
1830225
1948263
1846628
1852290
1833405
1945773
1770931
1989261
2029840
1753579
1996753
2028869
2030353
1959523
2034970
2045587
2031250
1961683
2028274
2035287
2038998
2040464
1980796
2107529
2065040
2017313
2043710
2031783
2033209
1916793
2048764
1956253
1900889
1974987
1894331
2041923
2049997
2018656
2042250
1853377
1882659
2011675
1969924
1959336
1923389
1992513
2189365
1921559
2014536
1979758
2010032
1980459
1977102
1817905
1993316
1921203
2176835
2016843
1967462
2018705
2024910
1980424
1924617
1997003
1976106
1873888
1944820
1971166
1868672
2007151
1986929
1933411
1993899
1980942
1999953
2006788
1984722
2000609
2006803
1985544
1994729
2014483
1988497
1911922
1977068
1502251
1897774
1975563
2023559
2242192
2213848
1745733
2009154
1437911
1813732
1733484
1751118
1904912
1897426
1953313
1827141
1906403
1891722
1941529
1951252
1980886
1957018
2008384
1894451
1957944
1886323
1994747
1971097
1890702
1932657
1903946
1901460
2000333
1961613
1960123
1936200
1901782
1890873
2054294
1967812
1920883
1939543
1896881
1852816
1944917
1942991
1864842
1940312
2096830
1917876
1933863
1972770
1982473
2039797
1913383
1992134
1975250
2040264
2002748
1849208
1872670
1907267
1943460
1962417
1901485
1867347
1949522
1886106
1987421
1977188
1904795
1919407
2037753
1889907
2254055
1998153
1896779
2022467
1792445
1740965
1820701
1861161
1921337
1942250
1837756
1922588
1940256
1859862
1935782
1960633
1882863
1960046
1971750
2012767
1884635
2038234
1849766
2063481
1912453
1865526
1906603
1923202
2023004
1991949
1981809
1912312
1860619
2056631
1920842
