3119162
2039405
2141336
2087946
2208533
2210646
2069742
2233979
2146288
2210892
2233893
2234374
2183424
2216373
2072452
2235544
2216827
2194633
2194633
2234964
2140713
2237968
2185973
2157950
2170563
2216676
2118433
2181556
2250504
2059092
2204428
2158425
2341876
2315936
2199140
2188435
2229032
2216324
2278354
2222030
2272462
2287105
2272252
2282389
2218754
2411227
2291305
2229865
2290254
2263928
2248647
2327608
2136606
2218662
2259833
2273655
2255534
2229511
2213850
2217314
2253754
1925154
1871171
1969870
1892319
1889100
1933748
1955455
1844497
1920344
1962851
1880980
1928361
1925061
1830929
1986339
1929503
1872690
1966689
1936963
2030753
1948961
1951680
1913565
1939409
1942627
1957558
1901444
1991437
1937601
2187855
2039714
1711534
1956736
2160605
1707386
1964728
1873331
1753825
1819129
1842864
1744791
1791866
1852906
1888987
1792126
1869859
1908580
1895610
1930388
2026571
1697134
1932344
1867925
1731278
1949688
1913451
2025630
1994011
1938334
2064831
1940974
1915531
1976618
1985578
2008880
1927283
1977070
1884178
1907588
1981490
1884067
1974506
2005641
1867240
2020430
1954168
1838687
1978811
1976568
1856349
1895160
1920224
1990491
1866949
1819069
1875197
1876254
1891968
1818937
1862321
2280629
2073852
1923793
1841993
1877818
1877990
1925422
1727881
1908259
1910134
1919269
1869894
1939124
1841462
1930698
1917109
1918794
1863403
1916574
1913914
1920129
1916629
1921416
1908979
1909915
1832958
1920615
1918004
1856517
1928875
1867488
1848729
1843952
1998415
2031370
1973610
2093331
1737995
1676090
1819889
1922701
1918883
1944044
1781628
1986485
1932986
1969706
1989388
1922649
1739147
1909658
1892973
1922233
1939833
1929224
1929508
1932919
1944093
1927984
2018111
1898090
1918670
1954309
1936390
1917909
1931603
1936351
1916050
1929614
1927161
1913799
1923827
1934938
1866017
1998663
1981524
1971578
1933767
1890188
1838305
2111799
1934131
1968881
1970801
1925010
1971030
1922551
1886507
1907013
2052946
1888987
1827368
1969801
1860887
1826686
1754811
1857452
1833550
1951176
1872499
1851940
1868329
1934381
1862849
1890616
1825207
1985774
1970434
1876677
1843863
1718723
1867832
1996309
1847743
1916631
1928078
1888038
1858182
1939019
1946498
1972997
1930424
1940805
1931424
1948330
1833023
1895251
1992963
1991858
1930995
2009621
1943137
1931743
1853733
1962610
2009342
1852168
2009442
1903299
1707637
2025192
1857789
1783600
1691956
1794338
1630914
1869649
1891130
1966505
