3872742
2919303
2842584
5014787
2694610
2701620
2733829
2636463
2744001
2816598
2818107
2842692
2785077
2624018
2823666
2719435
2752551
2782836
4270030
2751859
2713849
2767116
2745926
2743459
2779691
2775710
2847314
2735836
2743575
2903688
2770696
2805348
2902148
4232563
2850248
2577525
2764750
2692540
2797011
2793601
2794491
2606255
2728025
2743232
2683364
2640112
2763016
2789427
4298174
2468729
2759717
2623469
2585290
2968354
2802431
2718753
2486636
2636806
2596532
2609406
2409637
2466618
2699534
4275510
2525850
2633232
2685888
2495230
2584447
2607252
2572240
2634396
2732664
2571096
2642048
2484898
2610458
2570451
5595918
2618968
2721119
2583015
2619173
2633237
2678231
2586112
2655674
2687869
2658277
2470784
2588521
2661106
2682654
5313670
2667269
2757210
2712607
2613122
2666564
2718218
2680674
2640902
2655291
2667564
2666193
2612152
2732392
2815447
3943776
2810530
2797241
2720945
2776841
2697274
2652063
2592101
2615787
2720195
2713545
2593838
2556136
2567928
2592067
4721489
2643099
2682918
2667778
2558255
2710170
2625940
2775282
2721938
2713105
2767710
2676286
2603685
2725651
2624269
5034531
5989656
2672742
2699183
2634307
2626262
2751630
2667728
2653947
2724005
2790221
2655397
2600529
2742664
2765997
5188844
2750150
2692784
2736765
2496325
2717816
2578411
2782702
2648093
2707665
2834575
2620343
2293594
2684683
2565199
4433612
2557708
2628256
2677734
2600174
2666477
2762158
2643350
2755379
2698368
2789812
2770539
2636006
2654983
2716718
5035071
2736190
2638672
2705578
2473755
2628657
1895087
2649983
2287472
2597081
2812949
2584994
2295233
2734493
2638816
5034819
2904603
2602657
2731309
2726813
2809490
2785220
2758574
2753056
2707696
2769665
2731479
3075544
2771156
2760609
4276607
2814562
2843250
2749174
2744145
2811254
2806047
2709086
2842168
2791585
2630336
2779160
2719529
2849129
2767056
4220420
2744101
2646200
2807128
2759513
2883158
2832895
2656336
2705258
2662776
2719528
2688936
2688312
2740299
2608356
4703333
2712153
2729570
2648306
2727569
2792874
2776496
2729134
2750519
2717848
2785314
2725170
2801674
2807799
2739309
5462387
2756714
2826318
2762084
2833485
2771971
2819875
2708655
2725994
2701296
2760699
2863153
2500802
2536610
2754036
4131237
2664701
2690811
2658184
2666649
2763106
2743658
2683907
2807740
2767909
2561325
2767850
2638036
2658100
2804115
4708935
4608125
2881218
2834361
2792160
2421831
2373873
2507173
2582877
2202204
2702719
2584283
