1987597
1598027
1487853
1406463
1690255
1380765
1384298
1574219
1575725
1605902
1791997
1616229
1660963
1792821
1773157
1677182
1499380
1417038
1702950
1845970
1734232
1782053
1790973
1845848
1791483
1749923
1735292
1834918
1906570
1805297
1786301
1740382
1693201
1719563
1832693
1783051
1741238
1838741
1713376
1722024
1830702
1756411
1637860
1738267
1757373
1798099
1797644
1877067
1749813
1840725
1770745
1726813
1879859
1719039
1903339
1795232
3153692
1715438
1893747
1716381
1562749
1915785
1903969
1747284
1860715
1716020
1826150
1672694
1696507
1794129
1788749
1725807
1725293
1820753
1746811
1898955
1841268
1765168
1811127
1657241
1697506
1798371
1738508
1707987
1783949
1779468
1760155
1652461
1833411
1808171
1782759
1742941
1689057
1799278
1786143
1836990
1793390
1800827
1815377
1685474
1773727
1832350
1800015
1698227
1557624
1857702
1744852
1542011
1426965
1785181
1574420
1558849
1771497
1752507
1989350
1824218
1718672
1761334
1759103
1721059
1798504
1815037
1691073
1798831
1774217
1698410
1711419
1800264
1712111
1789904
1733890
1816204
1679322
1783067
1724540
1792160
2003758
1736351
1672758
1746389
1577484
1650246
1630486
1639142
1643362
1629126
1644595
1599626
1741497
1640356
1879546
1644906
1685800
1641361
1623114
1701493
1705013
1614950
1655948
1668533
1612101
1542186
1598315
1605203
1769304
1629972
1606703
1780828
1600748
1529610
1774663
1645172
1743714
1748027
1637810
1659180
1677198
1545951
1585745
1539769
1583248
1756322
1686795
1569451
1543625
1651355
1675617
1741953
1698983
1621986
1691253
1667062
1600625
1750946
1643926
1729304
1746648
1654502
1630754
1748744
1583327
1545288
1435659
1521689
1629360
1514733
1411861
1518025
1379051
1578240
1586120
1791751
1818827
1688926
1738693
1508927
1649882
1810658
1482825
1636960
1669855
1630529
1552392
1661822
1463491
1546180
1597926
1409361
1492423
1477737
1474760
1550321
1551941
1453927
1605816
1656537
1576615
1667970
1711301
1549861
1637655
1885580
1694537
1637647
1700322
1679396
1660428
1780020
1563297
1756390
1764627
1601663
1562261
1632161
1861508
1663777
1615419
1634297
1727780
1798639
1652276
1580085
1637017
1604315
1797388
1729127
1854358
1582341
1781490
1482633
1665306
1676293
1731356
1637970
1778861
1672202
1793872
1784322
1735287
1643560
1746781
1671515
1617977
1762528
1648920
1643532
1670840
1565124
1588790
1617535
1745448
1564256
1759221
1479291
1562968
1532375
1605846
1549568
1650255
1524551
