2305380
1670860
1684377
1953485
1879996
2035503
1964793
1972196
2106092
1866294
2010013
5117994
1983272
2023084
1970812
2005573
1986153
1991703
1958795
2026333
1998552
1961445
2009579
1974015
1920037
1950087
3870523
1891141
1913716
1936417
1891350
1915605
1924925
1924362
2019912
1818795
1862700
1915586
1940961
1876026
1944542
6237633
1885441
1913575
1928827
1883011
1912211
1966173
1835602
1953052
1955798
1884065
1909960
1922387
1893941
1913862
4022233
1810856
1894777
1975242
1922417
1842570
2181298
1916270
1940017
1600995
1766320
1681760
1586467
1748326
1856056
3467908
1837091
1847253
1863602
1848495
1872965
1878390
1790869
1851621
1886467
1831744
1870025
1811904
1822210
1869837
6230994
1664708
1862961
1851490
1839288
1852890
1856020
1836171
1868363
1854386
2258700
1855055
1898367
1775766
1746120
3682342
1783400
1732475
1814056
1770185
1737046
2054797
1735980
1846707
1805055
1878099
1843764
1791939
1787579
1846868
5933646
1726025
1851305
1866371
1823981
1863326
1862291
1828526
1910241
1891427
1870951
1845777
1819410
1883101
1921297
4574741
1857457
1889381
1898557
1852440
1910193
1792946
1818800
1858841
1902107
1877603
1841437
1852786
1865107
1894211
6007067
1928802
1917853
1899017
1824319
1839260
1827543
1854173
1806613
1875336
1971929
1851200
1901921
1838530
1885351
4874627
1997598
1962477
2103843
1528155
2057960
1871983
2055819
1928897
1792946
1965338
2018464
1860127
2035743
1925967
4144417
1904308
1938703
1945515
1928720
1934051
1958135
1944562
2195171
1978402
1885983
1941381
1971952
1831276
1930566
5173910
1966199
1952418
1968922
1939384
1939178
1951541
1887294
1929241
1966348
1921964
1901417
1838936
1964998
1932048
4601533
1992177
1878556
1954484
1923952
1893217
1956322
1950182
1934040
1890882
1904497
1881711
1854270
1942764
2102751
5140057
1980582
1966578
2022029
1993847
1997769
1985766
1969065
1981738
2006753
1965372
1974772
1989892
1986339
2006349
3592790
1980588
1989534
1972262
1976882
1989989
2010418
1933387
1982764
1890793
2263517
1935285
2014507
1970897
1989058
5165323
2013702
1961677
1947364
1991994
1975025
2003522
1943728
1999378
1930134
1976752
1922006
1952358
1973838
1977918
4190876
1987888
1986469
2010578
1973778
1983778
2009233
1972949
1980216
1997562
1889197
2021798
1947573
1993182
1992028
5118693
1995252
1975064
2002092
1941177
1977478
1981168
1956564
1993185
1972636
1953188
1989719
2010201
1991499
1951968
4631115
1971556
1986781
2024374
