1541868
1443382
1512954
1596469
1555072
1683254
1616132
1609664
1737912
1670317
1739675
1649384
1695195
1660745
1706946
2287233
1667786
1743488
1616287
1590607
1627386
1595874
1602974
1625166
1580646
1585943
1699607
1627565
1687701
1603833
1663099
1529873
1742516
1780972
1667183
1781092
1687119
1806632
1754200
1757478
1715530
1704496
1683455
1718729
1583454
1737158
1753536
1803158
1662396
1609326
1694973
1651697
1590330
1805152
1684097
1725555
1804410
1707902
1794877
1822095
2525492
1579088
1792510
1543606
1572261
1724737
1501726
1571470
1778636
1523528
1546296
1636284
1598886
1525663
1811350
1565964
1679425
1833041
1640190
1508238
1659114
1609906
1539239
1598024
1604079
1550559
1689428
1540662
1737891
1599910
1639470
1595460
1726281
1547614
1559472
1759768
1617405
1625570
1624890
1581240
1668117
1783336
1648921
1623675
1520463
1580414
3926647
1544902
1529152
1462197
1459627
1413477
1325963
1560697
1422471
1426676
1423566
1475728
1442219
1426280
1386647
1400448
1562692
1401413
1473566
1494352
1534658
1479433
1385252
1517257
1564913
1735866
1556522
1466269
1458914
1545984
1528385
1729712
1472439
1595059
1522747
1592604
1546026
1548086
1528544
1501472
1545773
1541277
1520210
1473562
1479538
1544196
1540789
1591854
1446399
1505341
1400739
1621124
1516535
1472314
1361927
1470053
1363833
1357664
1557008
1424405
1432401
1704100
1461246
1428618
1705771
1485669
1131216
1063460
1158664
1151135
1108143
1137619
1097163
1195013
1947750
1198166
1096526
1153590
1195031
1144693
1183213
1185439
1192526
1214551
1191646
1120249
1142285
1139807
1226194
1223414
1185344
1124057
1290641
1311498
1281484
1307719
1194610
1335919
1351335
1220785
1269645
1308187
1272791
1324349
1854753
1215870
1310686
1312012
1269941
1255234
1290143
1262741
1261481
1305222
1262221
1265901
1309059
1263181
1308781
1343016
1260131
1266012
1381541
1230102
1310922
1296371
1221645
1308397
1357657
1262705
1319687
1347242
1578599
1463886
2178080
1637867
1513387
1414672
1506153
1533864
1444793
1503720
1501343
1426907
1527403
1532779
1418507
1545370
1535819
1490676
1522038
1482120
1611850
1147293
1663756
1346342
1217214
1379126
1237760
1331726
1295965
1333355
1188020
1419194
1479731
1430298
1341946
1536153
1461607
1563197
1487849
1497287
1467236
1500932
1548833
1501517
1525402
1488253
1529034
1494034
1505433
1486063
1447230
1419846
1453212
1465327
1504653
1497520
1533010
1501179
1381436
1522343
1442076
1482197
