3170286
2088449
2088276
1972192
2200166
2018527
2030206
2068125
1958141
2346159
2106868
1925662
2081011
2043785
1886339
2093873
2074247
2050361
2101178
2019400
2045508
2090713
2109451
1855668
6074772
2182774
2018966
1969255
2016054
1814636
1923143
2139239
1811383
1940178
1981314
1903311
1901615
1950369
1968815
5772292
2065877
1983519
2070931
2032823
1974262
2071994
1924168
1952071
2079181
2062507
1981885
2066082
2068685
1999962
5752901
2019302
1884499
2067327
2075893
1890479
2067437
2026926
2047466
2028021
1988900
2000087
2064193
2104221
2053596
5705157
2087421
2098238
2050371
2114164
1940980
2045287
2090101
1983469
1966509
1947844
2054101
1982041
2013526
1956885
5638043
1980751
2279149
2395610
2079712
2096406
2118744
2081738
2080701
2065535
2088566
2100844
1983063
2080013
2078011
5235314
1944596
1925742
2092292
2058532
2000616
1927055
2124482
2065243
1981526
2036600
2007046
2056893
2090763
2084021
5068944
1937885
1896581
1892380
2139416
1991930
2166992
1836188
2061231
2060074
2082333
2107322
2048935
2087832
2070688
5524651
2091131
2049391
2002100
2092292
2076576
2058037
2000676
2080658
2038633
1944862
1985590
2046157
2076931
2044072
5044352
2073010
2070513
1978152
2092541
2060878
2044790
2042662
2068357
2048208
2028396
2100832
2056667
2069352
2070455
5119700
1984064
2087283
2098011
2041557
2110225
2067083
1961424
2070987
2023636
2016730
2083797
2048981
2084747
2055677
5914183
2152951
2084203
2054011
2100806
2072327
2055702
2048941
2092194
2073701
2098462
2088077
2056636
2078467
2076805
5413083
2024881
2082313
2063112
2058091
1986794
2045406
1994286
2037842
1973225
1910323
1861761
2064991
1922119
2020201
5000455
2107712
1942923
1998012
2131928
2077861
2007900
2043057
2020770
2048293
1977216
1972430
2053017
2072693
2088562
5212313
2082011
1955454
2114341
2094259
2010875
2029816
2084392
1920929
2040487
2144839
1983743
1907924
2092103
1991792
3114632
2036459
1992399
2068351
2071657
2090828
2058160
1871720
2081873
2064887
2131779
1969299
2039385
2084864
2130473
3826018
2078506
2030836
1966463
2252980
2043035
1978686
1968551
1980636
1940921
2074341
1870799
2037720
1944589
1960845
4119464
1862280
1548530
2134018
1849231
1786458
1849888
1764608
1887250
1919791
1885445
1920097
1934525
1877155
1933005
3591834
1895860
1987532
1989337
1872531
2010361
2012993
1820556
1910351
1890227
1941105
1999765
1983898
1908527
1985882
2341310
1998574
1947609
1988896
1930958
1971682
