4741420
2833591
2607330
2771471
2621513
2748735
2714727
2668399
2758516
2786615
2679767
2826246
2725269
2672305
2776184
2845041
2789705
2863052
2632263
2820071
2886606
2761789
2428541
2845972
3030707
2860682
2938121
2845376
2837411
2843219
2781960
2714008
2782024
2730630
2768585
2888370
2770910
2750852
2773505
2788752
2752770
2819820
2812718
2748311
2833100
2656157
2840031
2707854
2714121
2737642
2922862
2880649
2931971
2759005
2872342
2650266
2843352
2873465
2844062
2880406
2839939
2643188
2863905
2652456
2895219
2895776
2831762
2823416
2743121
2925853
2901229
2664177
2682798
2773638
2758041
2421535
2630067
2675414
2773354
2782781
2853249
2671240
2529567
2687141
2774484
2682437
2902036
2670412
2736744
2850559
2559926
2649853
2843412
2636488
2761049
2846852
2774995
2680997
2829780
2773273
2777189
2835549
2734501
2760495
2836406
2732364
2814463
2835251
2806146
2800246
2819906
2768693
2762301
2834115
2839149
2771056
2818922
2763234
2746749
2823529
2741775
2812419
2867599
2792436
2834449
2832616
2908220
2796432
2715725
2849370
2845612
2731089
2719558
2774519
2763931
2567569
2720189
2619393
2862155
2672883
2747419
2726361
2664174
2686779
2831036
2800510
2783850
2729637
2772440
2771139
2451988
2739155
2743089
2841903
2781358
2724500
2726018
2723180
2626657
2776175
2622583
2595243
2788129
2566013
2618128
2664263
2651112
2702029
2780822
2505873
2773475
2665260
2714010
2675531
3430410
2692624
2603283
2758915
2569912
2627051
2446429
2294565
2540704
2670226
2615394
2678742
2617807
2384276
2380621
2599170
2485064
2661413
2049288
2232022
2620633
2525427
2402188
2645872
2602365
2542986
2652908
2608018
2672144
2581493
2699347
2561703
2626913
2599887
2648497
2627308
2405654
2668653
2707639
2833076
2745646
2702815
2746019
2694397
2626191
2671044
2659100
2690145
2625295
2660190
2623292
2278216
2786253
2727019
2362114
2666979
2805849
2673153
2526420
2655242
2844466
2698973
2927052
2491366
2724824
2758609
2362464
2589175
2751329
2753505
2645692
2717316
2685846
2695482
2639608
2690814
2711555
2724709
2696113
2737603
2726448
2524110
2619327
2738833
2773963
2663772
2643958
2769653
2748098
2710248
2770350
2455630
2790304
2465616
2478044
2598799
2428325
2521627
2543701
2880160
2440245
2583637
2749262
2595650
2633842
2668491
2849201
2667694
2660582
2608891
2729950
2601327
2652021
2506604
2737399
2520521
2747903
2737209
2746048
2899591
2714190
2713985
2690184
2645148
2671068
2785966
