3118303
2800642
2573578
2628520
2698847
5195330
2627600
2590080
2719487
2669300
2581853
2708721
2702391
2685271
2695307
2551986
2733908
2613794
2599866
2596374
5270944
2471384
2708695
2669068
2710787
2612776
2616026
2695545
2582724
2647944
2686915
2650906
2724299
2734975
2789631
4654680
2712855
2730352
2663548
2709758
2633700
2657152
2737865
2686959
2715627
2682935
2644230
2695097
2739387
2632330
5380083
2681415
2725831
2688785
2784198
2722081
2685215
2711784
2702138
2669192
2553998
2752528
2509692
2718006
2604366
3877653
2759765
2645324
2706508
2754200
2682811
2644770
2800340
2679114
2649006
2685325
2655072
2698375
2649080
2658920
3729917
4850943
2584770
2713415
2002939
2700084
2145401
2645839
2339886
2320074
2572950
2303098
2431893
2697644
2473987
3083324
2751723
2734184
2391739
2551229
2723728
2438035
2704454
2610207
2489689
2588510
2619527
2444227
2584344
2293320
2667858
2443894
2818549
2361494
2906446
2443077
2648326
2467242
2749732
2709254
2663294
2393632
2554477
2755749
2466552
5067698
2718251
2535572
2590830
2568028
2588152
2493889
2664050
2443192
2633299
2451715
2538493
2196826
2632226
2342843
4532846
2612038
2638310
2499547
2506088
2554263
2596128
2631384
2668031
2650450
2564790
2474048
2446532
2660897
2657144
3178147
2731897
2627998
2612309
2593273
2582702
2565224
2609743
2847547
2654741
2591798
2589270
2540160
2550593
2407890
2440928
2532749
2394492
2411668
2574341
2550555
2533112
2555573
2780910
2379215
2445285
2417592
2454142
2582035
2548228
3618968
2560955
2565765
2446926
2449638
2649075
2514049
2583637
2567444
2541186
2610670
2621345
2416993
2725949
2459129
4526363
2713129
2529140
2606946
2645258
2481097
2591519
2621486
2759347
2615584
2701599
2671176
2699564
2637434
2638504
6261426
2711409
2407455
2534580
2556306
2471382
2604681
2695680
2372221
2627036
2632418
2481235
2535738
2360322
2680941
2992121
2827520
2575443
2478054
2658358
2583879
2674934
2517276
2541373
2571489
2717642
2496044
2669390
2669644
2728177
5981292
2735339
2501382
2511192
2596756
2526352
2518242
2582184
2649493
2563137
2570993
2426378
2420721
2573750
2377609
6620093
2493547
2561048
2474816
2592437
2491739
2480802
2470717
2529443
2454238
2521837
2533245
2488613
2515829
2481971
3748409
2617696
2453013
2540615
2415585
2683205
2504535
2605700
2446393
2639773
2741723
2590877
2458409
2884198
2978149
6429218
2757295
2749127
2786906
2668431
2742835
2845498
2535486
2627501
2736436
