1320395
1631488
1482576
1365326
1653690
1687779
1408916
1596195
1644169
1580518
1687137
1662080
1615648
1642080
1792325
1629102
1508560
1776648
1645057
1701431
1652377
1726726
1767960
1768289
1715408
1795794
1787310
1694065
3820106
1808963
1722427
1796836
1851054
1702913
1775869
1824776
1706982
1811339
1838674
1749349
1825374
1840863
1676388
3819577
1822627
1733100
1816701
1826281
1709901
1726662
1770326
1694751
1756658
1829850
1682545
1712988
1823211
1633229
1782444
1831549
1736988
1785538
1896011
1697281
1783069
1835989
1759298
1781713
1834578
1714919
1778764
1836914
1735972
3871118
1830115
1718724
1775153
1838557
1684226
1854971
1842904
1755600
1832249
1835418
1763024
1806314
1841438
1603553
3350449
1791303
1715157
1914425
1323903
1562580
1638048
1736336
1685952
1745833
1753668
1611611
1627080
1710775
1691112
3602667
1702106
1691805
1809098
1718098
1797777
1792481
1767991
1849290
1758183
1737748
1716187
1808257
1760780
1665634
4313557
1817112
1747359
1848245
1864384
1848408
1783182
1824908
1735550
1746239
1779142
1807447
1807161
1845665
1726348
1815818
1743987
1733831
1811589
1767279
1753536
1847899
1831838
1716023
1814500
1816322
1776273
1732628
1721707
1552706
5357298
1831669
1882786
1993528
1880915
1621007
1801925
1895740
1679405
1789131
1797669
1813377
1891155
1757490
1737438
5291831
1777168
1661094
1754093
1708452
1680667
1737483
1979069
1770127
1822437
1749408
1557230
1733162
1664737
1601366
1597833
1718395
1530063
1672082
1436075
1427151
1627181
1607712
1417813
1691735
1587104
1427237
1502496
1741482
1493604
1600003
1723493
1652921
1694028
1810020
1722198
1761873
1778007
1780800
1660202
1747262
1542611
1531877
1796803
1650535
3896365
1677451
1677101
1642168
1645341
1682407
1654861
1684087
1564799
1613343
1781339
1662481
1761873
1641651
1744613
4088150
1779200
1683534
1760918
1749482
1680654
1660066
1753484
1660600
1649578
1746073
1617462
1768943
1650586
1247855
1758471
5386818
1506907
1795347
1573699
1734983
1613046
1732865
1558645
1608962
1740175
1572980
1669928
1690867
1662330
3970008
1659174
1475730
1642947
1727305
1510470
1594218
1749526
1554990
1672256
1624045
1538929
1669470
1632705
1615155
1627937
1685433
1437587
1657880
1657175
1592824
1721362
1744451
1436057
1745796
1744263
1718156
1638701
1716712
1596492
4979327
1641870
1585939
1702779
1780813
1518889
1651855
1721713
1462033
1363386
1744491
1429881
1660014
1605290
1260548
4376184
1723788
