3799715
2923181
2524133
2740252
2512804
2525954
2817824
2290377
2179486
2745977
2571310
2369176
2516984
2365885
2140147
2640045
2692508
2666562
2608918
2468486
2713102
2598398
2661261
2425948
2604526
2659741
2632891
2607854
2635848
2675746
2550209
2673766
2669812
2655327
2590781
2712332
2513172
2667721
2518882
2779593
2705572
2568269
2735272
2663021
2669997
2726392
2750380
2622421
2839527
2710902
2740478
2694132
2700272
2593760
2737432
2609305
2591320
2677356
2561575
2517319
2585245
2432859
2607664
2773903
2453342
2448190
2647168
2268957
2368718
2582419
2456970
2392061
2445493
2413870
2514691
2555080
2642797
2498871
2709889
2555860
2516305
2529425
2666867
2515500
2488188
2509902
2540700
2633519
2594744
2479719
2647981
2503724
2585461
2657731
2500061
2577673
2517157
2459665
2600104
2590885
2491754
2242771
2750852
2594279
2654238
2274693
2459014
2657918
2679571
2680772
2557196
2634125
2654708
2626301
2785362
2595447
2697758
2690141
2686981
2689402
2703138
2698156
2627312
2682810
2681309
2694581
2714022
4420555
2674167
2688218
2727162
2738156
2816567
2759823
2818417
2449396
2635337
2464764
2613672
2578121
2728952
2828258
2684237
2677444
2914141
2595814
2665697
2671165
2662096
2768942
2823492
2656852
2779116
2762023
2653918
2721329
2763228
2679422
2702129
2909132
2861848
2788417
2829853
2597785
2583487
2596521
2666627
2658617
2664861
2659027
2663777
2825100
2700822
2673762
2852677
2720802
2781562
2739040
2611310
2701534
2638926
2593964
2653877
2661556
2661792
2738955
2745659
2520304
2708098
2663910
2662081
2814749
2684272
2615776
2641477
2651862
2657291
2647874
2770349
2796590
2641326
2745449
2688727
2668417
2727911
2654922
2716658
2658618
2411019
2900040
2823713
2662166
2731107
2876134
2610137
2550740
2779989
2826459
2479911
2670845
2738372
2552015
2626302
2704058
2647788
2601985
2734006
2711050
2829920
2788504
2744565
2739019
2803652
2585043
2783098
2749673
2652901
2743414
2764110
2643415
2696428
2687958
2656160
2756418
2789599
2746942
2795812
2454112
2582547
2664675
2819063
2714172
2718356
2565326
2448793
2567734
2598516
2452013
2599587
2477054
2480153
2536220
2570083
2483019
2605077
2631016
2648941
2534034
2803112
2517047
2834434
2453334
2694984
2677240
2692601
2543504
2750599
2574537
2556325
2611195
2622161
2468045
2659412
2590151
2525784
2484647
2646101
2472623
2632369
2593224
2490169
2719521
2669972
2438577
2561344
2684082
2653772
2500605
2571450
2556111
