2300923
2051639
1825824
2003379
2046532
2062866
2019557
1976781
1948414
2063206
2022205
1942854
2003431
3694350
2050809
2044892
2061126
1978271
1992927
2047444
1940247
2042645
2035485
1988244
2041523
1894810
2026436
1990034
3510375
1995033
2049465
2015364
2007509
2013241
2025843
2012129
2052063
1940364
2017185
1765611
2020803
2110688
1972343
4947967
5000268
1918310
1900844
2082006
2068295
2083477
1895362
1891143
1935308
1991774
2106567
2069166
1953598
2107857
3232261
2021860
2100837
2103034
2029096
2101207
2102474
2042686
2107807
2037220
1921657
2089921
1995194
1994842
2181905
4116466
1998315
2107746
2016869
2077731
2042745
2045569
1947065
1951380
2079309
2057134
1984142
1931233
2015935
2089356
4162226
1974737
2072699
2074092
1976136
1977098
2144320
2169921
2041931
1748054
1899552
1958332
1826178
2303191
2034019
1752955
1806879
2011084
1977964
2018333
1921704
1980508
1810682
1974889
2040434
2085839
1984052
1962500
1870401
1904463
3365829
2076347
1944634
1978739
1897437
2050604
2050930
2008515
2091994
1972375
1984221
1966403
2036304
1960855
2105951
4795144
2063283
2044509
2000865
1999083
2055516
1692611
2108837
1942175
1961716
1926473
1957409
1823322
1859863
1941172
2947626
1895003
2049756
1782362
1919288
1964809
1943200
1997532
1914488
1875793
1917058
1862212
1841081
2056366
1949359
3326504
1959054
1967639
2012016
1980903
1931348
1947008
2096505
1950164
1979668
1871723
2027005
1890043
1991628
1913418
3296381
1942679
1981614
1954204
2005542
1951114
2041242
2277064
2042462
1992509
2019095
2041776
1874360
1881893
1868505
2348066
1993564
2044669
1830797
1892920
2151195
1775712
2172310
1875578
1718789
2182057
1893607
1938631
1955560
2038054
4085785
1936191
2025115
1923083
1870052
2036637
1934195
1825675
2025646
1886073
1758785
2036070
1740071
1961778
1916415
4095419
2020019
1965253
1916634
1941212
2005635
2013438
1944546
2031625
1956495
1927334
2033100
1858870
1848820
2026879
3503932
1901897
1927864
2008530
1869363
1998389
1869323
1881528
1922813
1931178
1987429
2016654
1878577
1830919
1860681
3227067
1911097
2094572
2020007
1966984
2029395
1977287
2002319
1919248
1957302
1943138
2020556
2033649
2016306
2043273
4111459
1947364
1950912
2039628
2034815
1936643
1974985
1989983
1953148
1950786
1985290
1957588
1867007
1980860
1939357
3426027
2015970
2033012
1906653
2004420
1960633
1942665
1865677
1908410
1732661
1935989
1996027
1925250
1980049
1986368
3359502
1897600
