4796877
3366157
2680897
2668464
2762313
2713133
2625123
2730905
2557761
2432214
2262346
4485172
2725741
2695925
2788882
2786213
2778433
1956732
2534270
2647587
2404617
2653453
2620295
2541878
2712743
2601050
3129947
6082235
2713883
2562665
2437402
2423748
2275889
2612447
2596505
2475500
2864523
2750815
2628306
2688829
2727207
4778406
2697350
2719918
2727846
2638200
2794239
2730837
2675274
2804929
2716921
2693345
2753697
2735284
2656219
2700411
4612309
2754632
2700174
2651975
2693844
2709526
2677520
2627730
2638113
2765232
2691946
2671694
2695614
2618040
2753232
4723311
2681604
2696154
2709499
2412833
2713682
2514185
2905456
2627348
2271778
2750636
2664929
2427474
2826141
2450943
4534550
2619302
2753162
2624686
2713915
2693288
2694094
2607242
2656219
2686701
2639465
2685535
2580618
2535752
2516060
2508285
2673348
2618886
2479495
2654423
2692235
2584346
2750431
2608571
2581697
2430259
2558737
2652484
2577248
2622792
4445086
2675208
2562921
2625289
2523749
2654567
2509117
2634653
2573197
2631992
2642496
2555707
2594751
2334035
2594956
4532975
2533466
2601736
2490126
2586022
2720566
2647451
2727031
2418852
2639686
2655340
2775380
2667603
2690968
2603008
4116488
2624442
2717019
2632788
2781125
2683686
2585718
2563227
2714313
2658321
2716808
2717604
2551079
2629268
2722621
4603099
2690231
2619659
2529718
2703599
2737459
2694724
2705580
2659168
2708074
2703954
2933436
2374526
2478573
2707604
2299282
2463188
2536870
2640745
2281293
2489453
1804475
2609906
2555445
2297448
2480658
2547890
2232518
2566602
2750801
4858527
2610036
2559449
2572801
2681324
2725207
2524971
2698034
2580433
2675783
2467802
2704387
2522721
2338106
2639773
4206718
2561445
2530099
2611796
2691155
2560222
2614298
2684073
2599866
2512759
2730574
2680815
2596109
2523889
2670675
4772299
2547327
2572130
2517061
2610204
2638782
2651642
2682812
2575628
2388681
2590165
2490479
2368320
2501227
2561378
4875736
2594489
2549439
2951169
2446164
2535321
2611911
2597559
2622696
2516736
2695172
2426133
2437188
2618513
2638184
4415554
2575280
2526875
2515504
2690024
2662459
2573887
2564190
2614324
2523678
2626299
2672637
2475144
2701945
2625303
4495318
2543611
2647665
2493613
2540403
2574371
2586081
2479469
2613042
2588235
2687954
2635604
2562405
2649325
2650113
4588061
2544275
2604381
2396946
2269454
2589387
2640146
2689223
2634880
2672213
2653024
2686772
2721083
2725708
2758973
4610623
2661574
2652495
2623628
