2291834
1455733
1619259
1607120
1581437
1527606
1635745
1651467
1499613
1654890
1573917
1620632
1623694
1752191
1698252
1712298
1738828
1710079
1724752
1708808
1704832
1694758
1601627
1598881
1694169
1711550
1646582
1730878
1856386
1727253
2299146
3870656
1549288
1721238
1770665
1619709
1709461
1694490
1528412
1768845
1771658
1681699
1690192
1784813
1616324
1650839
1704748
1636842
1702612
1698165
1636730
1695298
1643018
1549154
1645541
1698735
1572232
2204224
1500573
1696273
1772965
1697802
1732785
1695009
1787346
1674588
1701188
1904620
1797990
1739404
1792300
1658349
1697472
1773255
1631405
1777689
1798155
1675517
1762679
1829340
1649054
1689839
1903285
1562340
1692416
1801245
1540597
1495110
1869160
1449486
1701338
1770315
1551118
1678001
1693906
1774761
1740853
1778089
1703211
1738135
1701346
1728109
1754079
1608349
1414882
1596017
1588207
1630663
1698453
1633253
1693688
1732618
1779743
1709469
1675643
1780756
1609210
1748664
1790781
1631790
1773039
1774726
1659006
1739195
1694400
1693415
1735461
1765185
1757940
1693409
1906046
1741694
1740565
1417446
1710453
1640370
1679339
1705838
1688025
1635843
1673408
1693086
1643733
1646785
1623163
1657418
1521748
1549368
1539509
1184372
1553173
1525122
1508373
1540213
1562923
1615721
1530823
1655464
1689684
1672895
1712270
1489311
1683915
1695350
1619063
1636990
1646443
1735178
1684196
1680544
1616843
1683058
1698693
1740952
1687809
1659414
1501863
1732701
1689483
1556736
1726707
2151329
1380271
1644795
1685287
1722431
1508809
1747068
1477043
1482269
1615958
1431274
1577031
1607819
1422260
1620032
1628574
1560607
1604874
1623813
1502150
1627648
1637018
1514682
1529237
1639764
1518573
1584045
1614089
1413602
1638024
1498624
1517992
1503193
1646764
1543413
1620596
1640262
1614274
1629892
1644477
1612636
1631554
1641157
1609696
1581398
1639103
1684088
1629663
1633034
1652978
1582163
1624134
1629003
1640770
1631474
1584839
1626539
1814497
1515153
1664703
1853856
1740318
1524336
1550922
1503964
1770221
1694234
1722594
1674824
1662841
1663854
1692771
1677412
1667116
1695965
1709878
1710632
1689230
1674799
1587748
1688881
1702454
1718666
1700745
1687395
1621471
1622153
1700074
1559400
1697734
1830854
1615174
1615790
1748024
1589591
1672450
1691306
1583942
1680974
1694865
1694670
1680431
1699997
1543106
1694098
1691435
1607817
1683952
1685420
1557216
1654658
1733771
1650262
1669462
1687584
1784356
1754605
1612213
1632184
