2898836
1940786
1943563
2046081
4668519
2282636
2262736
2307316
2337036
2304706
2323460
2327913
2336477
2247890
2313050
2304020
2311243
2319456
2343072
3839315
2288904
2305313
2343344
2317081
2292552
2345942
2348271
2302030
2359918
2324932
2287986
2191574
2317130
2344607
4213192
2319007
2362138
2316082
2198858
2254572
2192038
2133490
2297501
2333961
2250794
2227453
2252185
2243649
2245013
3700347
2211612
2184144
2318780
2213049
2237659
2322691
2283820
2228911
2311563
2172468
1920359
2043856
2034368
1849403
4398156
1959927
2012098
1934156
1986432
1987781
1990075
1990378
1885719
1976247
1995607
1967202
1867783
1994106
1940301
3815169
1955935
1807474
2062126
1944062
1905826
2018693
1794415
1922956
1938656
1965769
1771181
1995966
1977368
1830247
4525130
1993620
1807000
1942724
2039176
1864599
1988368
1882170
1855119
1997471
2244239
1975487
1821068
1994679
1885699
3050140
2000157
1992793
1816408
1990751
1886523
1974930
1922489
1858930
2027316
1894286
1858135
1979331
1973167
1899745
3368122
4621544
1865801
1809579
1795394
1873929
1845398
1745130
1839955
1834124
1829052
1875788
1705506
1777220
1768427
4503375
1791684
1790868
1760958
1948859
2356461
1852525
1812694
1804644
1822745
1758884
1806914
1717577
1807242
1766632
4585585
1907896
1805395
1797296
1794236
1820351
1777367
1807658
1825263
1744679
1803034
1848566
1795640
1745202
1700377
3005408
1800830
1695829
1742281
2049652
1717202
1860089
2259449
1779712
1674399
1955682
1805080
1815528
2259905
1816266
3328717
1920125
1831045
1916704
1857214
1884313
1921775
1940727
1804083
1930430
1907687
1849395
1920207
1921854
1800266
3448267
1965103
1873209
1922316
1863384
1878343
1944300
1912096
1745763
1898278
1836315
1970151
1938796
1880859
1895243
3406114
1883440
1820835
1927676
1964770
1859029
1920680
1934546
1732790
1917939
1911113
1859783
1870283
1963275
1896315
4176931
1917816
1849446
1916281
1897965
1840919
1924216
1920841
1827075
1950291
1845835
1879286
1905268
1932673
1829268
4156336
1883353
1909798
1958760
1933540
1894674
1866861
2116829
1893648
1929539
1935020
1815415
1906267
1734617
1866535
3461433
1924744
1827532
1923840
1728661
1819068
1960602
1951996
1794588
1932280
1861073
1895216
1922513
1921944
1839860
4043477
5073799
1922260
2153334
1935676
1884779
1805704
1939204
1762485
1572106
1891177
1674916
1653313
1687462
1681860
4020251
1776248
1887758
1738671
1785687
1821878
1784126
1843433
1684956
1803410
1690178
