2445770
1543902
3551605
1769033
1676010
1836107
1939513
1781967
1805235
1794599
1780140
1672712
1841395
1801330
1831202
1988946
1770874
3877444
1899141
1857081
1883125
1840085
1845920
1781440
1800720
1888309
1882773
1770415
1845570
1910881
1702044
1882767
3756923
1978403
1769440
1794714
1905559
1831384
2020441
2064585
2005402
1896641
1959666
2051368
1917831
1898557
2021657
3758153
2036488
1963706
1954180
1945018
2013104
1968685
2054203
1940651
1987453
1814405
1959217
1972216
1898051
1941861
3728612
2094658
1979872
1910312
1904663
1944240
1895950
1901221
1927797
1849070
1837054
1907040
1893166
1833893
1848347
3751706
1826814
1998725
1948896
1871159
1978086
1900454
1860615
1964955
1954055
1921617
1892261
1899915
1890647
1971366
3611094
1889934
1846751
1921325
1809008
1966481
1997932
1891355
1970000
1881577
1884471
2006351
1976466
1973781
2015141
5122183
2210880
1990100
2064387
1711957
2004094
1482881
2014726
2044739
1712264
1943344
2018747
1776796
1932836
1843107
3369448
1887405
1980660
1787296
1932776
1952440
1891092
1979798
1962182
1891781
1863556
1915366
1912865
1909629
2059186
4881663
1904271
2050667
1946436
1927166
1938525
1915412
1842524
1926175
1888175
1879941
1921782
1797668
1874174
1955623
3948675
1934947
2041547
2083507
1882058
1941720
1901669
1937682
1984543
1901810
2029364
2155118
1973730
2068870
2424328
3745271
2074467
2394931
2053927
1936046
2084613
1946416
2082847
2069101
2053886
2081441
2057467
1960526
2022336
2047370
5443191
2003657
2081937
2073857
2012673
2026103
2039969
2083414
2031347
1991153
2066117
1868309
1916636
1895051
1924905
3259847
1935216
2014677
1785151
1904741
1972302
1913670
1861565
1940740
1890745
1902663
1897567
1895023
1918599
2147214
5518759
1947975
1933997
1956672
1884314
1975292
1900992
1979082
1927751
1968247
1893386
2012943
1864159
1882011
1869157
3889187
1917385
1946411
1932093
1892962
2004268
1821087
1988826
2015723
1935544
1895729
1994106
1828748
1891891
1902941
3246801
1923293
1926557
1875831
1972856
1945721
1962496
1928605
2015274
1870745
1921646
1857488
2015523
1851145
1997657
5664149
3632910
1861831
1843315
1789333
1846797
1801464
1847031
1986782
1860772
1815028
1833510
1909521
1794091
2031813
3134713
1827193
2037855
1838365
1971475
1827657
1951096
1855534
1538151
1882756
1754209
1821691
1645192
1803048
1831975
3843017
1724583
2001532
1963876
1823205
1850815
1862112
1780586
2038072
1858681
1828550
1846420
1931786
