2923874
2114566
2103346
2136139
2248872
2239279
2269740
2252170
2154018
2286606
2286780
2283383
2261723
2128866
1974037
2419558
2360637
1959254
1968016
2355181
2136828
2136149
2267185
2149289
2252300
2144158
2174277
2267518
2143531
2212419
2221412
2101601
2171168
2213632
2198956
2193182
2261340
2262900
2277792
2213407
2290187
2229591
2235610
2292390
2213509
2270202
2275341
2227616
2278451
2313822
2237838
2276523
2209740
2208130
2244736
2127416
2277703
2227612
2298630
2184952
1915430
1904056
1907838
1947319
1910698
2007574
1932364
1887605
1933718
1902258
1884333
1910644
1943408
1956524
1874349
1989435
1950653
1878386
1999450
1896419
1913468
1972699
1948469
1898884
1989590
1903563
1811129
1963716
1899207
1917177
1958797
1989909
1923753
1951560
1986434
1876093
1881367
1986690
1753431
1941514
1984243
2006365
2006601
2019477
2122181
2016924
2012821
1964478
2003741
1998058
1910951
1979548
2025904
1823962
2373878
3052922
1747483
2153036
2056299
2149001
1784455
1978574
1875310
1946511
1982723
1725846
1861982
1869653
1791756
1911974
1977917
1877937
1922648
1926151
2084515
1922927
1938407
1899184
1884657
1940004
1869479
1892737
1941407
1905813
1922133
1857743
1859009
1940137
1929358
1851876
1978036
1941534
1874823
1929499
1926618
1828103
1798072
1931097
1834189
1941267
1937070
1855026
1925648
1869744
1949024
1949087
1911668
1798248
1927633
1858416
1735523
1920946
1914908
1815527
1942188
1749952
2141640
2009490
1864178
1780459
1884815
2017941
1997498
1850002
1898657
1860645
1847183
1934934
1946824
1945894
1903740
1787832
1919914
1871653
1964630
1919913
1886528
1916863
1922498
1870116
1978124
1982194
1949824
1806046
1929039
1824317
1935593
1968060
2053855
1943610
1932904
1953837
1901968
1951187
1909623
1918677
1967750
1954320
1828790
1891137
2038215
1941353
1878747
1811806
1942854
1904907
1895044
1912941
1915145
1911863
1939088
1965580
1931930
1922307
1945427
1945640
1939878
1943787
1948497
1928983
1919573
1985127
1925293
1879603
1926608
2002040
1752302
1761723
1787133
1925103
1954577
1959018
1921116
1913324
1923917
1901320
1961536
1937980
1916554
1959700
1942937
1955538
1950950
1909833
4455869
5720205
2012424
1859900
1905563
1901943
1966230
1988145
1934214
1871727
1982498
1985880
1804892
1995358
1894327
1891288
1994830
1596119
1941113
1985647
1944754
1959407
1975578
1852539
2019539
2132704
1876200
2010549
2012810
1887979
1958298
1940550
1969145
1910319
2001409
1892450
