4453490
2721634
2561408
2563103
2486644
2532998
2431881
2684739
2633723
2819644
2697793
2579697
2649899
2726843
2476306
2428297
2751738
2654952
2296845
2260838
2650741
2454319
3666088
2470350
2719879
2705891
2675372
2779140
2795599
2597917
2667909
2757849
2598544
2720469
2812694
2741439
2774430
2784855
2741307
2977016
2849228
2805729
2840341
2885743
2729510
2683609
2762583
2736734
2724893
2783559
2533848
2818949
2852043
2511877
2834060
2811555
2570371
2667044
2791222
2803464
2548343
2778069
2466453
2985971
2804290
2833786
2618532
2805595
2752368
2549752
2922597
2542768
2108250
2646078
2312923
2398405
2638426
2316314
2478230
2278470
2434416
2501898
2582123
2462996
2431944
2618054
2628739
2508873
2283784
2468576
2586312
2621138
2562680
2642474
2612507
2617237
2458990
2616068
2306399
2600383
2653388
2427594
2555423
2458081
2459266
2592256
2672527
2626197
2565206
2620987
2515880
2551400
2698538
2460367
2675742
2527687
2603933
2606847
2592513
2585563
2562746
2663068
2513886
2575903
2609092
2592297
2651344
2521396
2594307
2597427
2582589
2614128
2501272
2680733
2367935
2522767
2562552
2538797
2585055
2371859
2489045
2229218
2529702
2400989
2235773
2686245
2423413
2365840
2487452
2458626
2430641
2488202
2455430
2500966
2663143
2700459
2410785
2691408
2616067
2554263
2586967
2512511
2443975
2770554
2431251
2394805
2749025
2452545
2577162
2631852
2521321
2459832
2629594
2454600
2686674
2739172
2430515
2443000
2419768
2467645
2315729
2311707
2523440
2104993
2532156
2536287
2339215
2536337
2408535
2552287
2047956
2542202
2426304
2022951
2406801
2491355
2655324
2413621
2424941
2103021
2407269
2217953
2485381
2405255
2712228
2644544
2424400
2520446
2698091
2516777
2425055
2670778
2516757
2334834
2701614
2635381
2403016
2641112
2537855
2619507
2659346
2578100
2640992
2807936
2560797
2614758
2780083
2540744
2705748
3827520
2553242
2285918
2724558
2236939
2577215
2516350
2438967
2658988
2314617
2548551
2499315
2598308
2500046
2529187
2558185
2605026
2707837
2719580
2537237
2497786
2578223
2579996
2645617
2556467
2531266
2545254
2567610
2408475
2624457
2657267
2643532
2368334
2559337
2279364
2057752
2376475
2694219
2464646
2551166
2027158
2496836
2223784
2166642
2355475
2683822
2525653
2782373
2413559
2341878
2500886
2437949
2678932
2462273
2815448
2503005
2424674
2871252
2662798
2569753
2858060
2859691
2412558
2579796
2481429
2573227
2688142
2547845
2520955
2504240
2721842
