2444809
1849683
1781744
1716857
2108268
1965903
1708210
1972955
1974994
1899759
2038097
1923254
1913583
1958774
4832733
1893961
1983464
2043058
2031031
2034679
2043158
1942705
1899090
2113511
1897029
1979554
2037554
2050190
1977992
4923629
2016412
1998637
1930123
2037030
2090186
1997128
2013340
1987492
2076705
2022756
1960638
2015604
2020604
2013151
4806499
2017450
2027873
2043944
1982708
2022174
1894567
2037794
2024931
2062940
2027074
2037618
2019508
2032980
1984003
4873830
1987383
2307285
1947097
1697914
1887440
1920540
2032658
1882721
2011187
1882522
1924763
1928453
1930919
1909972
4919865
1930514
1955254
1958468
1945143
1906407
1927265
1958094
1948612
1992234
1987560
2052930
2025268
1939709
1935167
4819333
1886646
1990644
1937381
1936131
1801056
1959872
1989584
1936112
1926777
1900918
1942243
2008267
1914422
1940707
4795976
1994241
1965213
1938067
1897043
1910669
1941701
1897176
1959122
1902886
1879793
1978959
1936760
1868246
1760370
4916413
1879339
1803885
1883153
1913517
1858689
1910973
1869366
1804832
1919151
1883049
1860838
1873486
1876094
1831037
4809043
2215573
1968075
1867206
2018281
1957914
1929305
2031518
1861233
1942516
1940495
1954210
2027884
1946213
1935517
5122691
2127437
1989056
2028163
1840376
1946257
1925364
1986937
1956003
1923381
1971785
1890589
2011898
1985185
1946949
6082198
1945097
1926635
2026282
1930945
1941599
2026574
2065505
1907499
1992261
2028010
1918903
2028299
2011918
1964403
4519560
1912888
1880274
1933763
1837966
2041504
2024192
1958123
1806557
2021922
1941199
1926934
1943202
2059780
1926499
4795882
2030040
2036344
1939756
1921667
1860963
2062702
2025738
1809436
1957154
2163759
1894642
2017231
2031364
1919220
4935940
1879150
1937967
2016187
2025954
1928866
1933536
1941668
1957463
2015348
2048428
1934417
1935404
1945712
1863128
4852589
1933997
1897689
1919521
1860578
2015251
1938529
1961487
2022354
1944465
1934367
1950577
1926476
1879619
1907629
6048784
1939397
1914359
1972916
1801912
1905847
1956116
1899311
1838727
1917943
1869380
2004553
2018372
1979919
1914997
4999302
1930751
1900350
1925188
1905987
1917612
1899687
4534325
2063075
1963642
1954151
1890808
1936790
1941218
1950701
4195491
1914333
1928063
1933902
1892916
1901155
2019052
1899078
1913454
2034416
1949334
1957669
2022692
1945564
1950912
5242542
1901161
1903952
1946458
1965379
1939773
1948517
1955200
1921337
2034298
1942657
1943484
2025779
1938323
1936915
4870004
