2669361
2039798
2125665
2282493
2228985
2302556
2310773
2086103
2319838
2297189
2257249
2320175
2273096
2288262
2297460
2203190
2094392
2186906
2147313
2085727
2146826
2073304
2137603
2243611
2196648
2149038
2184839
2126644
2092193
2205816
2144983
2239686
1907632
2206635
2211324
2172274
2062022
2148425
2202061
2139757
2163774
2142842
2143853
2047630
2297112
1730948
2128256
2115419
2037393
2084147
2102264
2229351
2190544
2355193
2493438
2149313
2190000
2229759
2206258
1991348
1873120
1877890
1882324
1893262
1923557
1898449
1952259
1864240
1885890
1903051
1978956
1900935
1835147
1895944
1961792
1802670
1983145
1945656
1961036
1867092
1991051
1961825
1971042
2016638
2012437
1869549
1998126
2072577
1969621
2005356
2018455
1980362
1988712
2026674
1978531
1943545
2027292
1931370
1966581
2027839
1997566
1967846
1973753
2001470
1934936
2030530
1947976
1980995
2016917
1996870
1959581
1968151
1954790
1959296
1983975
2003960
1990260
2009557
1927123
1984309
2013456
1976451
1845149
1961910
1933265
1922006
1971236
1924903
1934845
1965834
1934870
1934802
1977141
1966797
2101163
2411943
1917786
1857006
1932357
1888903
1890079
1879135
1886373
1877508
1866689
1922048
1879583
1593568
1511672
1818644
2138544
1825991
1858233
1726580
1654855
1776900
1868552
1727476
1924676
1745093
1785880
1931334
1847275
1801614
1875447
1874468
1736076
1867754
1893389
1775852
1860820
1893475
1736928
1855678
1825969
1772535
1879313
1968601
1785906
1740852
1775564
2139404
2027617
1836752
1533420
1804717
1771101
1441323
1754610
1960201
1568943
1657972
1675474
1654757
1597287
1826959
1618107
1655614
1629147
1649151
1688122
1620293
1631464
1652027
1625783
1550006
1696502
1650876
1529159
1743919
1750066
1699609
1672512
1664335
1707038
1720198
1715884
1666114
1722904
1674249
1657986
1789843
1765232
1681421
1791399
1740135
1692955
1801170
1753975
1689574
1793305
1625875
1712808
1788480
1719684
1671192
1805509
1681427
1750782
1796891
1771789
1550535
1803999
1694332
1721217
1789529
1762455
1636437
1780046
1762822
1520093
1789166
1714209
1686528
1789114
1714072
1693046
1858998
1776628
1638871
1825890
1844186
1634042
1806069
1742087
1620516
1798736
1762762
1773583
1781228
1847324
1677170
2239624
1825215
1855966
1941450
1900225
1658500
1937369
1829601
1802937
1945515
1889878
1791523
1967032
2136318
1634031
1795775
1779742
1576520
1576080
1813789
1843628
1898409
1847895
1705581
1718840
1737495
1683664
1835369
