4426862
2953687
2751879
2884780
2840690
2773267
2775707
2729467
2634029
2778973
2755147
2814387
2839965
2728173
2806652
2655566
2738967
2817993
2752472
2656767
2550816
2662827
2711267
2806342
2822763
2741649
2739464
2803489
2631895
2689243
2729543
2727951
2757728
2737594
2758440
2780917
2806698
2707244
2801843
2782937
2736911
2758429
2794609
2675497
2679904
2659827
2644394
2704234
2774718
2684655
2719478
2761512
2615402
2708725
2779379
2660024
2669397
2622859
2614759
2684747
2525062
2664934
2706046
2633785
2494583
2661252
2672201
2505793
2709631
2615237
2693664
2557322
2686220
3053663
2534759
2676227
2577777
2558573
2833130
2861107
2654484
2395505
2589297
2673783
2864407
2731426
2919211
2724676
2662593
2712857
2444742
2614974
2652875
2680417
2652436
2749597
2758822
2660953
2760819
2862480
2740821
2577184
2537161
2589032
2783883
2699400
2401893
2773762
2814286
2644624
2786368
2822346
2840028
2786898
2708086
2474611
2773702
2787836
2718435
2830977
2719098
2599570
2834269
2893429
2848290
2845600
2890427
2564833
2856030
2863799
2651395
2806624
2883748
2676522
2857410
2702090
2619403
2794927
2896230
2712944
2809975
2902681
2799879
2760033
2863530
2677908
2899948
2887077
2823969
2863051
2799457
2704944
2860688
2887260
2787490
2963142
2924526
2782585
2880234
2734225
2684104
2838698
2888479
2663835
2883540
2771958
2665010
2823543
2936398
2441684
2568144
2892878
2875354
2776034
2975352
2585567
3085203
2547123
2575486
2845643
2614480
2467119
2651746
2690799
2599353
2596316
2610014
2572301
2616676
2620916
2664067
2743771
2913056
2748697
2826198
2646942
2687242
2705927
2782178
2787385
2815550
2823979
2649141
2733100
2893188
2618623
2848835
2834773
2782164
2753952
2616769
2683479
2765189
2804051
2789710
2837604
2518405
2789478
2749942
2678542
2823871
2857618
2790691
2743733
2813481
2574680
2602335
2744270
2785749
2754655
2690601
2718380
2717621
2729297
2766998
2788799
2797189
2996882
2672426
2704972
2591978
2591135
2770418
2700342
2793432
2758568
2866090
2702899
2727397
2877659
2827141
2753411
2807762
2617626
2825463
3071047
2627667
2815801
2831333
2747081
2836555
2878371
2856886
2674097
2952503
2861633
2910352
2756538
2767148
3004563
2679581
2776738
2815578
2846170
2821640
2848930
2893250
2776378
2776745
2837985
2910535
2705138
2843584
2778868
2924625
2780470
2815782
2917354
2796871
2806322
2886928
2751072
2843513
2898275
2806370
2811629
2778292
2774948
2819194
2881176
