3061815
2187116
2178464
2227421
2278123
2272973
2249245
4720146
2257044
2261581
2245142
2276656
2110237
2063073
2416317
2088463
2261998
2266132
2191668
1984132
2215447
2311874
5179160
2196175
2240295
2246995
2376135
2084173
2313516
2084819
2264677
2288527
2272662
2209025
2302676
2254405
2233292
5542795
2218903
2285576
2336683
2017102
2216654
2391938
2356903
2177228
2360096
2386145
2297750
2162924
2243145
2288999
5312118
3803176
2277441
2334560
1705869
2250585
2071173
2357586
1940251
1924671
1972018
1882271
1980653
2004199
1877424
4925805
2020198
2008418
1992571
2093236
2014678
1979690
2044147
2090743
2001138
1822447
2038985
1916055
1883386
1929466
4518813
1966821
1995241
2106596
1984298
1995067
1962627
1950279
2015657
2064206
1976452
1945487
2001796
1861077
2007934
5717994
1848981
1933342
1978025
1957150
1998784
1945015
2044191
1992755
2085884
1946996
1926089
1822971
1854975
1869788
5418336
1815417
2064187
1996073
1904326
2070313
1948022
1921197
2069580
2109949
1905781
1965078
1930485
1703356
1904825
4395316
1810213
1907070
1938471
1876144
1867361
1889720
1912318
1916918
1805270
1877632
1924194
1755120
1855971
1909298
3492435
1619532
1948899
1754748
1405117
2043652
1924985
1925501
1907242
1790548
1777666
1898237
1732263
1822720
1885082
4344967
1910416
1898558
2005552
1826002
1784433
1832847
1746478
1873451
1950418
1876083
1939361
1806036
1953553
1884809
5065200
1849146
1865489
1942659
1875932
1915063
1940632
1810596
1909795
1931756
1873264
1909081
1940907
1894923
1885782
5010679
1900617
1913395
1922897
1707800
1936390
1935738
1823068
1911987
1925799
1905047
1862620
1890984
1892590
1913167
4146227
2016180
1895486
1945122
1904108
1828294
1920626
1699775
1863911
1850224
1827874
1859607
1846203
1863860
1909520
6013874
1794737
1873475
1856248
1833649
1744468
1904079
1830397
1859021
1866224
1778085
1783995
1809626
1852175
1750003
3514479
1807780
1809950
1719000
1869495
1903848
1906901
1734182
1803411
1926292
1658298
1717056
1814109
2066851
1830616
3772633
1808941
1846487
1801926
1564421
1740795
2056741
2295896
1872176
1689859
2211492
1852864
1844278
1957508
1952049
3628112
2035658
1886890
1815886
1918154
1884889
1899518
1768916
1896474
1955553
1705255
1916477
1845355
1994751
1961453
5756484
2200992
1921891
1830726
1820270
2118969
1815890
1925421
1905809
1888262
1923407
1952990
1937583
2034203
2024836
5064224
1949073
2005610
1949643
2326386
2015263
1917928
1925014
