2289165
1319308
1649068
1415380
1382153
1558965
1719505
1645974
1672502
1769166
1658719
1753342
1789009
1559126
1718908
1759350
2729900
1833566
1667108
1580702
1813714
1670627
1728926
1695971
1731731
1605322
1711579
1776256
1712853
1678863
1760262
2542265
1798689
1733730
1619977
1825170
1600390
1529820
1792134
1708501
1545563
1722182
1652661
1655449
1719612
1746127
1593289
1755295
1761241
1628744
1714491
1710501
1719831
1800446
1729547
1534000
1723649
1780593
1472136
1731352
1704696
1521858
1767820
1780356
1409407
1556070
1691776
1381626
1937856
1771830
1537949
1876121
1830309
1471953
1825872
1514893
1668953
1656160
1746806
1593714
1731955
1723606
1741506
1710331
1799217
1657326
1770543
1796116
1740786
1726154
1707797
1824066
1804767
1829729
1541280
1760116
1845883
1622305
1804039
1784469
1727581
1794815
1757579
1664585
1792902
1556261
2751247
1804962
1719466
1478592
1793400
1724964
1726456
1746192
1711045
1808724
1807732
1713666
1691465
1803768
1747689
3224522
1806871
1617909
1403860
1792152
1681106
1843416
1813646
1826096
1843256
1823220
1851702
1684065
1819859
1857733
4235182
1820833
1754054
1735018
2015979
1807495
1546208
1737691
1782566
1544183
1696868
1792683
1679319
1740700
1712948
2968167
1661319
1797929
1739722
1697530
1775286
1651242
1760291
1791525
1746901
1786849
1813090
1746191
1770406
1711869
2380512
1846943
1781641
1790430
1757480
1552883
1547977
1713335
1697004
1562271
1647837
1690296
1354716
1612187
1545400
3188515
1643194
1708482
1612700
1820367
1649445
1684799
1735159
1736968
1733971
1771636
1707612
1536358
1692439
1669825
2910599
1757471
1776100
1736607
1828137
1789109
1620722
1695662
1766192
1747319
1748618
1784346
1718535
1715495
1742039
2936888
1703490
1767541
1647630
1805006
1812165
1742552
1818025
1782373
1759221
1837123
1837005
1657587
1778981
1749071
3617932
1733084
1814232
1942951
1777756
1742185
1807022
1985378
1802657
1748358
1823339
1873956
1756849
1773053
1981327
3308633
1736952
1769752
1663061
1814686
1816392
1633261
1826306
1815552
1777669
1836727
1805722
1840502
1826813
1758233
3970241
1781637
1750926
1632444
1823876
1797080
1839453
1785736
1855686
1812522
1833095
1769078
1656842
1812850
1764266
2724858
1736218
1782471
1731767
1828252
1758641
1591091
1784280
1827102
1786011
1835156
1841239
1854944
1822689
1870095
3478851
1823337
1794203
1719039
1836208
1824681
1832889
1741789
1867469
1756329
1777566
1837071
1742978
1813622
