4331493
2836161
2800655
2810349
2648013
2706538
2585427
2788355
2550699
2943963
2387870
2832194
2638397
2660143
2711263
2570518
2679728
2669814
2369313
2618982
2773104
2818290
2808431
2562948
2702054
2649124
2799539
2714212
2875200
2771618
2556238
2788312
2834563
2775070
2817853
2849600
2771635
2754616
2734429
2824695
2684866
2786116
2813924
2557094
2742566
2275403
2693653
2752628
2826345
2803220
2790935
2757415
2796607
2641328
2806421
2588258
2786984
2723750
2456146
2376207
2922758
2740870
2623349
2424883
2772668
2748653
2728229
2780921
2819451
2805695
2626203
2823526
2821286
2814648
2771735
2515411
2644007
2809132
2733385
2808401
2720030
2708748
2717540
2626098
2840675
2697844
2813565
2790079
2635796
2829496
2742145
2654758
2742197
2644402
2740460
2797674
2743699
2770906
2796749
2688453
2721689
2749919
2715915
2702737
2840201
2572893
2605866
2737164
2725600
2647468
2200399
2288020
2410440
2544230
2465628
2304079
2592902
2576588
2392776
3026359
2525334
2582659
2696076
2722687
2642627
2657429
2919971
2639002
2630872
2261510
2563101
2679313
2506132
2534397
2654997
2491966
2356404
2750828
2676164
2564367
2731960
2610753
2564944
2644443
2658407
2398554
2705610
2615552
2756087
2617488
2648993
2655589
2659887
2567583
2606826
2606119
2715881
2649785
2670328
2578946
2662207
2662607
2254694
2436512
2555967
2117692
2644876
2511842
2502011
2702064
2495613
2530111
2425087
2382666
2718834
2582823
2606113
2636943
2586076
2399435
2416945
2363146
2391707
2501397
2509762
2406831
2589868
2509035
2545653
2639206
2688673
2602023
2585947
2517622
2633753
2456891
2523983
2476556
2536322
2434658
2521672
2374939
2522516
2373175
2505924
2196264
2373735
2331157
2357876
2358290
2258230
2557522
2547298
2496241
2442845
2393526
2338185
2419146
2505352
2390837
2261359
2448001
2441367
2531157
2764864
2243156
2506423
2529713
2482179
2405676
2585793
2520862
2498072
2532297
2543444
2164486
2551435
2418066
2463185
2551932
2529252
2514402
2539698
2440945
2475112
2501377
2510342
2329746
2287120
2532212
2509332
2490411
2482914
2466911
2600524
2448377
2137547
2554702
2584685
2527309
2531751
2591842
2608838
2507572
2504785
2481724
2525746
2534492
2515418
2428246
2361170
2500647
2546277
2574118
2375033
2608735
2718507
2413611
2558066
2541022
2534501
2559397
2604616
2493855
2633967
2595467
2548688
2409822
2578936
2989969
2607370
2778591
2675323
2572306
2786360
2606246
2549656
2604411
2615993
2360009
