1909609
1659038
1419827
1548972
1699070
1718691
1524672
1614860
1758464
1615601
1477860
1735076
1661396
1686596
1657630
1471047
1764522
1768466
1617018
1744333
1666225
1717371
1681743
1758917
1744037
1688657
1771426
1616614
1796677
1764191
1607773
1700857
1764660
1667627
1699427
1708461
1628867
1638413
1667510
1571857
1678217
1686376
1636703
1686383
1680232
1736388
1653491
1743242
1633624
1692387
1734607
1642211
1685835
1694401
1658037
1593671
1693893
1652327
3187235
1604910
1527209
1654865
1738267
1446946
1690141
1705884
1641467
1705291
1640461
1577184
1582721
1744794
1531897
1697249
1742190
1615552
1638207
1701744
1638613
1633786
1391037
1480031
1657192
1750891
1591384
1672275
1706714
1559746
1722838
1708997
1597822
1685997
1690282
1630351
1612052
1663727
1612388
1621826
1632246
1650114
1651013
1657472
1593103
1704761
1685451
1611617
1636331
1571663
1430758
1675217
1667312
1286569
1613424
1597181
1506972
1431092
1680467
1583497
1617626
1547654
1807767
1700691
1729901
1553937
1642944
1732105
1550763
1737694
1700524
1595712
1735560
1732000
1581865
1722407
1736722
1565130
1740426
1736454
1548351
1723770
1720619
1554213
1727017
1622832
1582996
1649761
1743116
1541027
1681484
1749084
1525666
1685690
1736387
1561875
1645157
1710246
1491547
1604327
1604647
1433881
1679721
1632033
1492969
1677395
1677417
1516007
1731031
1683817
1565276
1628631
1722482
1561514
1628911
1674450
1582792
1737726
1737567
1555119
1587467
1802045
1492813
1593855
1721269
1549463
1642145
1699277
1599551
1596742
1634567
1527907
1651653
1643111
1527121
1718594
1671473
1622331
1745123
1741754
1553243
1641712
1926447
1594316
1705058
1682483
1550810
1688794
1673542
2050671
2382555
1635855
1619141
1289344
1447803
1449771
1435948
1465516
1382898
1620867
1557543
1256338
1423795
1485939
1275456
1657602
1357069
1524770
1389887
1516891
1577008
1567371
1569241
1524730
1563985
1557642
1520414
1535201
1474278
1494917
1647115
1652101
1588545
1671457
1598709
1523403
1654427
1599298
1595314
1560117
1606047
1483658
1588671
1646230
1524157
1657797
1641361
1718877
1642728
1606887
1686315
1553393
1656815
1482379
1603837
1673961
1507932
1599386
1680265
1509216
1543436
1678498
1594561
1522723
1510465
1464948
1407871
1446117
1450504
1523948
1519055
1444270
1436228
1520371
1436042
1355882
1452645
1448127
1541532
1521167
1456784
1435381
1453882
1447854
1448326
1430922
1450348
1412426
1469148
1428967
1358418
1340494
