2136917
1392758
1141131
1599391
1538406
1522656
1524865
1597724
1369795
1542796
1554552
1692035
1684331
1472700
1615197
1638180
1607257
1678459
1656192
1483338
1649954
1625893
1519915
1651803
1672394
1503480
1666460
1645274
1697276
1648439
1638529
1622849
1605715
1658813
1610549
1615198
1632598
1505719
1692944
1702505
1523769
1623267
1613294
1550346
1694178
1578363
1541611
1627911
1560946
1690210
1586237
1631780
1559172
1579708
1693673
1551726
1614672
1616486
1694220
1622797
1665699
1693399
1473459
1459644
1415845
1670634
1642077
1375727
1598521
1586053
1594599
1590718
1590778
1653888
1544729
1675708
1613727
1618299
1593905
1557606
1553256
1591943
1503479
1605419
1603248
1567572
1594642
1601838
1701005
1599814
1600882
1440312
1602210
1582150
1626865
1581407
1602043
1589898
1592876
1601782
1584233
1538135
1594379
1615931
1585226
1501644
1590732
1622638
1645199
1526755
1633487
1648348
1624207
1372802
1717455
1559037
1575679
1655530
1652062
1619971
1528396
1547930
1506735
1532301
1637038
1631167
1490464
1665531
1614222
1629447
1557987
1628615
1621855
1652657
1636518
1623132
1596287
1518666
1631062
1622272
1630448
1643827
1598326
1583333
1636092
1609582
1635010
1571981
1606024
1598051
1580700
1474000
1506435
1628078
1584072
1580158
1617557
1537782
1610904
1637808
1634687
1618804
1632524
1423853
1349062
1620210
1522224
1515511
1439285
1608141
1653028
1621588
1519221
1597841
1603068
1554629
1605726
1550930
1565612
1515747
1612742
1612113
1635914
1568806
1538705
1625126
1568921
1656903
1582993
1652040
1633968
1658533
1626488
1628697
1613484
1626336
1654226
1601049
1543996
1653102
1659028
1657087
1598337
1565060
1655837
1632574
1553541
1656665
1626193
1546481
1619758
1637699
1672400
1677139
1671125
1646151
1647529
1607473
1834062
1663452
1581116
1648878
1648909
1667531
1665484
1655988
1667963
1640383
1666305
1661386
1671128
1648122
1680798
1657535
1651295
1616297
1649575
1662478
1585317
1615018
1644034
1762618
1622853
1560738
1542311
1624753
1760826
1643832
1552023
1658090
1694255
1670648
1647444
1615160
1654923
1659748
1629207
1630743
1650981
1615117
1669684
1653929
1667968
1652280
1713074
1601027
1560960
1822213
1616122
1718066
1457353
1396992
1525048
1529404
1726859
1596645
1573786
1607218
1557902
1695220
1679285
1682248
1669623
1649333
1638044
1681735
1633169
1602617
1671175
1628899
1604961
1662599
1688053
1666724
1664681
1529815
1612377
1663898
1688831
1657198
