2763392
1925406
1720983
1881579
2121360
2114435
2160094
2303299
2140005
2202554
5484621
2282254
2264508
2288996
2003578
2138707
2407171
1760379
1844911
1978116
1942592
1565418
2218458
2213183
2233369
5700332
2288365
2146235
2239424
2192315
2203654
2247633
2109573
2191725
2172043
2296755
2171518
2185593
2126476
2137384
5038606
2221264
2176858
2151064
2154244
2156883
2175071
2131177
2116277
2199062
2292796
2073923
2347349
2170176
2245087
5104652
2127011
2196894
2215594
2122487
1920491
1958895
1863771
1878640
1890440
1906661
1878139
1871826
2005982
1896659
4953909
1846101
1884662
1835531
1865392
1894626
1850169
1749380
1896283
1918695
1873863
1691242
1945220
1909281
1895640
4918017
1760903
1951255
1899496
1708691
1874026
1973716
1756315
1973350
1907411
1811234
1914181
1899309
1889956
1994026
4790359
1852205
1933255
1861130
1930291
1860149
2018094
1885175
1884105
1857102
2005110
1662700
1858006
2021177
1911152
5462101
4972526
2059748
1953300
1746915
1964634
1842914
1903550
1871784
1768158
1892729
1808341
1736034
1932404
1825787
5281626
1701898
1755400
1868651
1913291
1757295
1867726
1803241
1828825
1814361
1858285
1683044
1879531
1799796
1802804
4738247
1856259
1875951
1861752
1897495
1869601
1869292
1858606
1775674
1876715
2286998
1931565
1907876
1911431
1809590
4320200
1879851
1846986
1860255
1810814
1857762
1879935
1849620
1834430
1922291
1890651
1808940
1812685
1841731
1874095
4274481
1875291
1825695
2166998
2016602
1827511
1894892
1775248
1891185
2013066
1942432
1786429
1861769
1880552
1882308
4452977
2001482
1857231
1880761
2001703
1952132
1881631
1991716
1893562
1872788
1948710
1867999
1901101
1999073
1905898
5368843
1996449
1917387
1875101
1986406
1917352
1863696
1895079
1819231
1888979
2013386
1871581
1831385
1946213
1857135
5021411
1851951
1848615
1941465
2021466
1811860
1881185
1885207
1933396
1879537
2008435
1822840
1901210
1992292
1812210
5610310
1983772
1845550
1925677
1991810
1798181
1865904
1992755
1781359
1920007
1983920
1839121
1836157
1940036
2007764
4691033
2005477
1858171
1839933
1844238
1771000
1920060
1933552
1854605
1863266
1945886
1856755
1902806
1923816
1918771
4588946
1901155
1698899
1860125
2055451
1779832
1807606
1758453
1752714
1856647
1895101
1856853
1814216
1750614
1837826
4263570
2012667
1826416
1864782
1943286
1911115
1958060
1998198
1944386
1921821
1762223
1708576
1843664
1972459
1907726
5045751
1983566
2047016
1885774
1964493
