2367878
1593485
1547345
1494570
1406176
1861436
1787891
1675686
1792886
1685022
1674283
1784031
1677709
1727188
1790203
1784739
1836373
1781965
1748301
1876586
1689634
1802564
1708842
1704225
1868005
1961217
1394938
1957930
1960680
1858562
1857263
1684790
1724770
1789835
1672965
1693798
1793476
1713049
1826602
1822745
1756447
1846746
1791105
1728135
1839040
1825012
1765345
1857900
1839161
1731465
1815170
1842460
1681148
1813642
1826455
1718009
1817495
1746712
1754151
1841406
1830592
1635897
1803386
1830680
1557315
1841813
1834897
1580328
1821826
1837550
1807724
1821782
1733521
1466187
1819711
1785952
1738209
1828255
1833585
1732945
1826663
1836302
1731660
1835162
1805230
1805535
1816973
2041797
1832717
1757122
1813062
1672304
1682305
1825705
1765072
1784479
1817852
1792749
1781981
1748195
1521807
1720868
1759994
1800415
1800845
1725175
1642779
1813915
1686324
1744784
1697131
1778755
1733110
1822789
1795203
1693191
1788956
1778066
1708025
1795465
1813723
1713651
1756515
1794440
1581987
1879782
1985708
1953516
1655614
1865209
1430536
1865086
1246328
1631007
1815425
1708581
1921953
1690931
1827211
1652155
1685710
1824712
1778356
1848809
1816929
1811915
1727880
1814543
1752439
1713229
1766793
1693465
1818088
1796285
1612532
1661564
1722732
1796655
1763178
1758119
1777866
1600937
1747019
1563387
1743278
1642424
1575589
1679224
1701147
1626515
1611799
1697295
1569918
1692358
1683011
1593784
1679608
1708341
1638117
1613257
1628235
1596147
1685984
1699977
1559800
1723879
1703600
1531703
1639445
1718601
1586439
1595995
1648854
1584098
1603276
1592653
1507148
1704697
1690759
1625134
1606604
1698513
1744265
1751731
1747025
1623384
1692150
1747291
1735657
1716725
1743641
1699365
1695925
1740395
1481826
1631120
1655987
1704620
1385998
1538263
1466855
1566377
1704614
1511274
1641596
1589939
1652174
1610175
1543740
1495123
1622974
1658423
1583008
1716569
1582574
1680828
1678037
1678725
1694674
1659676
1672796
1825210
1726299
1769106
1681109
1686529
1827676
1695420
1713671
1747440
1589193
1761506
1716481
1665161
1715225
1639004
1903156
1771306
1963479
1793630
1668475
1805609
1729597
1646540
1757411
1606734
1648537
1722611
1694124
1597749
1771441
1660852
1727477
1700765
1673380
1603295
1786861
1731331
1558518
1709291
1720645
1675719
1753303
1696901
1469976
1619244
1537155
1574598
1497536
1511493
1483448
1572094
1504608
1630624
1665771
1585650
1576140
1623394
1636325
1555013
