2951984
2197903
1933523
1938233
2181475
2042459
2278004
2275634
2139784
2369824
2285819
2114901
2236767
2397300
2078972
2296047
2368794
2328885
2284963
2324128
2191380
2359714
2294740
2282969
2363554
2331255
2191946
2377890
2345803
2178306
2357585
2373158
2241716
2223589
2338918
2190319
2249347
2231262
2201350
2417683
2304915
2280743
2333468
2318938
2279047
2374397
2250597
2244409
2252255
2277274
2201729
2226843
2355192
2355276
2312330
2280673
2253258
2300654
2332208
2099998
1880146
1972428
1582085
1859295
1685820
1573868
2053571
1920113
1845175
1850859
1837592
2002724
2119960
1895899
1901949
2073131
1900282
1918314
2048585
1986947
2022005
1882242
1946723
2006740
1994574
1991443
1960941
1976181
2008293
2011160
1960703
2046434
2016110
1916862
1962880
2019184
1953570
1966834
2009580
1920453
1951547
2079181
1975883
1949587
2115640
1979777
1937525
2027794
1910593
1909248
2075795
1979569
1958017
1967234
2011997
1999940
1938554
2052746
1943040
1889883
2038593
2003410
1936806
1977963
1957530
1912065
1909179
1959174
1843704
1907943
2006845
1893262
1939263
1929932
1953936
1908943
1942278
1900758
1923334
1928730
1953258
1928529
1961514
1849862
1885009
1981478
2002385
1973844
1935130
1868255
1984310
1999673
1964054
1975665
1961200
1957129
1916757
1916133
1965923
1957658
1939254
1964600
2169101
2042819
1933932
1780401
1958194
1997137
2103713
1871886
1916727
2060799
1942875
1980013
1993168
2010833
1821402
1991619
2019870
1967598
2025081
1951663
1837743
1884398
1880920
1901966
1987150
1960710
1867362
1991320
2017084
1898026
1990481
2018529
1857015
1983394
2000494
1969520
1987167
2010883
1944763
1923564
2024484
1969798
2048204
1995689
1842582
1748601
2140155
1994353
2024025
2008173
1902023
2003165
2017618
1981363
1994528
2018129
1859557
2169149
1999467
2050751
2024116
1968822
2041317
1885842
1868801
2075090
2019864
2123266
2004467
1996610
1911872
1989720
1945678
1980830
1928380
2003594
2017233
2017096
2018870
1969464
1846661
1988429
1956046
1954493
1955775
1981164
1840142
1990795
1971867
1956587
2002956
2135960
1858505
1968971
2137289
2000346
2128806
1903268
1806055
1762589
1873523
1803211
1977080
2012124
1909555
2003484
1925373
1959821
2006128
1990885
1976966
2201668
2042975
2014470
2010476
1993213
1975973
2299387
1798265
2036121
2006324
2039056
1923708
1946953
1894636
2013860
1849207
1906128
1886226
2028330
1955954
1996624
2000408
2014948
1801338
2009450
2036420
1922069
