1933664
1702741
1322240
1609986
1657450
1633926
1774490
1834535
1792500
1999719
1981228
1741370
1855236
1798341
1703161
1848133
1705514
1664797
1857431
1799661
1774120
1843222
1798920
1695124
1895596
1745175
1664540
1842840
1940778
1792456
1843982
1843667
1664385
1830383
1691350
1409993
1654594
1836140
1806472
3175630
1884440
1719324
1840101
1807353
1741958
1681162
1849124
1749125
1822992
1743807
1806956
1777012
1776501
1702032
2155279
1853625
1738019
1777668
1885992
1798275
1848697
1820722
1777526
1846549
1707865
1794972
1828306
1690350
1853099
3436048
4777785
1757265
1942870
1149542
1709331
1467023
1623232
1701377
1623856
1582398
1619248
1618206
1546024
1688615
1956720
1729065
1608665
1603610
1772702
1739968
1755261
1723677
1797804
1757811
1762474
1790674
1721354
1717456
1748992
2249368
1753749
1666344
1667778
1696268
1639457
1731131
1675724
1658602
1767975
1728965
1584639
1735082
1722715
1624861
3083857
1672206
1678148
1766166
1694281
1662391
1745382
1716434
1701580
1771122
1707841
1712811
1738651
1704815
1667117
2084725
1695300
1682259
1778046
1827122
1577170
1750226
1619393
1662095
1681296
1682607
1688411
1792535
1714701
1616417
2050719
1709785
1762353
1689506
1672490
1703061
1603250
1674969
1721349
1675190
1709537
1614640
1787450
1666425
1630415
3141312
1659074
1595819
1652970
1597353
1624888
1795550
1655004
1583863
1571219
1622089
1613269
1622347
1560427
1664716
1701289
1610220
1616319
1698555
1698472
1584993
1669628
1582353
1655245
1654719
1608942
1621704
1678545
1601120
1556654
1976431
1733280
1692511
1686820
1664529
1664829
1724364
1664239
1714632
1721913
1689357
1664001
1738771
1692879
1607026
1742276
1702130
1731690
1718566
1709335
1695846
1736875
1717490
1646489
1749519
1716989
1688825
1712055
1753075
1744994
3518778
2365040
1736355
1732749
1761562
1835887
1810192
1709459
1557214
1632517
1599122
1757483
1837771
1852679
1712125
1947024
1751399
1746054
1659940
1815176
1759591
1705872
1888972
1685655
1823282
1916847
1821640
1763960
1634534
1681311
3787487
1700971
1573775
1813101
1763905
1676021
1820805
1729271
1705013
1750861
1776231
1708913
1754773
1635179
1679654
3311060
1734222
1666423
1841269
1421616
1688430
1851024
1720393
1435113
1785688
1696101
1244534
1497239
1520933
1480539
1788111
1548411
1374368
1481358
1764009
1530876
1661721
1737255
1393636
1588410
1633879
1591544
1682750
1711540
1697914
2414384
1803459
1734435
1727821
1819416
1666761
