3847676
2878356
2654174
2569259
2818761
2706303
3573089
2721308
2635025
2668442
2453855
2608092
2772621
2614098
2662497
2697824
2659104
2576135
2720445
2742304
2577879
3758539
2788227
2450715
2771860
2470118
2722128
2598429
2662029
2655472
2715311
2667458
2710751
2511563
2728939
2726418
3923342
2883803
2780280
2758021
2678459
2753823
2723777
2723354
2697394
2563583
2229840
2330281
2739921
2723018
2781770
4025036
2703737
2649099
2826497
2661113
2753488
2528767
2596892
2642240
2469394
2644120
2726365
2744018
2725208
2540051
4009223
2725737
2617505
2630188
2739524
2684494
2713628
2649165
2699230
2675016
2670152
2656714
2691948
2118896
2376453
5277313
5962278
2600926
2641198
2386126
2506939
2619851
2425833
2591531
2300924
2474817
2343610
2097751
2409661
2353424
3582270
2368674
2324665
2299435
2269956
2523403
2406072
2397588
2475799
2442753
2406151
2512845
2467093
2330729
2395359
4819273
2601265
2278103
2499322
2443183
2435712
2380636
2410045
2574569
2502753
2395550
2595949
2490982
2467359
2418892
4061912
2482930
2435653
2449037
2481359
2530676
2461395
2519685
2409588
2400724
2512166
2381889
2539209
2421479
2481657
3203114
2548942
2434584
2355826
2238320
2592164
2451038
2431579
2420931
2459021
2564467
2569402
2452138
2428259
2485900
4899408
2371555
2561793
2475684
2427359
2271496
2516480
2412840
2440489
2398462
2472075
2495371
2480727
2399299
2471515
3959270
2395954
2352287
2552840
2399770
2429193
2523627
2336270
2460330
2460553
2433089
2528185
2476450
2386236
2535304
3934413
2315610
2569300
2537393
2542649
2445583
2604513
2518874
2581995
2538506
2564819
2421634
2522125
2456903
2476873
5171695
2547443
2428176
2510030
2203816
2289770
2602792
2383113
2394570
2496434
2492589
2466018
2524903
2474064
2243254
3435521
2448143
2575418
2345911
2485525
2430383
2550797
2559804
2548507
2411370
2491080
2484573
2528209
2463333
2496146
3346412
6805804
2345515
2444920
2343730
2368734
2474658
2267965
2451396
2499175
2481478
2474597
2448470
2397644
2506707
3630320
2396320
2373789
2495072
2480304
2254904
2503079
2451728
2512899
2481774
2420049
2395554
2537573
2371554
2493334
4726224
2481726
2400346
2570350
2391730
2422836
2744219
2247630
2550607
2560670
2488503
2454799
2654393
2552060
2567983
3856579
2539497
2600949
2538703
2438525
2336833
1983572
2653923
2575879
2087775
2682379
2458229
2200680
2491799
2334460
3845514
2648116
2732373
2420770
2776676
2618445
2244540
2401480
2554315
