5395669
2809898
2500062
2603737
2558334
2451574
2554480
2638495
2572135
2547305
2670911
2623397
2576195
2677409
2657188
2444205
2754448
2740136
2603805
2703816
2580451
2621287
2731231
2669582
2695920
2770687
2718522
2647018
2580560
2661781
2630896
2749597
2691347
2668601
2831857
2575136
2744032
2689512
2692321
2655355
2841873
2725765
2664757
2610362
2736467
2679925
2743701
2605531
2719706
2693797
2676487
2662965
2763410
3008382
2786009
2727825
2663004
2477776
2488067
2462317
2445975
2248643
2629383
2605894
2523246
2413026
2570424
2616840
2588126
2626396
2744614
2551051
2536661
2383658
2740517
2642210
2421808
2562826
2414109
2366426
2100708
2276351
2504807
2188279
2405987
1906405
2168752
2473966
2252745
2252900
2328860
2381648
2403523
2488981
2416397
2281156
2476811
2310611
2488175
2401677
2253439
2424076
2405094
2334136
2515431
2301423
2239946
2404446
2379000
2344515
2242823
2355921
2255507
2387940
2367794
2431472
2429101
2482320
2216429
2372080
2300126
2447934
2346302
2265755
2486424
2179779
2314250
2348402
2332488
2224449
2329445
2287176
2489047
2038629
2181018
2051185
2558053
2242164
2240083
2284436
2128429
2169096
2383230
2248215
2213847
2260803
2315253
2190329
2114709
2124604
2286860
2318799
2293887
2183885
2352617
2144014
2342335
2270416
2180401
2197350
2116688
2066434
2364047
2215394
2426684
2235395
2404130
2217459
2401260
2357120
2125389
2310560
2398836
2305163
2413625
2356894
2286070
2342064
2379050
2167169
2135112
2162993
2327193
2489456
2472354
2350050
2407750
2482756
2481647
2416507
2376347
2447157
2463607
2285225
2340236
2391135
2446234
2359781
2427216
2370284
2369771
2432259
2570862
2343815
2505521
2379110
2534257
2516211
2474281
2304605
2539907
2427897
2201370
2345626
2403564
2370526
2364317
2517165
2307260
2296564
2506585
2233234
2259666
1957645
2275419
2404026
2389546
2358136
2425547
2338015
2101707
2260920
2669536
2262309
2329158
2430281
2427204
2406116
2244785
2296020
2257705
2328658
2250976
2167995
2389370
2014987
2232006
2172703
2313660
2273292
2490892
2370940
2327897
2242905
2267948
2205885
2302855
2375879
2341530
2353214
2171108
2472771
2496248
2409081
2302940
2272794
2521296
2405526
2500664
2499394
2378854
2127445
2391974
2448567
2301920
2355375
2197125
2229564
2353030
2598186
2541389
2228297
2547100
2281814
2231039
2255195
2359144
2226696
2320986
2353940
2355223
2389125
2319635
2394294
2458758
2294989
2467190
2392176
2221463
2487021
