2321242
1817940
1853410
1819087
2071581
2032254
1779047
5754485
4569464
1774069
2136301
1980615
1747164
1965141
2004048
1776156
1822088
1931642
2061880
1973595
2152207
2010427
2206563
2083071
1810844
2070812
2053090
2045653
2033876
2114221
1976318
2049680
2083591
2063942
2049200
2020245
2018790
5292054
2027925
1752999
2074200
2004633
2083226
2032135
2062435
2067276
2009431
2093144
2076430
2033150
2058920
2068535
5179201
2066634
1919922
2042015
2404398
2052292
2031720
2063926
2051045
2048520
2085425
2007380
1985554
2070874
1983563
2713366
2042732
1967122
2201364
2057686
1987478
1938832
1967358
1940164
1953377
1973871
2073966
2009294
2037003
1994441
4173798
2018137
1971978
2001924
2013604
1949683
1962973
2007244
1983634
1985938
2023720
1969294
2004665
2048603
1967944
5425246
2024225
1818191
1932626
2024895
1901270
1981255
1956235
1986735
1980806
2012063
1972811
2014079
2018268
1989898
4232046
2003308
1973954
1983098
2027423
1912382
1938353
2005249
1955802
1969417
2020595
1961649
2056050
2059656
1934679
3883383
2034706
1956723
2001671
2061380
1976401
1998921
1915409
1987873
2048129
2029015
1979431
2058390
2024266
1883006
5677754
2054220
1940123
1990802
2069109
1987628
2026195
1996634
1993075
2055135
2073415
1961896
2057333
1953066
1799128
2165121
2381377
2010824
1999075
2006189
1999079
2026550
1959613
1982457
2053646
2103160
2035316
2009998
2037904
1997044
5401954
2049485
2044895
2092746
2078225
2070095
2009894
2080067
1995503
2018714
2055410
1997334
2060928
2092504
1974331
5424776
1964473
1767412
2057760
2082870
2124831
2058216
1964118
1976683
1944006
2044043
1871722
1954222
1992003
2021594
1862362
1797504
2101617
2028330
1892896
1857422
2193260
2133552
2031520
1900469
2010812
1983402
1804206
1763806
1836810
1881351
1965593
1739313
1906825
1963945
1997872
1928271
1884944
1985073
1981442
2133447
2000623
1892060
2071923
1833011
5446415
2037749
1882751
1889972
1965980
2003384
1874553
2013742
1928502
1969211
1971243
2015742
1859925
2022224
1830209
5411516
1970691
1879810
2045443
2055776
1996832
1909586
1894541
1844837
2004638
2032854
1835464
1942411
1992771
1802114
1993723
2044393
1878667
2049603
2057545
2003576
1928946
2054395
2092320
1868255
2146417
1826923
1828517
1896035
1953622
5456683
2045249
1726414
1901319
2007511
1909364
1932956
1951521
1909264
1872456
2324973
1906054
2005602
2038279
1912492
5477958
2027172
1774778
1933402
2111797
2072797
1945350
1915036
