2177051
2172872
2123663
2113283
2176385
2299458
2212024
2267973
2295808
2200171
2290341
2288697
1790738
2209531
2290924
2250551
2233328
2316436
2120699
2305057
2195903
2217721
2270534
2324105
2087623
2316201
2390339
2192809
2315208
2308984
2162458
2325453
2313001
2259345
2287971
2321624
2218849
2285617
2315686
2269561
2305983
2329701
2247382
2145125
2360284
2201133
2201299
2221072
2172057
2462326
3970889
2294451
2218404
2261350
2172754
2215729
2265359
2182151
1909783
1912718
1890180
1931740
1962088
1933701
1897037
1890883
1847322
2035237
1869864
1780931
1916197
1906914
1833365
1923464
1854058
1886683
1950330
1805056
2009662
1952546
1846450
1876723
1909297
1952725
1776256
1784958
1997539
1870533
1902667
1925404
1817953
1929890
1927417
1866248
1908305
1923622
1901297
1912674
1821433
1662581
1983051
1881311
1664623
1808115
2005412
1852621
1922295
1716561
1742540
1948824
1833362
1847605
1846158
1819976
1753164
2002065
1869305
1850556
2054800
1889330
1774901
1885083
1949745
1772736
1904809
1861607
1867760
1862196
1891030
1805788
1828795
1849305
1851083
1863243
1873177
1854943
1860256
1897419
1833748
1910803
1873929
1826945
1961541
1912484
1775893
1753808
1749367
1677009
1878593
1881893
1846405
1804733
1888943
1817791
1894073
1899266
1819454
1875377
1890445
1834777
1864883
1855250
1824022
1831704
1896728
1868305
1875459
1890734
1873565
1886158
1813838
1798002
1891679
1985441
1826165
1796838
1877223
1745858
1877849
1938029
1790786
1868813
1982007
1736001
1905025
1913891
1764074
1838274
1890829
1626822
1797697
1897919
1760968
1826788
1874473
1751680
1892705
1864094
1846712
1970426
3847991
1682031
1870152
1728829
1948264
1832696
2046903
1759713
1911253
1910873
1913091
1871162
2305076
1722140
1801048
1930969
1846645
1880295
1951317
1840325
1995605
1931934
1740083
2014654
1802603
1831363
1889404
1925204
1816727
1919963
1744935
1864213
1917315
1875495
1932744
1933104
1902844
1842393
1921293
1898214
1936497
1937349
2031725
1942323
1940373
1959014
1929779
1917372
1917184
1850948
1939499
1911822
1921972
1971505
1915164
1904293
2087607
1950524
1911765
1961129
2081735
1986898
1948804
1929963
1884885
1921770
2150681
1757140
1862090
1914684
1875833
1939215
1954870
1804190
1938707
1822890
1950904
1908313
1947039
1783601
1918934
1972380
1894116
1908739
1971697
1874773
1873363
1948543
1887357
1973581
1915098
1830302
1923352
1989084
1931355
1943145
2233911
1885410
1920623
1949376
