4152747
2937810
2826232
2950691
2844134
2983136
2997980
2996489
2671392
2630776
2168230
2727911
2494286
2699272
2554766
2520444
2527760
5841173
2681456
2670627
2637927
2678577
2768206
2446269
2733134
2434974
2827488
2754721
2853232
2643996
2885999
2847338
2757147
2756105
2924746
2901521
2897029
2891469
2779412
2940444
2816325
2831952
2922669
2919383
2872074
2876874
2854580
2770018
2969420
2918723
2911531
2875239
2729727
2944636
2926003
2734404
2957348
2934846
2710718
2833737
2799408
2876645
2925080
2883303
2822415
2844683
2906469
2832838
2767677
2747912
2822943
2872628
2875283
2820785
2819745
2795038
2845848
2780344
2876842
2793198
2844379
2895813
2837743
2873543
2845516
2805929
2807384
2873988
2818058
2809662
2845173
2945790
2804939
2905390
2827658
2749113
2904365
2900859
2835862
2869112
2814788
2889815
2903698
2677335
2685984
2724845
4606266
2612775
2740518
2718562
2769124
1910290
2409895
2290371
2671837
2566553
2697263
2528012
2292537
2457887
2515447
2685633
2759582
2628112
2695317
2679635
2796537
2676262
2582506
2921033
2771174
2720758
2881586
2643494
2669780
2625202
2521980
2742043
3072780
2836528
2902308
2739194
2703827
2784705
2779428
2674078
2532856
2632886
2677211
2615856
2619222
2690677
2667552
2625853
2773814
2680253
2495101
2211674
2500771
2688497
2700457
2525192
2697441
2628331
2573500
2679583
2568190
2624940
2661001
2626748
2966295
2638097
2695966
2755405
2649416
2642804
2709902
2569715
2652243
2426337
2620161
2584325
2464159
2738893
2716010
2680077
2627619
2694093
2710575
2686287
2710122
2748727
2794191
2664020
2719604
2694851
2766743
2688663
2683776
2603595
2724527
2607900
2667590
2499244
2707733
2650159
2762130
2602694
2720741
2616006
2722447
2552061
2653947
2746155
2697517
2653672
2585880
2699916
2698782
2492586
2476659
2749711
2751472
2688307
2695183
2612636
2702483
2625431
2680508
2628836
2825658
2622441
2749655
2694871
2690710
2685130
2752994
2699607
2629407
2681793
2701781
2719584
2611946
2631252
2707510
2579736
2711487
2692519
2674901
2674980
2642300
2749054
2695691
2317530
2643022
2523233
2620063
2473615
2737042
2549540
2585217
2593093
2630754
2643697
2599281
2624381
2666670
2634036
2642107
2644359
2633687
2599566
2476984
2670186
2635435
2649220
2696660
2594740
2683247
2650530
2666411
2634783
2669222
2641406
2684991
2457081
2528025
2598360
2615839
2622163
2391088
2758467
2659822
2676992
2505488
2278748
2512619
2531584
2121139
2772240
