3624753
2328389
2224952
2182461
2191173
2293066
2246002
2179867
2276337
2250883
2153008
2275882
2218279
2264736
2221593
2204446
2225339
2208344
2035375
2091730
2159854
2148403
2126955
2197753
2122344
2086196
2150140
2271543
2124375
2156796
2162532
2116102
2251320
2162235
2032038
2247692
2163620
2078177
2441931
2331362
2252173
2287431
2273927
2224772
2229497
2135439
2204211
2190822
2256250
2181586
2264890
2184706
2224066
2271422
2184414
2222392
2221966
2279186
2118732
2265326
1927258
1892265
1931099
1909940
1897029
1979433
1880110
1900885
1928060
1911348
1932850
1940849
1931733
1835203
1910980
1894551
1878583
1909730
2002479
1857149
1972119
1948520
1877410
1916114
1965000
1830987
1818039
1986289
1947222
1850168
1734331
1730019
1710337
1572058
1920882
1982293
1772909
1920283
1981155
1979726
2052404
2024266
2075665
1927012
1918469
1830422
1962443
1994035
1876048
1913553
1994884
1982606
1957808
2033895
1980434
1919380
1885939
2044735
1941333
1875526
2010923
1930406
1969966
1988494
1930297
2011424
1958696
1950765
1985811
2005845
1891081
1960046
1968660
1796373
1937074
1796973
1847070
1982905
1862125
1874013
1900388
1964301
1878048
1986066
1945110
1840795
1921369
1891924
1837333
1980715
1962504
1852884
1912319
1856862
1896506
1930602
1909152
1885705
1978939
1973335
1845254
1964182
1968315
1797179
1915067
1886544
1876321
1975605
1982096
1830035
1993211
2029762
1922206
2283898
1939695
1845560
2003655
1961082
1930996
1982604
1971254
1841614
1988625
1961746
1892276
1910255
1870669
1785949
2186860
2016757
1770906
1966595
1894474
1705014
1898030
1868387
1905106
1897520
1768937
1815119
1918041
1893139
1874177
2001211
1991008
1919281
1999695
1954730
1941721
1876849
1959654
1887062
1981577
1860757
1925066
1785347
1983525
1848315
2002645
1937567
1922706
1936975
1917652
1749938
1974289
1981104
1882860
1984211
1892112
1917150
1893160
1882639
1824237
1929872
1915158
1933343
2130624
1870843
1831849
1897359
1892136
1946000
1888591
1815338
1962417
1926935
1867419
1809663
1923368
2165932
1960476
1854877
1804494
1902596
1887376
1724073
1942374
1991825
1939970
1873699
1900770
1829206
1983839
2021740
2019497
1916975
2018229
2045015
2013427
1836871
1843931
1946027
1995432
1980696
1980294
2013449
2076757
1894654
2064155
1967129
1893588
2009293
2187012
2161743
2223856
2028167
1825487
1793439
1941236
1965970
1900372
1737195
1841622
2216168
1767771
1978774
1967871
1993681
2013408
1828069
