5568166
2650833
2639319
2823165
2688850
2762230
2690772
2465859
2746847
2694099
2580077
2657179
2802449
2608677
2735073
2806269
2499936
2568449
2746213
2503181
2379103
2585011
2421243
2536706
2461699
2569720
2680009
2787504
2519761
2748328
2740641
2635194
2572653
2709135
2573243
2633617
2572397
2515354
2592204
2621923
2750176
2664032
2698514
2594583
2732516
2784833
2613243
2713993
2761924
2674833
2663208
2629317
2692356
2584493
2628004
2609921
2534769
2699294
2411663
2670018
2524873
2435164
2704230
2639769
2435241
2545973
2665702
2472264
2556693
2658402
2618488
2518823
2697087
2466841
2688304
2569978
2611399
2670524
2680148
2640450
2699608
2620621
2656261
2606678
2737987
2720773
2295413
2805129
2753479
2735104
2758552
2697822
2765775
2810885
2762573
2804933
2702933
2720559
2803139
2856517
2700884
2464231
2851590
2739013
2824070
2643150
2523777
2688578
2704387
2676104
2824977
2747551
2610621
2594334
2819350
2625572
2754041
2827471
2808384
2405106
2621467
2304771
2530886
2499165
2461418
2671107
2497693
2405146
2710347
2532063
2510318
2613829
2822885
2669497
2671446
2589209
2841882
2670526
2815800
2695903
2597403
2758189
2700843
2692170
2813169
2775460
2525357
2818299
2707857
2635574
2761191
2727340
2820413
2783709
2687069
2677313
2762634
2548517
2604267
2508737
2744611
2521563
2515037
2637191
2619439
2620791
2607463
2679594
2624798
2731924
2642849
2628926
2583934
2645619
2684228
2526151
2584061
2813157
2685133
2578759
2627333
2954842
2639623
2814650
2682555
2621054
2858705
2700884
2767271
2678392
2670738
2603257
2794811
2607747
2728477
2784830
2646296
2694617
2616454
3186299
2820757
2603134
2627163
2773534
2689825
2759834
2606034
2837847
1980674
2545455
2712244
2403272
2620239
2836013
2809948
2719257
2636849
2785494
2821318
2670944
2662674
2641533
2850363
2783930
2733730
2718198
2781658
2756289
2779487
2795847
2733224
2799194
2826817
2746848
2637444
2702949
2749398
2799849
2533180
2460173
2826924
2622812
2639529
2782860
2679323
2558166
2706093
2745058
2579046
2675213
2699014
2549986
2813459
2495654
2683492
2744118
2770230
2615874
2814644
2801876
2762836
2745518
2539508
2527932
2810920
2721346
2537260
3243088
2637199
2585179
2720268
2731949
2722183
2624330
2725120
2730503
2808229
2811288
2677613
2803549
2731364
2646654
2805684
2756853
2769091
2798909
2690447
2586542
2811908
2730168
2632417
2789937
2762080
2731378
2825579
2698939
2838348
2819060
2526393
2798410
