3203519
2707972
2547495
2416409
2586755
2521132
2713233
2366964
2751744
2536901
2592514
2743589
2558121
2698774
2732861
2813084
2685037
2706228
2611712
2633423
2660733
2810259
2633223
2498750
2826629
2613161
2647410
2720053
2656945
2690058
2528160
2702556
2837048
2722108
2714099
2753702
2718078
2710899
2696487
2763543
2701804
2565685
2632264
2717987
2738190
2741799
2725167
2668783
2667322
2694997
2699579
2806663
2759529
2256154
2451386
2682744
2505421
2592740
2389089
2283562
2384309
2145827
2520186
2693683
2681713
2457611
2482085
2632444
2396919
2450493
2422359
2403021
2521416
2484135
2667278
2582155
2583677
2537053
2806573
2398945
2682859
2477340
2351509
2550205
2563302
2463509
2404665
2444229
2605098
2317128
2479374
2666516
2436449
2438415
2567662
2460681
2591157
2554695
2548481
2698668
2583920
2430286
2361391
2735952
2396944
2647790
2387664
2109564
2355559
2562265
2398975
2477179
2675249
2495903
2541510
2430370
2563231
2578715
2575681
2437760
2668104
2450646
2465573
2547577
2604612
2517859
2661134
2571981
2566636
2576431
2631981
2493589
2588891
2482131
2594541
2436809
2526633
2644132
2681608
2476604
2614392
2680162
2129399
2536474
2682398
2286313
2186374
2797523
2397740
2528520
2506356
2533061
2808139
2619207
2454559
2469656
2675386
2640693
2460246
2466414
2496456
2636794
2694108
2843463
2615352
2766773
2628186
2586860
2726504
2600783
2554957
2678292
2657968
2518931
2785345
2616138
2696161
2776993
2619687
2536811
2673595
2433343
2664536
2663878
2748299
2769318
2877873
2632777
2722329
2701488
2671838
2629180
2699232
2614614
2788039
2689122
2613624
2719762
2715698
2680136
2689441
2674243
2448165
2301561
2895640
2696230
2296698
2497800
2751458
2555891
2717002
2538409
2605383
2567825
2471584
2579835
2546987
2627344
2589321
2681774
2671755
2614340
2692590
2532701
2680286
2598667
2600041
2658572
2735373
2615322
2639832
2493643
2614378
2472858
2699668
2553934
2621111
2602678
2534827
2557992
2563350
2406955
2483432
2692988
2626807
2594065
2599192
2608161
2537490
2552397
2285773
2737456
2680364
2399481
2673651
2690732
2673062
2564765
2729629
2480870
2539097
2679613
2451239
2545597
2613288
2658282
2864378
2703832
2551904
2613300
2685799
2467199
2672171
2618223
2646830
2594411
2517881
2664618
2567357
2721201
2680442
2540956
2597841
2535541
2644927
2696115
2525266
2588216
2615089
2577162
2686004
2689461
2579682
2573291
2695140
2643938
2402081
2683189
2599853
2612310
