1564048
1191650
1506793
1535398
1371096
1662385
1628418
1771365
1852755
1717030
1435543
1742095
1675412
1742824
1827254
1744886
1504593
1882546
1744183
1578592
1601813
1585068
1596719
1525945
1695343
1578634
1628132
1742546
1360192
1512206
1646398
1340830
1698919
1628648
1642155
1339678
1597834
1568548
1687951
1582898
1498440
1606304
1573068
1495958
1586225
1539453
1347136
1483930
1558945
1495908
1625374
1605844
1576438
1608013
1595275
1631952
1540129
1560058
1538706
1522914
1526947
1496401
1513117
1552202
1499955
1528739
1558648
1473413
1522418
1554386
1506341
1522338
1552819
1473367
1531243
1540726
1529647
1556143
1486981
1516269
1582678
1621585
1552816
1545757
1589347
1525954
1549204
1564219
1606468
1488828
1555365
1338475
1558198
1493346
1521918
1544772
1559458
1518613
1544614
1556747
1501675
1674703
1552485
1397489
1530728
1482376
1467897
1547004
1527494
1375672
1527938
1578819
1549719
1752555
1533502
1308816
1371382
1452117
1267621
1382342
1466139
1190230
1367386
1454246
1549632
1530192
1535215
1524453
1539109
1620690
1517730
1544687
1455402
1519853
1540224
1514764
1367160
1487003
1440161
1343706
1666639
1322012
1318301
1338077
1343675
1292266
1437586
1394333
1445821
1269215
1499883
1178961
1505620
1514820
1351036
1435648
1425821
1400480
1502567
1446997
1361107
1414676
1524720
1449468
1488634
1454861
1397544
1581051
1581748
1463917
1481758
1500754
1435539
1469581
1502304
1415902
1482540
1515758
1445385
1476893
1460592
1340771
1371766
1476739
1486846
1514814
1522492
1503032
1299055
1531532
1382267
1481049
1444033
1450348
1418668
1515173
1322800
1488368
1505747
1411139
1458986
1501811
1513671
1624000
1446137
1370915
1401957
1426562
1387429
1400116
1380861
1400737
1413438
1420876
1385705
1433947
1328875
1231922
1506307
1537859
1360032
1406045
1584344
1287188
1473276
1469921
1371171
1627975
1502466
1516847
1550744
1519885
1470833
1423859
1501187
1535282
1474376
1590700
1531787
1495178
1568084
1641229
1508081
1488596
1464722
1495833
1425737
1475026
1494031
1634614
1561938
1702990
1614388
1468287
1643930
1606038
1471081
1574505
1598574
1510070
1657143
1603299
1478657
1638111
1604120
1541962
1574564
1608253
1530194
1656398
1511873
1570163
1679731
1590498
1564651
1702582
1597467
1575741
1650969
1613643
1511654
1649951
1771980
1635404
1648688
1609272
1461153
1556317
1598209
1475133
1655215
1591298
1626799
1663052
1607959
1571014
1665601
1614843
1633988
1683752
