3963438
2803272
2675899
2847033
2851976
2728848
2862145
1969882
1864137
2506926
2768139
2617895
2627784
2629445
2554680
2573238
2456016
2713902
2618640
2689160
2569126
2645324
2601024
2654738
2873972
2490447
2788096
2280278
2599384
2719625
2230324
2619327
2775025
2578993
2739515
2626525
2592697
2574577
2592613
2634885
2869278
2839600
2734985
2730642
2696751
2567376
2301242
2649788
2733391
2691847
2774831
2626053
2787443
2721275
2759018
2781074
2805316
2642858
2641667
2660470
2602280
2633760
2772741
2701043
2724766
2537448
2630205
2627218
2803060
2561810
2662119
2658505
2621295
2583904
2669490
2663804
2589549
2592818
2566273
2688260
2534985
2609855
2595510
2684750
2733513
2636634
2666614
2807655
2596371
2599229
2491850
2609828
2680328
2693045
2769472
2611856
2586218
2803432
2790446
2650151
2823100
2632461
2694391
2567228
2647174
2722486
2639245
2609766
2679996
2585184
2707342
2645336
2620198
2681174
2674553
2630040
2827035
2361257
2704850
2817437
2839552
2543244
2896033
2721730
2687132
2681220
2750532
2753857
2763159
2657778
2719828
2740351
2750026
2666958
2729669
2678966
2528903
2724381
2669281
2884098
2751112
2629957
2785465
2686501
2640375
2733799
2820118
2724796
2818100
2806750
2478909
2739447
2855672
2692049
2808966
2716691
2653434
2693271
2695491
2578144
2808146
2704270
2754761
2558672
2773298
2647928
2634985
2718987
2743806
2579339
2665367
2545626
2373627
2469910
2476437
2584474
2657056
2662836
2642538
2282441
2561446
2585536
2623276
2581720
2649417
2517619
2592038
2659293
2693427
2625884
2665185
2472642
2668641
2435558
2671535
2489674
2601197
2772735
2455902
2679354
2649115
2501048
2626135
2520399
2604425
2576119
2690190
2598718
2444496
2647845
2372074
2564114
2577076
2592744
2615253
2747772
2454250
2547513
2557007
2482413
2603729
2787192
2486229
2401201
2590889
2589680
2540240
2526383
2601534
2609453
2537359
2428718
2509083
2586398
2534253
2581683
2558442
2444969
2485172
2516037
2409338
2302081
2649759
2373577
2354303
2161506
2261917
2169624
2471883
2827525
2553814
2391988
2556845
2456525
2672832
2624516
2513527
2770185
2639379
2722590
2671323
2603308
2615974
2699708
2765786
2626539
2757701
2621509
2821571
2652038
2393028
2414852
2650439
2618435
2395185
2262295
2581723
2482005
2769569
2702110
2708228
2686733
2629843
2704504
2805011
2529668
2724709
2787189
2782711
2749375
2764721
2677225
2721950
2697362
2572454
2682945
2696497
2615286
2703061
2737337
