1667546
1498976
1134361
1337412
1617752
1734294
1561715
1549105
1672805
1744797
1747771
1809759
1774118
1721365
1801353
1792201
1704083
1637260
1734279
1683450
1734165
1794103
1603900
1751930
1779330
1775234
1816654
1794488
1799501
1841997
1785175
1740905
1809726
1846207
1771604
1808586
1803539
1728771
1825897
1850268
1845512
1795669
1848002
1624142
1440704
1885329
1739622
1703769
1727834
1741945
1858025
1641092
1772802
1640565
1789685
1813590
1799485
1813783
1879764
1704386
1756420
1712425
1821089
1831458
1850914
1812448
1838311
1767161
1776869
1829370
1870189
1869620
1829328
1764344
1684526
1848191
1786700
1853789
1833954
1769416
1831526
1783259
1752584
1814207
1850754
1856900
1757244
1655951
1658337
1659752
1749816
1780825
1485763
1656354
1328739
1608306
1486255
1532093
1565678
1761473
1783084
1822686
1774175
1729092
1795367
1828338
1772495
1824988
1833619
1870745
1830616
1704821
1822898
1680319
1853754
1847079
1783497
1837434
1716265
1776406
1776320
1754867
1834251
1834533
1764779
1827101
1831697
1765945
1712392
1813695
1834816
1841416
1817964
1853804
1808228
1819910
1713691
1857049
1823228
1493631
1647493
1863684
1756885
1818539
1893844
1936411
1725420
1881406
1393775
1815370
1798519
1677515
1641836
1545221
1752222
1662896
1628893
1738585
1621900
1790990
1556193
1776355
1804022
1798667
1736810
1763429
1805928
1786841
1817493
1767641
1690935
1804084
1837084
1688392
1789645
1742234
1767695
1727427
1798022
1788499
1791172
1730540
1771510
1725646
1643565
1811245
1807515
1693677
1671756
1790655
1719953
1945249
1777421
1683392
1774735
1741095
1699826
1819922
1779644
1719795
1822981
1667426
1703152
1734332
1796743
1656976
1814734
1815632
1721410
1779371
1830894
1666600
1796016
1822075
1724058
1796320
1742077
1741435
1764101
1808480
1728370
1807220
1799424
1826420
1799198
1682991
1621559
1741851
1793820
1741946
1782005
1724405
1792330
1510886
1745697
1756524
1736737
1736329
1776545
1790298
1757782
1809925
1696439
1781389
1782238
1721876
1751595
1766756
1688836
1777015
1721838
1767538
1779828
1789425
1766967
1697640
1743058
1740822
1773674
1729332
1785492
1676946
1694035
1699946
1790784
1768069
1752625
1687502
1730636
1684105
1713410
1692059
1677845
1677602
1556956
1673220
1728495
1652557
1632020
1743210
1717232
1761695
1750314
1670250
1689936
1697305
1706820
1688732
1723226
1546303
1629347
1608240
1630130
1589288
1711695
1783999
1761540
1730001
1725631
1733285
