3265235
2065750
1784556
1837957
2114856
1922276
2097805
2106195
1923496
2067295
2093234
2051478
1893701
2053159
2081600
1954959
2156756
1927300
1879257
2225727
2106112
2006061
2001070
1681919
1931406
2032680
1954033
1980093
2069334
1929714
1952635
2085324
1988537
1907134
2060958
1934371
2069404
2041174
1968984
2058147
2054143
1976516
1964231
1937440
3833976
5178748
2087882
1873375
2040004
2110048
2054475
2086426
2082044
2043883
2090644
2143062
2096205
2049001
2024365
2061720
2089055
2124107
2076134
2084315
2107268
1960169
2106444
2019708
2094178
2034327
2144704
2071557
2098534
2069381
2103674
2085146
2109772
1944875
2018203
2117082
2095656
2087154
2080312
2048728
2103356
2121035
2097785
2086946
2104559
2086783
2082662
2126826
2082960
2014700
1811343
1936621
2117628
1995870
1624784
2195057
1967368
1900092
2231549
2075916
1939891
2045259
2111552
2029071
2180928
2120757
2085769
2195216
1926473
1988616
2089353
2100086
2033997
2088363
2115495
2048352
2057113
2116483
2050178
2098888
2109155
2027309
2072535
2113614
2025746
2086785
2058841
2023815
2082970
2060181
2081774
2093024
2120318
1944329
2077202
2121620
2035059
2096854
2112176
2073173
2095936
2118587
2077789
2090416
2109033
1942206
2084933
2114506
2086177
2090376
2130387
2092969
2090042
2175006
2035729
2051793
2101976
2117345
2083526
2048422
2075786
2092913
2102809
1955981
2087773
1985452
1956535
2030290
2920991
1879636
1903153
1836908
1828088
1992311
1889256
1859960
1997593
2106387
2102409
2070147
2096150
1964075
2070750
2084130
1831477
2063831
2077357
1983736
2059422
2095518
1947747
2648464
1761295
1643355
1388706
1905847
1583299
1794655
1475096
1717634
1772697
1586423
1740859
1809535
1642815
1837541
2116104
1989081
1871651
1987508
1896642
1867898
1900912
1893609
1888250
1856281
1983672
2317458
1868039
1987712
2035046
2015048
2015136
1871189
1929534
1985582
1881429
2022924
2114882
2038023
1977521
2017909
2021452
2046979
1975179
1990625
1918782
2039107
2024378
1962999
1960377
1901705
1954620
2046116
2028103
2021034
1995655
2078480
2049571
2050320
1998693
2025958
2111136
2051564
2000135
2047666
1937050
2041050
1962716
1929112
2026422
2029788
1974311
1971412
2048963
2038323
1925900
2080896
1928960
2014928
2030782
1897886
1926960
2039032
1820993
2025625
2053588
1999817
2016212
1768501
2018576
1942417
2000049
2005986
2022571
1964097
2000292
1940766
1954541
1941664
2014196
2062669
1996708
2023644
2087207
2022635
