3306557
1998176
1962155
2083896
1784564
3396242
2057132
1967315
2060146
2073112
1961594
1947815
1958925
2019306
1948794
1989565
1951981
1953485
1898125
2024601
1958547
2012305
1964825
1896935
2138993
1344319
1893064
2012767
1757494
1861255
1924461
1744014
1628443
1891986
1928635
3200394
1939246
1923744
1950715
1945889
1896721
1941115
1889632
1901321
1841195
1969726
1916750
1893367
1890886
1923795
3696780
1841264
1828290
1958544
1949571
1912735
1946455
1962176
1915895
1941325
1954428
1900553
1936069
2009037
1786234
1933340
1948855
1954621
1940885
1937441
1930549
1954443
1898964
1915285
1940738
1960821
1892425
1898134
1951336
1917711
3008950
1944579
1880670
2015190
1945412
1958322
1918279
1942105
1960735
1931875
1928398
1936414
1940731
1929744
1906522
3431427
1926295
1934541
1935316
1926345
1797510
2022139
1945152
2013134
1979906
1958677
1938866
1896061
1931135
1956844
1948704
1946160
1912630
1951971
1945822
1951605
1932836
1938335
1972525
1941534
1937820
1942918
1922255
1734174
1824640
2061103
2022506
1883145
2098066
1852971
1930666
1975976
1948393
1894071
1836579
1946489
1960924
1757920
1901224
1893890
1933004
1908111
1876285
2041822
1871464
1919962
1923679
1953988
1982609
1974515
1935460
1890974
1943453
1992371
1953848
3549158
2022961
1953649
1907474
1930675
1948351
1940106
1916994
1948583
1958044
1938595
1953010
1955966
1932301
1948566
6405076
1933194
1946319
1973550
1987855
1926685
2009249
1999045
1972591
2007209
2004190
2028676
1890372
2002339
1965505
3356110
2022206
1989292
2232454
1995452
1989402
1977801
1935291
1985715
1971990
1961665
2007471
2140520
1975514
2006710
3543127
1972972
1947642
2003061
1960426
1982165
1966632
1925676
1998752
1972795
1969145
1986895
1915719
1952666
1931109
1927848
1950565
1936329
1907901
1903156
1913825
1927625
1803454
1910588
1911681
1924395
1918081
1917652
1900468
1872504
3189585
1899355
1924775
1932459
1898901
1923374
1882514
1923215
1914612
1913998
1917168
1913405
1895350
1909196
1710689
1865608
1924541
1920826
1901861
1909391
1912445
1902404
1804060
1913531
1906923
2008490
1927452
1909495
1980351
1985306
3370306
1968122
1942594
1955898
1925848
1966344
1922725
1957975
1933997
2012684
1975508
1957975
1956289
1964402
1936851
2034905
2066430
2003775
1981256
1976036
2112267
1963311
1961025
1984455
1979916
1971625
1969669
1917175
1867374
1947500
2587714
1972029
1948040
1949281
1969612
1929422
1977611
1987749
1947469
1984019
