2983848
2188001
1865006
2316884
2318869
2209104
2299524
2304228
2098742
2332697
2369377
2361558
2320587
2388615
2350748
2257858
2284707
2233890
2288868
2379082
2271387
2191482
2282297
2257892
2327505
2270536
2258476
2282610
2353911
2313365
2325876
2362272
2440007
4500028
2228469
2251832
2284997
2258486
2269334
2259206
2310100
2267125
2321553
2369205
2140258
2192793
2230709
2251324
2361701
2464397
2161092
2428170
2195343
2346029
2170047
2494227
2173822
2119881
2456445
2067985
1940710
1918667
1839434
1958095
1955949
1985123
1965160
1916330
2036899
2017716
1980178
2040279
2037691
2297295
2026004
1962152
2121356
1836452
4872605
2209691
2028521
1966079
1922325
1835906
1967598
1906874
1874974
1836427
1811017
1833663
1853344
1980149
1982331
3290334
1854163
1930883
1904516
1897352
1974048
1912509
1792292
1886628
1683799
1754586
1944273
1702976
1732392
1927879
1864698
1966869
1956654
2241477
1799820
2031627
1974181
1837716
1909483
1908670
1914152
1903961
1929835
1964818
2059151
3390882
1868544
1867529
1883027
1821863
1866908
1932394
1898705
1803252
1939220
1720230
1894848
1837964
1939953
1806206
3274371
1935469
1861577
1773072
1691555
1904412
1825587
2049250
2058448
1871772
1992011
1801603
1755105
2002581
1996376
2688235
1763302
1860574
1847803
1867780
1867581
2096416
1936126
1853956
1866173
1943071
1754293
1950382
1868768
1817687
2635493
1847211
1851320
1892628
1846133
1958205
1838127
1887104
1870414
1926139
1882858
1878930
1887007
1942677
1909485
2739841
1740530
1952389
1881196
1873935
1782151
1894154
1996106
1802172
1950369
1893526
1602831
1876518
1899678
1782443
3000484
1984715
1873278
1887769
1897272
1796882
1938181
1892599
2008888
1903968
1842162
1974140
1896035
1936665
1978510
2665710
1848724
1803857
1884684
1864660
1747831
1958525
1893013
1750555
1974092
1953138
1784650
1901358
1789492
1684510
2868648
1948878
1787191
1894508
1906163
1814182
1933488
1896914
1772176
1887201
1793016
1715959
1913409
1667590
2201318
2351705
1943486
1794967
1759706
1955536
1695663
1901469
1932602
1599251
1629600
1882289
1846468
1632127
1855108
1853851
2703841
1977277
1781996
1778451
2094360
1724085
1802997
1963152
1785270
1774492
1783806
1528596
1739982
1829983
1912374
1805271
1871320
1903188
1776661
1787262
1907334
1775467
1831370
1841243
1817861
1878328
1877954
1868581
1880459
1766180
2633626
1881891
1863015
1643580
1897364
1630667
1782485
1717751
1900763
1734390
1831035
1822670
