3280480
1912477
1999913
2091555
2073971
2085771
2068406
2080181
2077596
2074062
2064980
2058785
2072945
3610284
2112995
1899960
1904213
2014098
2070402
2005750
2012564
1857528
1978188
2149708
2066716
1936545
2041675
1986890
2654636
2007894
1988546
1997318
1998650
2051289
2052551
2001240
1692340
1846468
1986904
1985288
2050014
2036581
1925003
2560671
2026661
2049557
2047489
2016738
1930056
2001014
1913974
2010608
2021188
2008194
2039951
1990434
2021261
1944467
2721873
1938458
1897572
1960293
1924643
1941653
2046960
1911349
1935520
2089977
1927878
1929302
2040918
1689256
1944592
2250975
1901435
2041800
2018050
1887632
1991418
1896478
1877384
1926009
2043537
1929153
2007909
2004407
1956868
2010620
2799545
2008526
2018550
2052725
1991884
1990126
2023310
2014270
2012440
2043579
1988526
1992399
2039680
1925409
1844618
2918596
2013489
2009960
2035390
2004346
1992799
1997260
2023854
2012861
2033846
2015327
1991361
1976703
2019050
1999620
2724384
2022300
1997009
2034432
1895275
1966419
1633940
1973727
1871598
1693716
2184463
1990664
2024620
1813548
1950921
4244306
1869669
1904519
1910179
1888991
1892842
1973486
1946044
1924019
1998750
1936730
1942057
2020837
1785218
1943798
4011564
1916970
1976702
1844359
1916029
1918485
2041970
1909330
1927113
1909630
1911090
1921570
2009640
1978440
1810004
4105536
1921219
1816492
1991250
1978205
1848467
1967354
1992070
1902278
1964380
1907229
1918049
1933390
1919417
1917058
3953063
1924660
1975408
1876859
1977233
1919368
1842034
1918049
1846649
1945308
1975479
1926340
1975611
1914190
1934969
3788622
1937234
2041601
1968499
1961479
2031756
2027300
1953700
1828182
1922949
1927659
1977820
1936489
1965830
1881144
3991644
1971939
1980719
2023710
1952579
1980415
1995501
2026476
2042222
1941400
2030508
1986891
1959936
2057425
2027550
2615598
2043570
1977904
2173551
1861707
2098637
1943580
2195251
2042467
1667674
1897980
1969669
1940794
1771282
1839018
4053008
1979016
1972588
1930846
1883511
1977426
1943875
1832234
1938799
1881368
1892998
1868812
1909883
1819408
1974036
4318142
1921214
2030676
1983285
2024794
2024925
1906783
1966093
2021534
2001337
2014235
1933549
1911013
2073926
1960919
3525011
1964874
1977424
2022102
1991853
1963904
2014491
2035451
1979530
2014436
2032506
1966936
1933763
1997122
1909373
4227037
1973664
2007380
2023524
1900396
1967419
1933822
1866143
1925223
1912254
1888483
1917744
1851294
2061985
1932103
4051040
1930973
