3121849
1722195
1577996
1872129
2061437
1859430
2016895
2000495
1924761
3040434
2014749
2033080
2070797
2134517
2060718
2050538
2017149
1989056
2060758
1915525
2041527
2051830
1955699
2102033
2579790
1853435
1878275
1996112
1977508
2061874
2045896
1938446
2043427
2054523
2080816
2053199
2034707
2032571
1965790
2590181
2050625
2060197
2067987
1944696
1899995
2173125
2117346
1959361
1958716
2034947
2004203
2022788
1913552
2081774
2605129
1992993
2050435
2001962
1975094
2050355
1872445
2033177
2031293
2049965
2018169
2076659
2039907
2032271
1925470
2847114
1992149
2043727
2003310
1952205
2068617
2052688
2072444
2083536
2050168
2076848
2070035
2040003
2020933
2146806
2932285
1987966
2114225
2088426
2075788
2076839
1952701
2042586
1843215
2079997
2055841
2071861
2107260
2040287
2102034
2680572
1991154
2066597
2089536
2079868
2111101
1946266
1945371
2038757
2103271
2033337
2109406
2172159
2031736
2138056
3098928
2065840
2112387
2073847
2077884
2096826
1883070
2064149
2101709
2061574
1941684
2055147
2046887
2043905
1999332
3027227
2028050
2074371
2041207
2083834
2043270
2072999
2010347
2050447
2093799
2006981
2082807
2077808
2063827
1961455
2875035
5085410
1957346
2198792
1284183
2228939
1826329
2137587
2016565
1967008
2025336
1964860
1858909
2010178
2086437
2696801
2079034
1953816
2100848
2027786
1960055
2086727
2034735
1913628
2118304
2059950
2128091
2099515
2071252
2049039
2073323
1835807
1827216
2166517
1829666
1955066
1966955
2010924
2002014
2000766
2000956
2020385
1993436
2012256
2006703
2507278
1921164
1984597
2030996
2094209
1825560
1899090
1906396
1746133
1774244
1803745
1760446
1894995
2139683
1804720
2804186
1888883
1676954
1998791
1829028
1628156
1616489
1709619
1711924
1653941
1607003
1813403
1768114
1764523
1807917
2336558
1718105
1848316
1812053
1806376
1833509
1813872
1824904
1935006
1879814
1908084
1878994
1899292
1903392
1875431
2508084
1691686
1773244
1806788
1660392
2169486
2290559
2089815
2116668
1842714
2034920
1986282
1781939
1932086
1971502
2537167
1937804
1969868
1943960
1963438
1944836
1955323
1923692
1942497
1943100
1920786
1783388
1943164
1800881
1975092
3774549
2034667
1982247
1940890
1964196
1957052
1957126
1889836
1771406
1941455
1942206
1997899
1942774
1911152
1831786
2629520
1884645
1977368
1944492
1951104
1973767
1939467
1927961
1952191
1958856
1783415
1788110
1919034
1963916
1944698
2087618
5911815
1791525
1763704
1772069
1776136
