2847414
2021912
1857708
2171409
2309974
2111872
2310021
2097942
2198899
4653888
2242023
2382175
2281880
2274901
2394722
1970677
2226714
2346901
2357501
2324055
2271850
2188546
2315194
2190166
3692469
2364315
2330555
2308327
2002030
2146862
2186397
2161954
2118504
2130117
2210980
2123574
2147944
1972266
2064815
3703824
5438427
2103313
2180947
2197544
2116339
2206573
2133302
2133404
2225573
2115006
2114128
2159482
2199062
2139893
3766939
2153298
2107433
2228580
2262607
2139063
1945343
1886186
1880246
1978646
1760654
1875204
1840490
1807835
1818986
2755473
2077918
1777258
1880619
1765358
1818474
1961240
1879126
1788704
1985747
1817540
1830332
1855527
1854745
1797833
3536260
1813666
1849609
1883240
1861225
1699964
1851799
2055531
1898263
1648854
1949686
1822540
1609694
1852280
1790149
2341674
1840821
1934766
1964261
1945190
1990297
1964634
1807234
1810479
1967046
1818275
1917306
1947807
1820249
1900426
2845566
1843920
1910136
2027347
1806306
1902716
1979710
1839629
1895481
1874225
1773562
1875399
1954270
1839879
1878932
3046487
1852235
1901757
1921701
1871900
1909650
1862505
1840605
1843015
1956456
1818435
1824485
1908567
1875502
1888955
4872552
1975942
1919066
1897309
1886735
1892152
1891584
1876531
1874030
1885570
1923907
1887855
1917461
1872956
1907379
2908110
1891591
1889958
1902829
1932876
1919765
1827349
1897615
1860049
1952332
1982218
1942041
1798123
1912177
1865150
2887010
2203219
1924411
1811619
1937255
1901740
1784108
1942490
1912952
1874311
1895515
1613227
1997957
1894184
1894575
4607938
2532977
1967624
2193305
1942122
1926407
1591602
2045140
1894176
1743278
2129869
1824440
1930596
1862434
1868726
3440881
1934920
1853196
1873215
1910667
1905445
1964267
1941887
1937194
1953426
1944203
1911506
1923357
1985368
1889171
4163523
1932186
1910106
1967867
1914980
1900967
1863284
1843762
1877526
1883104
1923397
1899581
1897943
1920166
1901731
3459336
1866235
1897290
1861456
1874856
1926905
1717119
1946983
1906437
1928701
1937616
1889772
1834361
1859126
1921077
3786660
1887666
2172652
1938120
1853871
1871961
1889480
1920406
1906963
1859143
1742123
1855095
1924353
1849199
1854675
5177608
1966416
1899342
1986591
1988281
1956102
1981106
1914192
1912255
2020937
1960177
1996424
1990750
1916691
1900416
4558469
1928026
1928255
1935581
1916500
2039297
1957869
1958752
2044647
1933176
1965943
1988107
1984706
1963701
1940337
4561453
1938770
1869140
1995571
1946336
1931212
