1676692
1308453
1390107
1614707
1516894
1560465
1629299
1644355
1719334
1662341
1670224
1716574
1683328
1813780
1775700
1775269
1711858
1766178
1699200
1702318
1762179
1712553
1760013
1756855
1729469
1781638
1727554
1790755
1633447
1728920
1754264
1628194
1777389
1708968
1748247
1773198
1656757
1681298
1746145
1665715
1695804
1792036
1705076
1748037
1765367
1772973
1790935
1766254
1670300
1764080
1752759
1806659
1447733
1742655
1592308
1645964
1748157
1601467
1704047
1704254
1644968
1603234
1692189
1685315
1744269
1730314
1706893
1682581
1722780
1751730
1485014
1738080
1691416
1746377
1707580
1675613
1704644
1724105
1675761
1665875
1636273
1685687
1643434
1715388
1680609
1756340
1706662
1755868
1628464
1707845
1736940
1648274
1700775
1701494
1728621
1730960
1695354
1702561
1716298
1749927
1623528
1723659
1740133
1603476
1699007
1722269
1604518
1705494
1746550
1670551
1598455
1746159
1736767
1613734
1748199
1678844
1675689
1755564
1643740
1705313
1761213
1648764
1708130
1636728
1700780
1713643
1780099
1655443
1708639
1731884
1675687
1720959
1751149
1723650
1716090
1715534
1738136
1697963
1759324
1636739
1806581
1729820
1654320
1712200
1694906
1618460
1713030
1683476
1758340
1707374
1736184
1691866
1749069
2081535
3843920
1648239
1537697
1329020
1781084
1434076
1632240
1623226
1610993
1594456
1618753
1551243
1538945
1687410
1640180
1619178
1648574
1624215
1612327
1539030
1664375
1658254
1623404
1705023
1664515
1690654
1690951
1566728
1628930
1664095
1743970
1731703
1732204
1608964
1747866
1616947
1512584
1773270
1599842
1662156
1654001
1628388
1640064
1728820
1547909
1533022
1665264
1584515
1674569
1780916
1610034
1555646
1583703
1740070
1658878
1750499
1650562
1911220
1777163
1749030
1672593
1703989
1634314
1488595
1712675
1548165
1586819
1734233
1690503
1607753
1663397
1727720
1571220
1704514
1734518
1726154
1688564
1756469
1590730
1633530
1609990
1628720
3035630
1876478
1724335
1708427
1885229
1780620
1711304
1798567
1703930
1697621
1783264
1715869
1690931
1745814
1606829
1653814
1742810
1695725
1747833
1595990
1753021
1693794
1723301
1759610
1755376
1807755
1750730
1699475
1820772
1700641
1756045
1736320
1740145
1785367
1694651
1839194
1600930
1820447
1688611
1784069
1775206
1666888
1759629
1731126
1703213
1604108
1653164
1570011
1578939
1617680
1512724
1602150
1612120
1602860
1572021
1617025
1604595
1457929
1596390
1441374
1573300
1590800
1625814
1625917
