2205019
1740032
1448279
1476817
1543077
1309683
1789093
1677982
1740715
1777609
1676895
1742674
1765935
1755608
1758439
4779689
1688887
1751954
1770605
1719062
1760354
1723648
1696397
1735205
1631483
1587329
1677073
1671548
1728791
1748031
3448599
1730012
1765321
1638663
1603431
1634751
1738184
1704985
1751811
1686608
1618547
1767344
1748184
1669107
1748308
4441586
1637063
1770103
1691621
1691559
1671593
1701007
1642597
1756602
1685528
1641097
1762172
1682087
1754041
1754852
4341890
1818164
1738354
1628863
1758504
1718308
1712440
1717783
1766942
1707847
1543180
1782778
1717262
1526540
1611673
2550242
1529396
1582837
1517041
1454981
1548116
1596876
1423960
1608376
1547050
1434240
1605691
1633844
1741894
1728947
4080162
1606756
1784128
1773109
1655586
1751788
1631360
1530491
1730669
1647302
1566317
1745258
1657047
1472819
1730209
1711884
1629497
1724094
1667621
1430259
1781905
1702635
1633217
1720454
1709721
1470315
1739884
1695903
1412022
1445282
4741443
1616630
1709205
1701875
1545664
1689422
1491769
1486329
1675190
1684274
1624840
1531312
1653759
1675670
1568923
1582973
1457246
1490712
1582700
1598931
1497723
1666447
1593111
1679587
1619977
1505832
1521439
1629465
1483125
1565267
4546747
1645944
1558896
1553126
1526511
1535820
1631130
1443023
1642704
1700293
1589167
1709634
1653268
1616264
1660443
1718380
1699326
1653979
1703220
1236779
1430578
1526659
1291158
1484849
1140650
1225614
1551286
1173343
1360418
1092476
1008749
1205054
1260311
1439893
1045114
1529625
1308202
1175233
1378780
1342065
1249936
1306657
1369487
1199892
1424942
1339035
1602327
1628025
1595017
1560460
1629113
1649861
1543144
1632301
1588014
1508045
1630890
1632597
1545423
1666441
5282627
1590243
1631103
1637083
1529157
1646974
1508094
1434979
1461502
1636417
1428592
1557691
1587524
1326233
1465951
3958675
1450929
1541557
1439784
1440441
1458742
1475289
1254608
1463746
1464425
1428400
1656794
1304169
1867638
1589352
1557211
1749357
1564802
1599441
1489165
1559816
1562341
1691541
1606342
1611623
1489055
1694148
1613809
1560631
1705462
5866138
1429545
1568971
1534837
1675864
1573018
1672308
1541340
1572643
1611828
1368194
1582126
1641780
1492016
1601551
1575943
1603515
1709238
1406294
1394042
2016305
1317648
1482015
1376612
1369464
1881261
1483065
1498096
1393041
1433658
5924955
1563225
1547131
1628428
1581506
1504632
1568967
1550041
1668267
1637606
1444044
1493973
1682878
1515651
1608966
