3245309
2966472
1823158
2079830
2082361
1998234
2048641
2083889
2051732
2027220
2078378
2100033
2074035
2115861
2101769
2020269
1920025
1997388
2016408
2060587
2106622
2078769
1936962
2102743
2062423
1895823
2031415
2076095
2024908
2090353
2091439
1941874
2106083
2016243
2035740
2048757
2001079
2074980
2097227
2086585
2073442
2099703
2079740
1887900
1748840
2069814
2188293
2118199
1943904
2171483
1780772
1884935
1928839
2170685
2014648
2006560
2082966
2045704
1976080
1963412
2044454
2785800
2042638
2015633
2056192
2033490
2044755
2048726
2039959
2024929
2048213
2023821
2045528
2050818
2068129
1992319
2139055
2058602
2026225
2068015
2058293
2045022
2079035
2043805
1992838
2059199
2063437
2039318
1938767
2035422
2042421
3143901
2112849
2088803
2128758
2095469
2085879
2080738
2077699
2093140
2108079
2033619
2083873
2046742
2295267
2062462
2158273
2083457
2171789
2284346
2058104
1967512
2123650
2108119
2081378
2100592
2065075
2008898
2119973
2098095
2009638
2067119
2085818
2085268
2123480
2099209
2106589
2093809
2097188
2101280
2124709
2092155
2103034
2060239
1981852
1994272
3067367
2005012
2108187
2035343
2053684
2108419
2145954
2057432
2100089
2117213
2106728
2088799
2130901
2128617
2094472
2897881
2116609
2105976
2127309
2105888
2045428
2290936
2097468
2087576
2104323
2096086
2090512
2135399
2111514
2097739
2207619
2109796
2109188
2146937
2034966
2040929
2128794
2102789
2060993
2139493
2104753
2104688
1948441
2151869
2049908
2151089
2105799
2115167
2059239
2098768
2013046
2068201
2110828
2088323
2094842
2093864
2096084
2093460
2093985
2090073
2904880
3412560
2090779
2030044
1998188
2013697
1976194
2036901
2023744
1988281
2043394
2008038
2043878
1927513
2030490
2041497
2037127
2042922
2035324
2022478
1997682
2023521
2012342
2009934
2027348
1960386
2020649
2022503
1981689
2018644
2013984
2048957
2023944
2050487
1935527
1926727
2027527
1851724
2009487
1969433
1979017
1949490
1921772
1943833
1982403
2415278
1970636
1991534
1947407
1863571
1870933
2176165
2280590
1811232
1743925
2090147
1884317
2011914
1936814
1917534
2025481
1993386
1999654
2039298
1943167
1998033
2012402
1916137
2011897
2015186
1991926
1957442
2042514
2006611
2039817
2038156
1973385
1969307
2031514
2036635
1996938
2045628
1993173
1929046
2025804
1933407
1944696
2016357
1947621
1947457
3027896
1978802
1992885
2024169
1957375
1884931
2015658
1918555
1994515
2038649
2000624
2004246
1929692
1949548
