2100353
1641992
1641627
1658961
1606867
1290803
1568415
1584011
1710269
1671585
1652523
1719658
1675967
1291714
1645359
1496629
1725719
1662771
1529802
1532960
1605546
1737797
1551220
1689809
1635453
1595398
1697495
1663657
1691870
1786360
1624268
1268079
1726298
1411112
1253972
1422646
1440819
1315981
1422008
1429758
1406953
1551512
1538566
1559062
1644478
1536680
1665794
1723100
1697555
1583747
1739798
1600882
1710879
1656857
1653181
1606825
1582496
1640462
1842543
1676327
1657065
1594560
1609056
1708077
1568763
1762524
1685106
1574152
1758318
1663978
1754489
1793859
1694527
1618690
1700533
1680849
1744488
1757914
1688577
1594277
1737339
1732718
1741141
1571881
1624577
1538727
1525980
1649902
1646557
1693308
1561805
1559531
1541866
1583077
1534809
1622853
1666562
1544740
1539257
1596297
1822438
1527832
1634246
1579360
1618090
1587973
1874874
1643453
1648892
1585996
1595410
1563236
1469465
1695364
1636682
1562792
1583453
1627423
2768199
1466031
1604013
1519025
1673147
1589395
1712586
1623066
1623272
1565767
1585955
1655001
1537756
1606087
2021001
1564610
1756174
1615539
1530500
1745427
1571019
1554332
1549082
1638685
1561506
1614708
1614442
1690291
1605096
1872005
1573922
1731622
1589553
1549986
1568153
1600296
1700910
1602085
1658709
1534946
1437195
1653016
1569936
1604082
1548502
1490289
1734070
1665567
1348928
1504852
1694667
1530765
1714889
1617938
1421617
1592456
1563952
1544606
1755685
1631340
1516576
1754328
1660122
1589666
1611361
1599407
1420177
1619970
1663409
1568084
1665551
1663656
1456317
1758210
1793219
1563981
1757400
1632531
1516215
1622821
1617672
1555875
1765318
1652163
1555395
1612718
1663481
1559536
1605030
1640661
1521800
1604363
1642146
1561808
1613048
1632615
1520735
1725761
1637967
1555971
1581243
1631546
1560638
1753206
1598632
1507406
1606222
1588566
1708333
1598327
1624421
1545573
1608046
1644028
1576524
1693924
1707618
1548789
1807185
1979849
1752064
1750712
1637297
1751618
1744254
1584287
1609797
1677373
1690235
1668737
1575906
1622387
1593606
1703071
1666118
1633987
1674522
1613172
1620870
1695887
1589617
1534275
1668878
1619457
1647407
1762975
1598309
1625332
1730943
1997177
1665973
1868369
1779991
1384002
1747493
1365331
1657437
1632517
1473317
1688818
1456693
1452098
1558917
1705524
2035810
1643641
1529691
1534786
1705931
1547501
1493931
1570446
1510555
1518646
1682963
1635931
1508539
1535733
1655946
1549813
1648077
1678166
