224314545
133741590
77785599
66375467
68826988
68746958
72641418
68155099
73624960
68695936
68263179
68046879
74409322
68379663
74059818
68603872
71810732
68467423
68121490
68226531
68818433
69914463
67808189
68201826
68229894
68226334
73011551
68620451
68985337
70761271
69182495
77738341
68868953
74377043
73242944
57466821
56031343
68769691
59691265
70120888
68368382
69484438
70041615
59908260
59079191
59465859
69645754
59516285
62751926
69052718
64465758
59868972
61321426
60121304
59732345
61931343
72759572
74034492
73807123
61697579
77463156
78973196
73374352
79628957
74482090
76235082
79245992
70986737
74881765
76591092
73935168
73480234
74450574
74785049
73542840
73801469
70429449
93489910
74285664
73914954
66632351
68844062
68743910
67906740
73169972
69475780
79119785
60496658
74844187
82965869
71429597
73548158
74060449
75054843
62147302
62408216
67122311
76930408
71383295
63740762
61522190
90056375
61397614
79881863
62549135
95135389
63107443
79424670
67680064
85347688
80197069
69885568
77581189
79427354
59178669
64596166
67709174
83459201
63315469
66280985
75894791
64929518
65321613
99422809
75629407
71518275
82938553
72071998
70993817
65567208
67085324
65812059
64281926
69772079
67230709
81726779
91575113
74931504
64198180
64291401
68854555
76810986
82474228
84174805
76965033
82714876
71398511
76853644
76504274
76104298
66924900
74833209
76914634
75134246
75241433
64465520
63104710
63829949
63367545
64240513
64423270
63502183
77035844
68917309
64535380
93687548
77259168
67193898
63357796
74905712
70322618
64375236
64621668
68240979
67031120
78143218
74872844
77534249
78904496
77283824
90420908
77458167
77766008
77368690
85679847
77206595
85303483
77416698
77677676
77589911
77807669
77509487
77655237
77458372
83238038
77246244
93727901
82438408
76675544
76842940
76853293
77503259
82320197
78444445
79264534
77492843
81644410
77177337
76887203
77351055
77263204
77204177
77136207
77585122
77222248
70444203
90166836
82130161
77137421
77136357
77195532
76984989
82690060
77199392
77570460
76930364
87266056
77913239
83602950
77010674
77192807
77295719
76791528
77332247
76929369
77102635
81750888
76939232
77115974
77026260
77062426
77767347
82905250
77104195
77500930
76872472
86619833
77003962
76899494
77741486
77658485
76783270
77345554
82938371
83202623
76808137
87232751
77614522
77533524
77537433
82903569
77060206
77194221
82825884
77094468
77472085
92915007
77548385
77124995
78068344
77931214
76941433
78808630
78102559
78576288
77520432
81878806
77387310
77823700
78034258
77283250
82649352
77247040
77107910
76957520
77882130
86553645
76668968
82502641
77258867
77579658
77471265
77757980
73847485
77323739
77264229
92183209
77379890
77608375
77451043
