310589474
200162422
111486683
99500472
99366147
97235748
105287425
97272005
98448536
101953433
97276082
96641014
97475588
97568718
101068443
97812184
97561645
97693154
98245088
104132930
98418266
99076071
97867111
97054140
101100249
98599318
98123786
97921308
97930687
127018511
144442846
113595659
100681549
102424047
102055520
101797683
102137153
102151980
100900841
107318110
100042196
99522654
101525670
101506769
103439717
100137598
103710586
103216756
103059513
104828252
102912213
98143765
103108503
102932211
103886582
102813130
103909489
103222717
102999296
102680604
100754806
97869620
101033274
101405828
100077261
100943270
101172971
100007678
100970197
102966358
100378339
100013643
99971482
101078310
104515685
99749309
104796785
101087917
100887797
105239451
101000403
100478504
90744086
100966326
103199602
104792137
101565919
102846436
100467493
119338809
114468989
111175556
104527834
105819974
110144673
105393159
105954284
107808367
105063953
106614376
105198743
102596082
103000095
103346768
106158541
105017446
103062306
103472596
104632905
108140177
103163272
104672225
104970734
103737163
108349763
104008921
106989312
104994049
105053067
107905290
112500558
103901185
106446427
104792047
107802367
102687149
109993071
107056550
105440908
108698228
105217583
104609811
106150824
104662559
92438731
104128782
104650545
104181056
104827531
105777067
104426814
104710384
104390038
104835077
111984128
103990989
106252142
104886253
87237300
112029236
105658176
105471792
105356346
106518668
110369655
105291087
106851515
109563828
111954316
117110237
109307877
110204959
111547581
111021683
115399277
110480893
109232502
109853457
110333731
112148757
109877318
110273684
110564908
109648441
110913039
107913562
108306000
110266701
108366632
109728586
108554103
109798537
109254739
107786956
112383757
107142433
107380117
108960908
107972752
111206119
106663867
107643534
105022025
108096059
113348706
107784186
106857783
106131262
108691435
110701909
106673097
103342686
108597481
106498280
113590797
109590063
96447946
109218668
108521328
112966625
108973682
105322146
107153255
109860182
112899020
107479381
109172283
109374367
107097186
115939761
109622325
107380426
108050005
108027928
111792064
108348008
107493442
109532162
108161822
110587176
106962192
105781388
108305290
107820404
114659632
108851194
109047841
109002133
107861485
112234155
104179539
111939997
103814171
104526738
107779515
104387591
95487847
104015750
107464521
113366865
111576399
108998493
107733457
108908691
113470402
110376104
110239527
109093474
108788625
113982647
109328302
106965099
109949652
108938312
114759645
108309252
109050860
107349937
108669470
114176584
116457937
109341543
109562603
109006434
113058515
107605131
108176397
108565894
107068187
111970838
105243547
104188071
105951902
106767951
106792925
106683945
104966279
106077125
108919905
111814554
106150475
104589486
105935474
106361105
107708494
106639685
106327491
105428362
104952348
109341948
