255136867
121440695
84037257
74733808
67440661
72824083
69304438
70530309
69777263
69214845
75240405
69153264
69732975
68352820
69210112
73186599
69679969
69924080
78727971
70361622
74388317
69930273
69559452
69863591
69949426
73088808
68471305
69883360
69950956
75684294
71754025
69268474
69820861
69204972
74864234
70114803
69322160
74943552
69291941
69286589
73182482
69751911
69980616
69477269
69399738
74391302
70593422
70241381
69649151
69534589
79489644
70333255
69580422
68458166
68950843
73236071
69280597
69544471
70123584
70340647
73931832
70332830
69644638
69699286
70588886
74220662
68629162
69860334
68126334
68503532
72632372
68396671
73419830
69036275
69343409
74034437
69425953
69100298
63124488
69892311
69086380
69810156
70004530
69347008
69879148
70645247
69239110
71837623
69909615
74874475
70079891
70237579
70279271
69673068
69849696
74697487
69659922
68759672
68535506
68750735
69134664
68871779
68785178
68648275
68664544
73938826
70155946
70665953
64615654
70570492
73596445
68755839
69704452
69291479
69029196
74593261
69008065
68832906
68977069
68928883
69095244
69070334
69078189
68670197
69685317
73272366
75295730
69007194
69107484
68067876
74759284
68915441
69174481
69111450
68607023
72744430
69152891
76885253
73898528
70376588
69369022
69003324
68661469
69262627
69289645
68969851
69143857
78156774
68910254
68937724
69561102
69300669
69065583
69274544
69170095
69915193
69577817
69255183
69506464
69025589
71401825
69171490
73898638
74318142
68834903
80148880
70884107
71399088
79442496
67898488
69355997
68932218
68912964
68909265
68721925
69120598
82618145
70345379
70085634
70418579
70341124
70165461
70627375
70515133
70529362
70106152
70797451
70293702
70327403
69044147
73018083
69336971
69013787
74676511
69563301
69435911
69353402
76985529
66888959
70150282
74467916
70099030
70754090
70506986
70578615
74217111
70204682
71677672
73558767
71401366
74006336
71395061
73105252
71851831
73098943
94808874
73249047
73349091
73033309
73169313
74651088
73312868
73406777
73572807
73403682
78377285
74717051
74702326
76122093
74269282
74654949
73090357
72558162
72964359
73932132
71027599
73233651
73711491
73359022
84594070
85444889
73044436
72818095
73399316
72820388
77449574
72928697
73174312
73291966
73310629
77295810
72869486
72882110
72881576
73518583
79935537
73250733
73084392
88032781
73320365
78952516
73384963
72995400
73520085
73631606
78230092
72987053
74478063
73478413
73217885
78456531
73216887
72940316
73820791
73477166
78136777
73134485
72998600
73005005
73126081
80977718
72948882
73143384
72929116
73241650
91107343
73075289
69413686
72785986
73047689
84240120
78815484
73765364
73123870
77882178
80107312
78238851
73032288
73605193
73251010
