250286213
126834994
90090863
91848187
74807608
77491530
71974378
74884338
77493624
81221589
72627231
72711498
71225345
78410583
71571208
72527795
72313396
78504052
72394901
72236607
70746073
68263697
76781299
72605012
70630635
82316731
83923805
68183115
77433380
72417965
68081917
77810209
83434034
72009826
68089290
68978378
71237013
71933447
83271537
81315489
77223262
70162005
72179375
72500596
83546500
83322158
68235097
72613297
72250579
72476848
72118868
68420979
72446260
72066162
72414465
77879942
69531285
75489835
75480402
72733590
69663236
69445240
75319715
69126475
72801948
79125017
68199757
68763431
72707347
71823648
71898708
68981943
72297703
79155455
77769684
68000143
77116484
72318389
68163479
75685229
70793850
72534110
75648404
75194274
68193847
68879914
71685323
72536524
68236873
68491397
67988347
68408692
87898255
72252836
68022876
72266529
71723541
73198716
72819696
68496391
72883839
67733030
69461456
72627227
75112253
72317930
76741479
68525867
70754750
72248298
68214060
73014535
89108250
70417156
73973178
72724227
72921463
73076435
83711255
73393258
72733771
71940503
73015312
68270819
72950039
71814135
74271221
76372274
71141817
72309146
72340847
72320632
72356808
72043829
70525163
70372574
72633335
72057889
70617779
73061764
72288486
73190182
84223037
73022120
71410286
74545369
71890325
75190970
75028519
72177047
74125951
72744403
74915378
70386554
74547064
76611520
69900510
72009074
79659934
72778167
83091509
71072332
76754593
72666622
71966571
72444192
72204435
71613264
71975376
69980490
84211123
71976538
83396049
71020086
71073490
72425694
70984651
71642543
72094529
76934465
72185417
72260428
71216233
71105528
70887658
72014102
70409907
83018435
70599786
70216841
73450020
73325741
72264997
69723107
72020237
72820352
65110536
76493600
73807870
71910552
71450757
71656559
70748017
73062657
69947423
83140084
84148220
84343902
84252393
77378533
77166480
76803795
77788852
77659335
72034371
73341749
71106520
72229277
83603088
71996480
72332040
70000669
72239058
72293430
71627251
87728119
72574306
74620880
72465935
74576144
72633953
74648278
72391737
85670347
72571352
71759413
74413160
82793281
72504691
74494485
72455920
71297412
72289825
74536483
72895691
75268901
72288259
98999065
70873583
72493785
71244136
71874038
72584465
82882240
72493610
72640117
83241070
72059744
71505968
71986888
82897352
71721062
83355109
83357097
72462231
83373780
73687051
75755168
76695740
72705873
72744827
82924156
77055733
76038653
72905201
72021494
73784602
72159345
83203682
78130564
72394584
82912740
72543640
82989248
71359733
70119868
71294257
71992491
72501058
72474891
82984828
71707560
69895981
69979236
74732511
69977289
73624331
71948405
83275679
73869320
