224585386
115248773
63732375
66099706
63949309
62623005
67616617
83421040
67383674
70901965
72244345
60812048
67265617
67016479
60110283
58582328
68002945
56795594
58466127
62380653
61986661
69090046
73554105
69249243
71660298
71532383
58306402
70815354
57565889
53975037
80084464
82083510
69328437
69030836
68940308
69104474
68907534
72707178
68697434
68253344
69486090
69007009
69410278
69065673
69119070
68996889
69209476
66608458
68894304
69070961
75905578
69037567
69064048
68881327
68884089
69003439
68910118
75914429
69274541
68506523
70090614
79930135
76055826
70236860
70275779
70172542
70173829
75990110
70320114
70224114
70043920
70146380
69233350
69020221
75323820
70392131
69920989
79829014
70251468
67021293
70381007
70410586
70120848
69460526
69303397
69197538
69399244
71711861
69244006
68911172
69323004
69114173
68945303
69265578
68873897
69388629
69421243
89005829
69622379
68474695
69167257
78624925
69082149
69211015
69163914
69542487
69586024
68686483
68812963
67628388
73521284
69221903
69159379
69225508
78926402
69524530
69319122
71842467
69201833
67937847
82400437
69267164
69147854
69207453
69252556
69264728
69031344
76088763
69378464
67856380
68911845
68990026
69291949
69404171
69231100
68941210
69426989
73209001
68927951
68561599
69228543
69245718
68910962
69282452
69086126
69626810
68952470
71698309
69016569
67402921
62041711
69259296
69049451
69466217
69173993
69483376
69156349
79163060
74622806
71737040
69915503
68866819
70271747
69155560
69785349
69299266
69034733
82673376
69009108
68606866
81692891
71625783
71778250
71019663
71713842
71745462
71469933
75711513
71859744
71873992
62714084
71875919
72025787
71042426
72264535
72573504
71646974
72921918
71984601
74788055
71980939
71488747
71814607
71106496
76122448
71498985
71525810
67958357
71667082
71923695
71518880
72158274
71936451
71469033
71498160
71555114
71937680
86658490
71774346
70102796
66594681
77069229
71603805
71451607
71689106
73364009
73535742
83919798
73761719
72107790
73832779
74783573
73232760
73271394
73661204
73272273
73243192
80621758
73752273
73934525
83149798
73423920
73304374
73392768
73934987
73518272
73426929
83242507
73638180
71147121
59774183
73517723
73845197
73655076
74121609
73409003
73222889
80588911
71599255
71382000
72251072
71655873
71663236
72059462
71643509
71410856
71350821
73766859
77800964
71717063
71498856
71771903
71946745
72125197
71425556
71900342
71537198
88588211
71616005
70727499
67428544
71770389
71443533
71837683
71419266
72264012
71802171
75225244
85507540
70694092
71199555
71767162
71436090
72402780
71688460
71757638
71754369
71747258
71571993
69635399
76755275
71805724
71732761
71955791
72201670
72273571
77241945
72403874
71702827
75245947
