794064726
568263890
93151734
90141396
92824245
86535976
96211054
96527436
96357654
96323472
96569831
96339336
96437620
95916236
93827946
95843503
96166422
96294125
99650257
96514756
97284138
96178241
96223092
96177753
96443537
96854094
96364751
96812213
96536994
97274872
96189204
98712305
99072344
98748261
90230963
98611043
98696885
98665298
98644990
98615178
98806458
99241749
98637413
98882681
98981584
97566323
95846581
96009202
97127827
96107718
96415141
96134253
95676183
95703607
83516121
96301030
96205652
96435940
86127527
96174320
97367800
96971558
96264793
96400683
96168468
95751763
95817293
96059062
96197727
96673065
96786431
95668126
96343754
97363057
84111729
96198772
96186375
97307966
97503512
96207341
96906822
96830272
92085478
96327342
89838340
95718138
97374128
96358883
94170923
97649215
96275903
97255804
96125231
97438927
93876643
96025527
96416698
96323841
97859075
95990462
96146635
95928665
96805116
96340446
95929645
97391230
96765364
96239744
96329544
96930927
96015393
95931798
96077242
96669671
95820644
96699161
96446545
97379755
97515118
96012979
95928895
96441115
92581594
95955212
96636302
96091663
95828667
95782933
97624765
95684607
96548375
96788691
96067085
96126152
96050416
96028468
96962481
97321228
96236250
96475835
96717905
93683584
96704123
96458771
89777517
97488244
96269162
97622168
96071991
96591860
95989192
95919907
96188732
96001426
96672727
96642814
96362459
96645568
96542847
96280196
95787242
96240008
96761607
96183663
94319869
96126475
97389586
95785167
96364790
96078461
95877204
96105818
96418621
96677261
92728329
96445279
96121622
96668445
96930463
85543544
96618374
97076203
96079647
95726695
89338255
95700067
96883501
95493717
97214522
96618465
96955952
96042957
96862972
96032234
85653486
96738096
95897875
95881567
96955714
95825674
96553890
96866569
96112293
96288302
90048455
96199355
95882294
95882485
96800900
89746014
96949128
96353114
96077286
96100613
88792159
93345446
96000237
96410765
96723339
96103128
96280731
96357367
96897195
89928773
90562957
96031769
96078480
96557483
96082028
96116445
96126387
98860450
99027628
98699743
96133507
98846281
97314633
96017550
96491776
99824561
102270722
99970205
99068586
99782999
88378830
96830515
96816259
95947545
97007485
96142456
96821648
95874205
96572500
96107393
95576637
96769022
95568958
98754252
95685744
96696034
97716455
96428291
96223479
96311620
91797247
96138288
96017956
99036909
96289574
96730403
96673633
96058515
96302151
96040577
89030165
96417755
96110195
97236181
96318387
97753233
96339578
96182071
97524602
96025516
90918463
100528246
95563590
96147709
96372844
96058664
96681718
96184322
96189827
96934181
83723452
96129385
96831027
96332610
96266169
96876073
