245854766
141675342
90561034
63199525
67462484
67536484
67499708
67876527
67563721
67485358
67449256
75447973
67594432
67518802
66616588
67301775
67523534
67744630
68075030
67643127
67367859
72672377
67993813
66536682
76899502
67422134
67555179
67702606
67646739
68017230
67624350
68579982
67503153
67352781
73152322
67763156
68257573
67531559
73101387
68212575
67467676
67413517
67450788
65878880
67221832
67508639
68194054
67473101
67697468
67529983
68587546
69275921
67437208
67750910
74288998
67407870
68222780
67772966
72998002
67332205
67945032
72788677
66705643
67709700
68386111
68045859
67939733
67800442
67803303
67791492
68018543
72258593
67578748
68078322
72287735
68037749
68095732
67788368
68033487
67952221
67999285
75383282
67848334
73343650
74563951
71894158
68005651
67618951
67882942
67695045
67701147
83159291
90711753
63997970
68079365
67757850
67826863
67730225
66290329
67827009
68070134
66067210
67565242
66149710
67671661
67693121
67554608
73350250
67793013
67936893
67740567
62009524
73452685
67326794
74222690
67516518
67747227
67811073
67414367
67420926
67627771
65358116
67752633
67488900
67630872
67702268
67684914
67684971
67670971
67558359
67573086
67176969
67973379
65847336
75502770
67789954
67858606
67695140
73010488
67780813
68078011
72395612
67507440
67692237
77112575
67243648
67614665
67725665
67502555
67385239
67783370
77868114
68248543
68336751
68307418
73904940
68224659
68323474
68119219
68281024
68339571
72727724
68185654
67843408
68138133
68004849
68309494
68370953
68269998
68213250
68441200
66287789
68329362
73873166
89889214
68443422
68409708
68534941
68529507
69491433
69778103
74285227
69519977
72565593
69488030
69689069
69501016
69588194
69707159
69591212
69925844
74567853
69467748
69607486
73067247
69563260
69557269
69549562
69462805
69372744
69552378
65992842
69480126
67758373
77827435
69474343
69473367
69518305
69377413
69035961
68529835
70711614
68932712
67565372
68600396
68978389
68395055
68293688
73882138
68151822
68810771
71152463
68562762
66439230
68434007
68434326
68690623
68820556
68522816
69465815
69463686
69289091
69576467
69821354
64391262
68686629
68775361
68678492
73282450
68880636
68595145
61752924
68602184
66940992
68607876
68449852
68790151
68503167
68639839
68500290
68419878
73582637
68570671
66839120
75175156
69583242
69758967
69727169
69840527
69847338
69775213
73554285
70046943
69822512
70972576
69774951
69853247
70285881
69978155
69776117
69984124
78961328
70013125
69812408
69801220
69890164
70020735
70177094
70216626
69964147
69921749
71041924
69934897
69591969
69980920
69980009
70082752
70258491
69997911
69945530
69924296
70117860
69818860
65466947
71466171
69982328
75213201
69717970
69925853
70010843
