236980385
123135659
88168250
75846692
75547003
68457136
68600129
68647023
68588722
69090604
68931664
68484488
68524305
69034597
68868103
68988061
68391587
68792274
68496379
68736260
68804230
68449660
68881943
68882804
68671286
68587901
78573474
68292173
68569804
68649623
68394028
68669446
77909966
68690657
68838738
68776388
68603288
68832585
68696840
82596537
68159319
68448559
68594955
68670463
68705434
68569627
75042179
69062735
68972946
68831076
68391369
68362594
68838544
68196971
68416212
68473280
68582202
69825624
68484912
68854269
68348682
68991353
68677573
68693494
68831662
68758224
80627249
68590164
78274668
69084635
68803516
68691776
68372788
78891715
68176608
68668977
71998385
69271552
69253099
79508652
69795438
69415308
69984991
69880720
69707163
69627666
69457453
69995968
69724039
74199851
70158138
70329137
69546967
70519686
70676374
70641501
81079963
71195116
69964947
70706255
70187593
70339692
70638987
70921869
70403113
70429885
70279165
70398602
68936059
70500658
70366537
70505204
70178332
70414304
70035722
70330595
77774945
70881272
79775616
70329426
70328030
70117836
70643872
69980310
70015626
70254222
78786946
74696213
69964336
71533849
70435717
75893917
84227662
71331237
70507768
70195057
79043816
70243153
70124544
70369744
70171019
70281720
70118255
70418239
71037682
70589211
70344213
71221808
70281501
71223288
70285849
70597721
70168763
70578918
73582677
70352012
80524280
71407067
70261032
73479192
70077850
80682481
70446403
70558382
70268742
70671052
72942073
71914784
70052994
70074930
70410841
70264031
70075346
70360378
72144778
71145476
80696115
68330872
78629828
76517074
76629588
76715549
77039345
76453705
77873086
76444453
76592134
80804046
78326498
86617898
77901996
82113415
77278481
77589925
81986296
80056478
78648443
81797316
78411551
77737858
89635654
78768229
78793608
78686194
80056448
78807505
84371904
79111803
79432804
78670750
78029638
77612819
70368483
77569254
77838351
77653453
79027006
77192383
78296887
77022257
78549678
79503461
79279389
78418980
79921276
78111903
84348723
78610013
78325225
78689060
78688291
77805946
78988354
79348345
81645127
85273811
79788739
78614483
77988503
80925198
77171496
77728169
79427372
77953122
79719729
79891893
79772847
79290490
78022207
79567483
77617793
80717607
79062145
85484075
76675910
77851025
85075980
78543012
84179692
85304953
78281533
78767102
80588930
79378431
86267471
79866928
78932318
79271588
77517661
79362734
84959923
78953047
79407784
77595909
78965047
77995751
77732232
80086701
78252800
77932655
78262187
79625799
79374675
79342944
81301099
79890838
95174456
80152741
79788939
85605212
80723891
79783234
85797541
80924414
71470643
75712201
80127515
81372198
75695513
80683049
