294197688
203952571
113921431
96888554
97277001
97188305
104648069
96561812
96453476
96168928
96885262
97096662
96720226
96299332
96978628
96253162
96497088
97051740
97160705
97004854
97207972
99818751
105877749
99992393
97776337
100977427
101364491
101318998
110283053
146148504
135023799
117674504
100778934
101355171
100234856
102944703
98581572
99916288
96907020
99566023
97416462
100386475
99199947
99770154
100460294
98714764
101083471
99390740
99382007
98779034
99182817
99729163
100377816
99917495
98286310
99351742
100003007
100565081
99853106
100260538
99913878
101962128
99363003
99454792
99426644
97816487
98853775
101482501
99872436
100403923
100680319
100503935
99644837
100633902
99682079
99454016
99013011
98667502
98501148
99054406
99719192
98450397
99663138
99219678
100447140
98431250
100590113
99354334
93255617
101922173
98884199
100865317
98090842
98499454
99558790
98494335
99462565
99715692
100080501
100598034
98984635
98957572
97127039
98256227
101583885
101337047
99888181
103615553
101237227
100495003
101912221
100927421
102686890
100613798
102608506
100739203
101345954
101367858
100635611
100902943
99854681
99373166
98829020
100595117
99811104
101312594
100543764
98047876
102383334
101032507
102270268
101551485
100740897
100566915
100052651
104787259
100536211
99494695
100728120
100563074
100427146
100139524
100532797
100746123
100817177
102050896
101166061
101517973
101578945
100834936
101975692
101528122
101205623
103228040
100800076
100956980
99700980
99819902
102607987
100539498
98838735
100912818
101096193
100583034
103085097
99671963
100540046
100785764
101049486
102533005
102101783
102563464
102703488
100819044
100995141
100057257
93330483
102430791
102743033
99541001
99457309
98576748
102806596
100161850
99015422
101681189
100996021
101550561
100913577
100758513
100828271
101748028
101962542
100531610
100541087
100725949
100777745
100110230
101064190
101422405
101078218
102798540
100380938
101615877
100725950
100229455
100190562
100535091
101067060
99276296
101726665
116993817
102152570
99761901
101651069
101613616
101560294
101570542
100145546
101158044
99684114
99222686
100651913
100011759
100425939
100016084
99755821
99754088
100212398
102014876
101138133
102805508
101229816
100952805
99845626
99964534
100532203
100796041
100859964
88028421
101108246
101496658
86212985
101702281
101875430
103310726
101818478
101611434
103648242
102079442
101465353
102454490
102950841
103069193
101713873
103191671
101992627
101571920
101728901
101506120
102305369
100872247
102036645
101647821
103560153
102213531
104885094
101654947
100771482
92309058
101858433
102888860
101400088
103086452
101294969
101329223
101953426
103071999
101734665
102334601
102524962
101399350
101021496
101764027
103977300
102165072
102064303
101373350
101531326
101654027
101557496
101655067
100648826
100912096
102103821
102025028
101225401
100574049
101486868
101061465
