226724358
122663630
89797035
68469121
72254379
67249695
67025573
69449399
67336676
67156426
66981650
67217401
67011651
67127880
68346900
68136764
70904799
68300749
68224946
68543498
68785682
68316657
68401842
74435863
68207304
68353006
68568649
67279840
67309660
67258358
67466136
67252747
67174847
69199443
68095201
66522744
66952913
67301762
67000684
68748846
67176650
67106530
67564410
67297302
67049021
67090350
72828656
67083310
66899572
67301587
68592161
68552529
68534859
68464797
68386572
68162257
68444749
68497335
68533698
68432597
68363556
68365355
68436937
83272930
72302430
68206143
68330175
68381963
68166552
68529785
68332269
73883768
68427681
73390594
68591562
68499634
68309362
68441615
68309113
67749338
66989410
67007461
67566072
70472404
67522124
67380047
67507322
67483290
67332098
67389603
67221984
67118818
67451808
76245210
67400430
67431192
67950706
67601861
67806441
67555975
67938670
68127959
67693841
67475386
73710076
66672659
67390246
67484034
67402211
67508673
67391951
67368040
67364550
72494377
67579593
63576207
67189475
67293036
67272932
67348680
67552637
67199647
67176367
66179668
67263879
67198782
67362960
67321785
76682945
67247941
67281173
67174122
67368865
71822613
67251506
66914315
69427626
67477095
67251369
67477485
67304592
67375814
67437810
69355163
67310514
67697109
67089209
67462117
67321488
67685548
67389835
67420800
67569114
67447270
67368796
67684768
67371932
67535654
67899443
67776636
67613630
67426286
67261985
76715661
67503348
72077071
71854286
67372263
67197822
67103241
77848997
67129972
67307768
66666743
67782473
67473168
67272061
67147989
67275545
67123892
67221718
67190557
67371790
67202055
67274534
74730295
67492488
73700385
67106162
67217085
67482165
67271584
67471403
67522238
67412584
67341161
71226717
67360722
67455084
67570641
67590362
67338995
67412345
68140814
67271391
67215732
67404828
67430198
67307538
67096624
67605625
66960089
67193189
76871756
67644531
68144781
67218637
67180245
67196329
71842871
67132979
67341929
67294858
67192537
75352085
68515970
68357849
68307729
68078632
68245548
68183426
68223471
68546622
67823626
68342716
68186363
68557728
68302215
67391172
68291640
67245003
67199823
67320128
65813743
67211698
67332739
67634380
67152037
67225034
67225415
67269881
67117829
68342523
71917115
67304608
67313729
65334866
67411678
67504643
67072826
67728014
67546335
67398940
67331844
67174195
67221085
67459891
67239484
67255115
67236154
67209630
66980445
67200755
71724341
67335496
67158123
66951141
67314703
67342281
76325503
67196440
67278401
67119637
76216702
67163864
67236962
66986898
67280188
67182742
67340970
66919549
67114835
67162865
71098434
67486066
67425900
67419787
67026664
67279257
67621870
