236697223
120490023
97087545
75070077
66837481
67253145
67601700
71394795
67481003
68031300
74516619
67278729
67425203
72824647
67946706
72890793
67462178
71608582
67264759
67260659
73416560
67304625
71442557
70880410
67362554
67328080
67335775
71355752
68489122
67995752
67563483
67533892
71598230
67352449
67423839
67341071
67343310
71142423
67266312
67300625
71213656
67569137
71430274
67237514
67499870
67187027
67210070
71422829
67109370
68042833
67535391
73109756
67375629
67400593
67280034
67299090
68243810
67729433
67287648
67673939
72830189
67737534
67696539
68332636
67647677
76976056
67151200
67696043
67530740
74931666
74955066
67475738
69422754
67277413
68003582
67584169
67593610
68257550
67974435
68188639
67366850
67295330
67873484
67384024
73508661
67413069
67994385
67828833
67830963
82192321
73677939
67677200
73202750
67368578
72857213
67187816
67421883
67677535
67232603
67256462
73029378
68281483
67521940
72167979
67224906
72413295
71109172
70346601
68471777
68080757
67176251
67574609
71827327
67412633
67052497
67171099
67106718
72006968
67393081
68677219
67831468
67317881
71216983
67472612
68286109
67332757
67507245
72108073
67631005
67478274
66679294
67656953
77099671
67435122
67676696
67369280
67520849
70328056
68071138
68611745
67497992
67732930
67666685
67495883
65335432
67512593
67361533
67304222
67445398
67946686
67597539
67555955
71406934
67024835
67309249
67315891
68284187
71088764
67426538
67863257
82178111
64331150
71753949
67329449
67165009
67168613
67540157
71774478
67826193
67645189
67481133
67432956
72116734
67610698
67462486
67212257
68219030
70368407
67726875
80699117
67537223
67892750
67785569
67523468
67331543
67283081
67769455
86199187
78042754
67401945
61411038
67276763
71570239
67676154
71322763
67146847
68014027
68925771
68003846
67460829
67193126
67230237
67569566
75441972
67475734
67268118
67001616
71221290
67408509
67420125
67739349
67522811
78889277
67389714
67243381
67221917
67092748
71429947
67654564
67803052
75978494
67778307
67473013
67752865
91082819
67820362
68120255
68024789
68283304
67951454
68566248
68076225
67588795
67513007
67569652
67113708
67145950
72829844
67047869
68538719
67238732
68121463
67273277
67021325
66721525
67154086
72477414
67451804
66990294
74512665
75666908
67382944
71736533
67063666
76222033
67275113
67980265
71183885
67105881
67347406
67132296
67045675
71527943
67118863
66958203
67463719
67166258
71337036
68221807
67738477
67841359
67469027
71551850
67008653
67183290
67250910
67023488
71885786
67479149
67404142
70265113
67431524
71507283
67670560
67734668
67438620
67276789
67429021
68308107
67707955
67531257
67409922
71469891
67501844
67489251
67236951
69122042
74294277
67588073
67579443
