318794692
197684538
140454846
96303052
97539365
95526644
95166816
104625543
95973616
96307931
95666042
94817084
96141097
97090975
97590572
96945036
93156243
98047486
96774548
95678852
96733752
95659716
94940602
95960782
95698852
96999130
91365204
97121100
97189421
162050744
130774719
101864103
94456227
93881645
95455019
93139702
88235091
96150058
94258093
95594243
94596263
93022722
95362571
93369178
95014441
95565758
84454012
94772072
95789582
93854354
95946816
95450768
94794625
94512433
93683573
94048832
85624689
94430673
94028466
95670804
95151843
96091103
94345995
98373395
97956029
90731327
93015897
98371491
97601202
97337215
97829579
97232455
97523256
97555775
98217369
98366914
95696590
97066172
98209697
96496531
98122260
98937143
96182890
95908681
96338521
94976293
93181485
96850881
96399478
97308633
95974321
96361539
96398370
96296459
97302485
96095617
90137375
98961697
97100922
98534914
96628595
96556575
96569891
96454914
96399358
96622594
88453811
96340354
95360316
96927147
96991064
96583579
97580754
95213034
96727790
97484382
93869078
95940291
96219985
96552343
98147863
97443972
98063309
98653349
99054818
98664972
87991001
98441245
98817211
99142668
96667197
95943281
97500814
99014365
97781934
99599043
92343975
96667250
97909376
98120550
96474980
96879425
97750947
98425182
96324030
96311972
87562972
98070669
96433111
96461750
97865722
104341552
96617169
100614337
100298724
100396646
95246773
100100954
101467421
100880842
100372345
100582587
101230648
99836795
100628459
101313143
98744018
100857180
100277238
101215777
100073555
99696029
100092006
98931412
101358104
101224433
95856876
100682643
100926148
96043982
97900492
96404743
97584545
92747003
96467433
98656710
96476322
97477862
97098839
99645292
96921456
97579883
98304106
97876899
98564846
95993485
93602551
97386424
97530311
97083325
97098278
95937589
97540311
95918807
96306293
96082980
87132343
95668374
94409321
96144444
99774212
99315205
99313036
98669205
99905462
99951145
91210928
101044244
101443043
102894176
102012430
100914821
101401761
101082540
101783054
101101638
96693257
101458662
101415890
102441787
101035166
101194178
102783889
104096217
102840724
102842893
96164853
102663028
102902297
97337810
99978107
100344202
100498515
100625440
100620485
100871985
91939694
100943873
100616536
100625387
97566647
100776542
100863223
100656682
100834736
101175439
95630411
101154229
100648432
100884071
96178586
100831830
100503730
100882322
100628375
100320474
97728254
100763175
100859800
97833659
100935894
99257109
100064583
100265609
100664257
99384699
93061698
99716283
99750963
100770406
99433694
98853259
100256669
102432273
100108929
100806632
90248703
99350515
100234301
100152717
99309044
99682306
99896773
99366903
99673995
99320152
94588970
99165764
98388957
97746961
