226442232
108362510
83640990
75431924
68639005
66111560
65646095
67071473
65547580
65898543
67145721
66574774
66865008
68551870
66460071
66153301
65682103
66430484
67157944
67349729
67082902
66816083
66404399
65763768
66227184
65773277
66921745
67352113
66647760
65687349
66149020
66104154
66926289
67016055
66975446
66832674
67302624
67027855
66783300
67479371
66846671
67258540
67138317
67805939
65817896
96222132
66066368
66384935
65989580
66215592
65501598
66522654
66381138
65899623
66562207
66289694
71960642
66299877
65666768
65820795
66327065
65805861
66067221
66229728
66318064
65715566
65602666
66052949
65789286
66261162
65551449
66080538
65911795
66519898
66087142
65866486
66102957
71914393
66218628
65925038
66116955
66114825
66205666
65839806
66128845
66432392
66174204
71944208
65723731
66183393
65965064
65786943
65891322
66039138
66090854
66060646
66025445
74714382
65705294
65857851
66356938
66001727
68222490
72176124
66030040
78029968
65879087
66190361
65952410
66206232
65645636
66153891
65918012
66191131
65948769
66746597
66329131
65908921
65706992
66468601
66278318
65807268
66220564
66597707
66246936
65680642
66166745
66486574
65723413
66021612
66208950
66095102
66660723
66183668
66956864
65999596
66034976
66238838
66117040
66561996
65713609
65919193
65976776
71263018
66098755
66009046
66040663
66192260
71441885
66218927
65993525
66334959
66107926
66318431
66539281
66033289
66454875
65251628
65487417
65938677
66356424
66312484
65983703
66230736
66435093
65765444
66523480
68333313
66122236
66095647
65671826
72331314
71874896
71455447
71552383
71803813
71631430
71208317
71593868
71808713
71156831
71526154
71436950
71705507
71776327
71679815
71303652
71860792
69734017
69425920
69281572
69399300
69909634
70261872
69624097
69448124
90497094
70449923
68853455
69525647
70168338
69225203
69465726
69017110
69688447
69515808
69619750
69188016
69124434
70147760
69704377
69278936
69440894
69651574
69191084
69891764
69684111
69780981
69347455
69718714
69830585
69778194
69692573
69581607
69275648
69532333
68666595
75031849
69836184
69654301
69250299
69435247
69265591
69645566
70084188
69935474
69081096
69550690
69610265
69478285
69666931
69545352
69580374
70116383
69267801
69151304
69737679
69367073
69465538
69927101
69485111
69012418
74830289
69285440
69214820
74648835
69055226
69734286
69300784
69289161
67180506
69619301
69318417
69849414
69522925
69644747
69209338
69246695
69748494
69166307
69384489
69394682
73972877
75079035
70765753
76729250
70105034
69184185
68612770
69674435
69681163
69467485
70166095
69470956
69201762
69125895
70439681
69490218
69688908
69547063
69609151
69188698
70384615
70376151
70664985
70240165
70424872
70471281
70564067
70042823
