241861353
124621870
84723771
78744411
68463333
78284842
65257878
68314519
68860921
68724023
68875026
68434217
68275298
68895047
68797489
68663143
63911547
68646994
68500243
68198764
68420483
74987136
68344293
75025904
69462291
68144918
68868792
68427230
77955005
77980535
83159342
67881848
68139264
77535898
68620529
69368765
70907483
69223776
72700710
69172774
69166346
68048745
69833279
69143435
68579231
67938027
78120619
61534537
70112364
67700403
68301087
72608433
78352502
68427824
82609164
68272988
68313408
68446458
68161408
68305034
68279438
67938557
68349086
76211943
68667270
69150780
67575229
66632548
69495297
68418583
68366133
70333169
68692933
68115562
76552892
69321035
70268093
69282362
69724162
69251595
68414828
68446386
68509291
68262750
68455313
68568433
68399432
69326076
68557227
68762974
68266032
85485330
68640984
68259705
68812743
68328960
67859908
68271865
68205397
68376831
69378010
68123447
68408375
68279183
68366150
68205161
68380197
68413220
68480574
68413425
68180140
83345952
68321699
68233530
69174906
68861725
68247211
68557487
68305974
68422205
68663086
65151123
68953749
68055181
78357885
69635713
69738526
69491333
69646140
70872404
69344477
69867876
70319724
69301989
77983409
68550425
68605123
68007683
68329990
68100148
69044842
70196461
76681067
69296560
78946801
69471158
69336299
69149118
73094043
75933910
70980833
78687262
70673119
69698102
74462161
69832345
70144442
69565651
74929034
69728159
69786735
76842279
70106794
70371551
69999183
70142016
71361799
78355436
86518859
69826601
69610769
69027664
80791249
69691993
75970075
79959157
76651244
69840008
69855174
70501578
69799525
78224874
70023129
69655775
73863413
69682797
69684122
70257260
69633864
69763689
69609244
69498740
70297576
69593679
71242197
69449349
69727905
69783983
70102738
73308755
69970319
77291970
70467554
69662210
69758195
69537374
69511912
70043280
69352268
69444776
69659949
75739349
69992063
69932123
69725105
70071725
69707621
66189331
69622783
69750007
70200331
76441808
70553329
71195674
75332893
71504317
72408091
69707636
70488623
69835430
70338239
69863782
70264674
69808216
70623625
69462401
70636384
69649465
69576072
70960337
69749146
77234702
69798589
69868330
69819569
70002946
69747620
71136213
79389442
71039171
71253405
69746503
70023439
69662585
69650803
69932926
69602038
70050367
72592900
69975900
79695058
69178533
73933173
69502269
69942529
69856673
72474272
69807843
71870913
69689939
70557859
69831771
76975057
69952346
70130240
78360224
69999718
69692385
70103324
70870424
69580981
78312668
70141974
69916473
69827246
69647764
69671186
69796166
70129031
77532906
70517731
70110549
69991825
69982757
70098854
82982461
78404822
69707982
70129683
69528994
