319579273
199652596
129630528
100892156
111435723
111549437
101403905
99717842
98735322
96425657
103271363
98798574
101333984
97854175
100471865
105672166
104049170
101506964
102399823
104889791
111282027
103624605
103660094
103446753
101910041
105832867
103774866
103018920
102547289
147933314
132688717
110243528
99103636
100123625
98836207
104550598
101182920
100839114
98642170
98278871
107528132
102772486
107025496
105869737
107184536
110500491
108187373
107904756
106812541
109012760
109977283
103888872
103975735
103946537
104349204
107419153
104963123
103723526
105124550
102388506
112074114
111078154
104969407
104610599
104378083
107548686
103532028
104500639
109485577
103520420
107766305
103342981
103661622
100545216
103376559
106743720
103282522
107612822
104053747
103989713
108160315
104242036
106540259
104660598
104524809
109516223
107141856
104227095
106754019
111716847
113864534
108673783
108038260
109355209
108886173
112906047
107221238
94470330
107025523
108150115
110305501
107275053
107840018
106406350
107974203
109922012
108150181
107351852
108566953
107412948
110566147
107398594
107730872
108231461
106908093
111274491
109296238
108112858
109375774
105714456
111869667
108564517
106368623
105439635
105129289
111624046
106544207
104962911
106651176
109487319
113786858
106099730
106343597
104762327
108845934
111157791
106540926
105261582
107286014
106577398
109119277
101871325
109079384
106173853
104550372
112677728
108989666
105788613
106482716
111967756
110566124
106683813
109849570
103877640
105231181
109248417
104043872
107037664
107411882
107730313
106982957
106257326
108765564
108620480
108835652
113282361
107825085
101058509
113938787
108664314
114195179
108170566
107399783
109621022
107188409
109448777
109965504
108203724
110177644
111888960
117397381
110141857
111404490
110683997
111450870
115328294
111059417
110814634
110678657
110392177
110466097
111269919
112466515
110836474
111485570
115442095
110954071
109293446
111169490
111036142
116516066
110727506
112268526
94296864
108757165
112900029
108843016
107646463
108062449
110922390
110855872
108001885
109808383
108098105
109607606
111222785
106681714
107887466
98976339
107857376
112774356
106591349
108707924
98315709
106807125
110791412
106813453
108062385
108590905
110463529
110144632
107514951
112233430
109731478
107791549
110759895
110270715
109197568
109978182
113046801
117931857
111986468
107995389
109293436
110814582
113024457
111365359
111128508
111372691
113503847
119547168
113484989
108919324
108832355
112696353
117418951
112008933
110485611
111028104
110996148
116235576
109786985
110665882
111705788
109012882
115512501
112103931
109968763
110513619
113465400
118191289
111119513
110616912
112046746
112371720
117328548
112819096
108821107
111990510
113203540
114807609
112990154
106564887
108714150
112003434
112363132
111442732
112502633
110735033
110982942
113540504
112791570
111172804
114967023
115652051
120297511
113963139
111402075
105290289
111048173
