321906999
202919001
132775427
99980041
100236134
99929481
101023163
96760407
101406767
95914166
100463196
100868137
101607980
100015481
99006830
100393131
103219517
103400798
99147570
100032356
102573535
97968311
116593623
109659407
100872406
102189127
98203020
103980141
101343860
114352577
120710779
107985372
104401621
103514220
103931748
104180445
100148848
103451533
104000297
97402660
103863894
103438789
107351362
104264736
104616792
104492397
103761699
106967055
104504515
104528317
113665671
109627169
104369831
103546323
99934584
104905171
112201135
111429236
106248207
111409703
102262833
104672222
103894949
103512031
102667395
103285494
103716421
103851888
105298325
104585035
102934006
103412421
104528085
103995372
102761286
102983017
105023955
103685184
103982102
99816396
103168393
103043446
103199502
102906187
102131895
100080782
103330027
100484894
103036532
102268028
103983513
104172518
103333613
104721925
103253361
104965653
103075415
102647559
102612864
104979063
103651790
102721110
104777748
102590729
103518439
103330865
102419460
102445576
102483007
103313191
102922223
103749919
103427857
102949998
102795732
103757762
103813798
104965879
104235248
103194378
102867900
102558267
102947981
102481928
103398771
103884481
103340902
103656079
102514668
103173712
103168439
103215317
103316483
103135037
103235610
102663444
103262668
103615464
104614626
102459367
104716810
104376417
105158619
104459559
103117453
103923496
103678127
107318704
102771604
95737754
98116311
101737840
103107176
102620079
101708418
102083161
102590903
103406909
102443129
94077262
103496043
99226295
105605545
104642957
106393689
103075763
104615739
106194321
106309469
104549211
104439034
106151015
106381743
107412043
104742113
106051074
104170158
106344276
105392007
103058706
103176053
107910099
99566860
99489101
99621960
100062490
97375533
101152487
96043153
94344426
100530778
96402689
100521389
96132793
95620366
100142343
96078788
100267132
100124769
100122778
99211059
98879489
97645648
94198042
95267707
99156878
94702824
100510622
94671684
94635268
101974878
102964035
97590855
100678375
96648127
97071675
101384475
103461408
102523228
100805647
101197394
100956702
99373085
101010083
98443782
100816464
104376999
100311089
102076515
101849039
98978247
101190293
101326322
100948641
99347083
102626957
101989605
97504047
101968166
103651242
105628443
105548743
104430349
103709176
105079311
105413130
103669275
105671116
106009086
105150292
106345336
106206111
106625296
105038574
104968933
106576216
104044485
107070854
106446396
99663366
105224582
105269527
106689667
106606354
105516664
106233927
105826723
107674422
105596140
101966944
104128423
102481668
103248364
102444521
102726130
104670767
102817809
103843180
102906515
101029778
103951633
103685193
102999681
103362019
103727966
102885355
101967214
99330954
102723303
102367119
102421736
102916112
103133795
102718605
103290464
102944473
102957358
103924653
103927993
103195193
