279830342
203790628
126938146
110158905
102041913
105107662
99245553
99866242
95587426
100841225
102843773
102230717
102382194
102794940
89803769
101276373
102357284
102676654
102190553
102420901
102460187
102725646
102049063
102591036
97121155
110725334
101741007
115812581
113575000
112968857
97888412
103051124
102156398
103015482
100255484
101781912
102347306
101715306
96788227
102202219
102308909
102005488
101933444
103441889
93688954
103290703
102067497
101550551
102375981
101997452
102984394
103392565
102255041
101861096
88825192
102758285
103382861
103087776
102841028
115190690
106448178
111315832
101399379
102184896
93773480
101402008
102924961
103202421
103630742
102022831
101914041
102122678
103215021
101657900
85958455
102798292
101918457
102963327
102590215
102323536
103036561
101418120
101865321
102937345
82455748
102800034
102699492
101933529
102908429
105013397
101274749
98791577
99700145
100697060
90005393
100995376
100422297
100751462
100053443
100660830
100473271
99243217
100389013
100619169
93625928
101036922
100294396
101050184
100714589
100632281
99893475
99956506
100493950
102471517
92027815
100697556
88894384
100292784
100999172
106365370
104701963
96624348
107363299
106983515
98362187
106972060
106437674
106599232
105839312
107358961
104674965
108130201
105044436
105644534
98905798
105780265
106070778
104726625
103332988
103305451
104064149
103001333
103636442
103588627
95259022
103011373
102750587
103124587
104164576
106431709
108278304
103089571
106482119
109007844
96879574
106122031
106391427
103701296
106216904
96716082
105053200
106629253
104967941
105167024
99455955
104278112
106546327
104929883
107330631
106754531
106221805
106511779
106659523
107298675
94599706
105433316
106733353
105157157
105922276
108296626
106599332
105958893
106526244
107539891
103767199
105285543
106235096
105163360
105920932
106522923
106380860
105740741
105863264
105905045
102610235
106333906
106701370
106714877
106362386
106509355
106436490
105290662
104820456
106279122
99903582
105980945
105429125
105848587
106573217
107159131
106871798
106912738
107744972
107228202
102271628
106514077
106881947
106153092
107091743
106478304
105639791
105018555
104825442
105826648
100549228
105756830
104504380
104978194
106684567
106585274
106423066
106593287
106471461
106195367
101717769
106236621
105840650
106387743
104216620
105541802
103762544
103212794
98089949
102035666
95044435
102749121
103976107
111295296
104288008
104724414
104033820
103891557
105350083
105141403
89251438
104356464
103997487
105182951
105782239
104314020
104045886
104115587
104369658
104555579
94625207
105263793
105847459
104840898
105559563
103189362
104605671
104557028
98456326
102746017
96086655
102971840
103898696
103163764
103302662
103268136
102375078
102797973
102789010
102966194
95903033
102742246
103381843
102706201
103394021
103123325
104223196
103383588
103304891
103678323
97777384
103297228
103385366
102791694
104982257
103057458
