793938088
664166052
88780638
91060298
96922978
100348074
101845142
97747409
97980019
90312039
97767897
97137081
97815016
97805920
97314480
97591983
97448697
98083201
97845783
91104347
97623932
97555606
87318244
100271378
100235819
100248537
100436526
100227844
100667974
96933906
100247728
99790612
94500619
97671542
97656062
97289452
100006511
100047103
100288806
89471500
100264588
99934960
101947617
100140364
100331696
99789332
100342925
99598182
98202263
94167586
98098631
97365524
97913419
98433288
93793184
97466910
97522657
97245176
97549749
90429528
97761482
97453644
91421628
97779815
97457446
94273222
98282091
97657332
98409418
91969379
94398414
97756620
98376564
97613276
97755367
97903518
98243416
97949856
97753686
93893506
97957802
96268641
93618832
97892622
97959303
98001258
98079359
98061375
97769897
89655608
97881068
96862579
88724993
97851807
97899299
97718687
97804058
97808311
97768679
91799818
97889216
96210659
97864353
98585057
97947638
97826064
97930102
97644305
97911587
91127125
98013910
94265261
97988905
98730927
98137986
97797494
98145028
97765253
97962465
91564767
97772647
97726099
84444781
97516701
97662446
97668388
98110041
97814500
97734919
90789513
97842103
94576392
97824027
97695591
97791611
97876396
93881418
97615474
97942104
97792435
97875708
97845444
89365209
98034629
97891174
97595591
97778386
97721339
97994526
97279509
97870617
97455042
95650423
97963151
98153414
97672807
97828290
94959808
97505145
91191120
97855839
98060887
97736243
97580224
98108733
97897989
97821605
98035003
97650989
93442749
99789848
101946966
100479518
100630180
99801017
86418026
100170546
99708864
99789919
100182210
99937841
100031676
90682786
99891773
99859680
99565856
99924544
99552616
100043250
96985227
99738672
99952173
99403940
99945993
99925746
99982993
99932224
99969386
99791275
97181836
99964571
100358315
99264102
99987354
99924754
91796053
100220865
100376064
99868218
96800892
99930307
100484722
86657793
99712096
100078422
99815481
100099943
99772019
99950942
96040106
100113471
98100645
100152246
102433147
102265684
102558256
102560415
103094400
102910130
101293269
102617286
103744102
102653294
102239452
102884847
102130179
97736106
100023663
99993187
94249694
99942361
96884421
91526961
99959778
100118183
99646717
100170340
100524657
100128759
97183012
100210879
100305185
100269945
97014939
100621419
100265962
97989491
102116746
99789230
96228156
100015433
102241378
93910895
99970153
99869172
99688790
100269822
99671880
99962243
97870733
99998660
100646125
85086592
100024033
100148427
99955563
99794134
99797530
99859734
93385026
100014741
100090430
99777917
99551669
99846568
99637327
99911854
99917546
100018884
95975561
99965001
97810663
100118624
99630769
100185723
100149065
90794534
99992125
100049707
95865297
