797416576
669011748
96903902
90158076
95636803
96618183
82948527
97190541
92239207
93028043
97062388
96697627
97074519
98245797
96758446
89198183
89373640
96753920
96327869
89387032
97086280
96898804
97364389
97032099
97093959
96801229
89837664
97026142
95238079
96818929
96884031
96660536
97099060
96989499
96973380
96951170
89575969
97191676
96083630
96692976
97086384
96746322
88418551
97261564
94012222
96877083
82438661
97153311
92249477
82389923
97998751
97872616
97283059
97460534
97273094
96945131
85719256
97826996
96941836
97098637
96880889
97843997
97430132
97320517
97496121
96739500
86189040
97467356
96062405
99086798
97044070
96962533
97448333
96870692
97814783
97025622
88025886
97054916
96003843
90010108
97238491
97246692
97035329
97368868
97485828
96698397
82641965
96940878
95251040
96634487
96934706
96656906
96912939
96880324
97118385
96760193
88118896
96685803
94742602
96759880
97029744
96824411
96721153
97220138
97765847
96687859
94753414
97525500
96173984
87327407
97196348
97411218
97582091
97031925
97408602
97139906
92683660
97006000
96105603
96959132
97152588
96948511
97007574
92761102
97102701
96541567
84997147
96588375
97847792
93789030
96970074
96935001
97229750
94529908
97586695
96988114
88435260
96573478
92958653
90313365
97760866
97630015
97321062
96843300
97007745
96344895
78802424
96770534
92204820
96903996
97007890
97871309
97007511
97173151
96999137
96724073
83011104
96822402
96404170
96602436
96592901
96749289
97315708
90839994
96711883
96786308
86302613
96851695
95222695
91640723
96572379
96539701
96696387
96415309
96598223
96816656
77098175
96751825
95197836
96719707
97404624
96749779
93734977
96904391
97245747
96951114
86203679
96970218
95996869
93117763
97023302
96737773
97403129
82682612
97545091
96439473
89167163
96924762
95831736
86395370
99124578
97012413
96957001
97374558
97231689
96614203
84548010
97126143
93200543
96938067
95525936
96978477
97101934
96966318
96998056
96933950
83363916
97132183
95893452
96979711
97139388
96611962
97123575
97177692
90900029
96732322
85167949
96705930
97062525
88787121
97647696
97102765
96753163
97334663
97098665
96746260
85262505
97185234
94724380
96987316
97010738
97082714
97232943
97122734
97201133
97037014
80332947
97536055
94209952
96368725
96563579
96799035
96976671
96834297
96970504
97809932
84790118
99479986
97176945
92403626
96465214
96543404
96650138
96959281
97364457
96928547
91807498
96523117
95601743
96519281
96380287
96601775
96911469
96486737
96749021
96455010
82634855
96703359
94568024
96657848
96561562
97098336
96953459
96900665
97147350
96606482
82624702
96616409
96443493
96344055
97076912
96946622
96545942
96912782
96869087
96897572
92181025
98679293
89628034
98879630
