901301843
550018394
93024413
92095795
96352829
96772361
103490038
97216741
83353218
97152912
97443378
97740467
97009830
97319064
96954046
96469045
93701508
96910249
83102162
97171035
96977595
96302564
99810565
97139037
97032524
96893944
97359968
97253845
89597675
96657586
96368984
96482765
100419359
97227377
96264237
96093645
97034819
96179804
88572393
96454978
96876986
96903563
96636321
96480334
96280322
96262508
96193565
98894845
79117882
99078575
99599044
98919018
98901403
102086040
97066464
98953258
99399763
99050100
81432274
99014050
99415548
99092683
98996489
99020424
99054407
100433626
102940012
102807383
87765740
103284754
100712762
102945978
102475814
102668568
103010826
91438635
100849327
98844444
85218745
100545325
99979492
99859447
100046370
99620565
99726204
99578999
99645563
100453267
80029409
100670685
100455783
100980209
100851852
101162227
100207188
100205683
101320052
100872227
86931396
100983198
100816524
99681030
100958990
101424225
99722042
99704640
100007925
100404456
86926286
100184236
101035479
99876449
99924244
100703576
100110581
100241031
100637473
100081406
85011229
99870590
100739524
99559537
100379618
99675132
95225265
100328349
100609126
99685410
78187348
101004292
100296270
99938489
100199092
99410249
99945384
99761457
99494853
99371905
85951424
100079927
99612714
99662253
100795155
99770603
100032767
99266532
100203641
99822436
86783409
99982577
100394871
100273773
99805849
100952555
100577385
100245925
100335316
100539693
92309051
100527941
99874141
99632616
100642619
99956389
99839354
99729555
99778526
97369524
87710760
100571413
100129003
99679953
100594194
102521086
99797928
99629848
100511247
100172917
84438796
99582136
100922653
99696175
100558571
99327257
99526721
100185305
100796695
99795037
93489438
99953388
100790132
100235276
100709969
99460062
100215737
99881406
85742915
99672204
88420690
99750007
100259644
100175710
103470754
102556767
102433402
102981683
101085571
100037551
81261798
99757526
100934652
100069533
100633816
100707820
100031240
99430133
100130688
99776607
83808692
99874112
101048377
99674470
100525624
100620938
100418446
100053725
100388013
99939805
82970717
100120336
100272063
101058188
100339493
100052055
100130490
99697394
99756201
100151585
88431883
100029357
100000475
100268022
101378911
100602011
100410547
99688218
100064011
100487177
87732301
100974779
100124762
100642924
99839051
99689210
100076434
99345181
99655100
104923834
85221212
100500307
100527117
99719031
93207373
100088160
99830376
100701962
99652245
100219270
78705570
99791360
100641120
99535709
100202874
99622924
100053071
100335725
100366619
99671973
95603361
99577143
100340059
100182858
100131499
99983919
100545741
100211611
99693552
97059052
94069400
99612855
100123411
99753178
100398851
100102329
101214599
99962405
99946415
100929539
95670659
100222512
