249618387
124424988
83214418
76345128
67697212
67129924
67575653
67265283
67988176
68152104
67890515
67637541
67280246
68665977
67659177
68557899
67413981
67253768
68102035
73927629
68385996
67631057
67967556
68005523
67530421
67378441
67491900
67189971
67956388
67792264
68875571
67454834
67715506
67394485
73785867
69633946
68045704
67812045
72691648
67725533
67522927
67890992
67580538
67860301
67845521
67594239
67478012
67759794
67802776
67137023
67701830
67647689
67873120
68045241
73824694
67814378
67694839
67937851
72203871
67961363
67388967
68081673
68019860
68759052
67679525
67930374
67373729
67326967
67540836
72933275
68017962
68060309
67752363
67672483
67694490
67717378
67529890
67339272
67750426
68066942
68080921
68075820
67568853
67529258
67266241
67522389
72942047
67945505
67491510
68087388
67939569
67489154
68026107
67470693
68095540
68019052
68111916
68025929
67456182
68143773
67613049
67986644
67710809
68155160
68004059
67552970
67639223
67169901
92965131
67345977
67651740
67478196
68420175
68206376
69195511
67089543
68167090
67395241
67666613
67394605
67429945
67418690
72567133
68167783
72762155
67699906
67647078
67371111
67388611
67989602
67943809
67526108
68176865
67987512
73162566
67516453
67540589
67739467
67387476
73445929
67693009
68159467
67811649
67303484
68167513
67027521
66975826
66854417
67830408
67180246
68218010
67275757
67783258
67237771
67743873
67016521
67180625
67429924
67990175
67401053
67149555
67476678
67259916
67531989
67737713
67059825
67974437
66924880
67670302
67263034
67236043
72880903
67959839
67454624
67946883
67324337
67859021
67796525
67221038
67472711
67992063
73645563
67010518
68759644
67518196
72578158
67598675
67951717
67766501
67236284
68472823
66938439
67072945
67292089
67558071
67162370
67202304
68016338
67653918
67640433
67360950
67264264
68468758
67260830
67090704
72332600
67650372
67313745
67606765
67102664
67156858
67311189
67260510
67203841
67061902
67084941
67371508
67163744
67106061
67510797
67506638
74221479
67342818
67716241
68577220
68326674
67166032
67284128
65867840
73018495
67280441
67285112
67341099
72875193
67319213
67293337
67154648
66968474
67965363
67350032
68292924
67198784
67496020
67198101
67725199
68608168
68146282
67220747
67419476
67155226
67314631
66877977
67296592
67280232
67135455
75619253
67309712
67440177
72485651
79413121
67150579
67051001
67207816
67385225
66365392
67355847
67298568
73354876
66937008
67707670
67141429
67238574
67650868
67829383
67342531
67729314
67657838
66974226
67602242
67061508
67846316
67370210
67433385
67095751
67188989
67168141
67121483
67737115
67530532
67262813
67567529
67741552
67541918
67425097
66893358
67691448
67374032
67524162
67031021
67322939
