313240987
193330740
115655858
96889042
108292376
123993910
103557725
97560236
96684568
96913584
96019143
95672889
96782276
97278088
96495120
95462840
96050663
95401179
96024802
95529107
97339017
95259330
96929907
97360431
96923258
96827125
96704816
95782310
108089678
124913797
113926366
95873812
95315819
91785961
96324718
95211360
95190405
107469347
102873424
92224758
95559191
96454274
96685630
96841879
96804007
98159400
97027473
95164330
95606166
94384385
94550891
95080358
95277438
95238734
95322216
96220278
95874786
96258695
95795237
93581029
95319014
95232877
95695458
95586137
95351211
95253072
95574519
95376744
95629043
93820851
95284660
95948912
96651095
96618684
97109566
96815927
97135654
96838352
96895661
95510208
96620524
96648134
96544825
96721970
96298848
96957650
97545230
97985627
96632942
92361129
95664620
95365459
95336989
95322982
95663311
95940266
95740997
97265021
97335674
97365646
99417162
99063486
99409753
99108835
98530233
99011706
99514923
100517611
99501019
98241990
99098641
99387625
106659664
99230704
99122476
99239728
99144112
98906821
98517654
103851152
96500331
95741222
95078437
95209248
95595457
95307214
95210311
95004527
95774670
95361275
95531499
95450374
95085000
96155621
93547162
95100300
95904715
95982573
95797433
94038952
96825318
96552394
96409070
96504273
96161414
96252620
95737581
96351478
98531741
95428795
104519393
97204340
96241186
96980687
89868549
96931296
96378331
96820966
98141275
97852640
97355622
97473387
96926095
97195719
96613176
96959470
96820987
97971644
97926903
93429734
97284753
98179226
97468825
96716532
96271251
96315435
97367870
96707338
95275147
98566550
99262943
99368674
99540227
99149049
99015737
99405033
99667789
99243435
99651374
97579482
99344753
98733796
98028994
98236835
98334896
98191203
97928332
98255216
98036787
96953332
95940314
95556751
95365478
97878135
98225654
97707313
98402926
98457412
98470803
93987036
95562100
95572937
95668206
96013599
95533994
97955972
98076952
98550879
98391761
99033002
97114847
96998245
96639380
97083873
97207576
94339625
96878481
97279793
96545489
97128233
96521324
96974189
96669087
96481560
96710395
96787524
97138005
97255307
96530783
95742730
98189399
81349348
97834012
97342140
93105588
97827651
97463119
97593376
97960525
97764999
96270803
97840040
98174830
98126699
98102897
86715441
98273517
100098471
98478731
98921641
98248838
97772133
98055491
97854191
97630590
97702955
97846016
97120181
100200974
98211611
98021889
97822224
97707658
97393865
97816338
94712605
98075776
98419856
97429492
97799109
97239024
97850879
97700797
97412081
97378145
97782496
97317778
97296624
98059483
97029014
97857923
97899922
97621385
97471735
97116195
97593129
98064766
98266664
95522616
96397883
