580134836
466774283
102071793
93564065
97775749
117548275
101658201
100201984
102030051
98170224
97891465
98887627
97531309
97467498
97757030
100454772
100414372
100630183
100353333
100041226
80103320
98880597
94838945
97605319
97647323
97490588
97891867
97683952
97484749
101454935
87904148
97477469
97621865
97791164
98826814
98002606
97683828
97700550
97671402
97740182
92780614
97743706
97598055
97550962
97735753
97532842
97525666
94354488
100706884
100228249
87585682
98333904
97538502
97710028
97710121
97953475
97743198
97518336
97570684
97486475
82002653
97281304
97194428
97848511
97553860
97642345
97641652
97591029
97318315
97831976
91005336
97442357
97699068
97341929
97767553
97562163
97469034
97279856
97698154
97114374
93422513
97164300
97438875
97537952
97112144
97592644
97509935
97390634
96983782
97562573
91008624
97418940
96676417
99278950
97541026
97272241
97453552
98018779
97483351
97570104
89829251
97569153
93870610
97654857
97469965
97902942
97455043
98395199
97302066
97685679
89907854
97474407
98406096
93665670
97619647
97285475
97272456
97091828
97154975
98250173
86438479
97145737
97431057
97327139
97290623
97230981
97845626
97355152
97468946
97351987
86811370
97236239
97577377
97285044
97638753
97946615
97711695
97367214
98739835
97881732
93552122
97228279
97006603
97422737
97626809
97055432
97348566
97590389
97541252
98264059
90517188
97545685
96889362
97328770
97339091
97125355
97361821
96996209
98411366
97537784
93349334
97218172
97675433
97852901
97435310
97647754
97718934
97515425
83113317
97407478
97568494
93836178
97374652
97429202
97414400
97687686
97572821
97552270
97553160
97270492
97265137
97223430
97331655
97378004
97319234
97048364
97931701
97868100
97467646
97535706
98078487
100251979
97452225
97788338
97301351
97237902
97505563
94045136
97243178
97848443
85292898
79537647
97211060
97301125
97380776
97205786
98090854
97346520
99611393
97307340
97020132
97354679
97025776
97331578
97446162
97406369
97500227
97805562
97325876
97339226
94722286
97664403
97414505
97296148
97711243
97672655
97539533
97716941
101369771
97424128
94069585
97246851
97457717
97407505
97426510
97764487
97415653
97266693
98352963
98115113
97158621
97759048
97286051
97137535
97060467
97191073
97374761
97171314
97410062
97343868
93944737
97485637
97337430
97800904
97943025
97376266
97566697
99695039
97128803
97453660
87455869
98205353
97375181
97136789
97473941
97401536
97507519
97265986
97615035
97468813
95535968
97544131
97329679
98110755
97861544
98063917
98064366
97600562
97955539
100123184
97265967
100260751
100243002
100043088
100197239
101007320
97292438
97531749
97260258
90913260
93246795
94209723
97718084
96953942
97690019
97244366
97605370
97264668
97889782
97568123
