230980978
121389869
92080802
75931463
77822738
68308848
68395330
68444396
68545822
68441527
68350865
68289879
78390595
68811768
72762381
68553014
68433856
79949757
68289102
68230319
68342816
68264217
68331840
68472932
68430971
68421765
69185901
72771360
68362675
68218214
68326419
73278080
68340141
68176218
69787787
69722791
69599443
69748574
69858011
70610887
70417228
69874538
69388236
70232627
69900871
69760751
70354111
70312147
69511540
69682627
69989505
69710539
70285709
69822881
78772783
70869583
69732764
74655088
70127655
75291032
69968492
69871272
75148955
69665554
69382565
70105809
70378583
69703289
75457011
69752518
70074594
75471710
69963910
70327331
81759251
69881641
70111370
81645342
70213338
70164123
70250597
70220902
70292650
70217113
70001206
70285717
70287610
63366079
70171121
70064799
70033656
70006474
69965575
70135841
75071672
70031459
70220853
70020431
69903102
69712234
75254389
73736085
70069547
74571743
74275696
70075246
75490243
70243501
69922112
69848876
69863162
69914248
70161865
74741744
69853144
70050535
70034122
78766382
69844071
70051228
70166893
69922702
70229683
69808621
71906680
70314815
69985826
69891815
69900702
69975631
69370689
70137316
69921247
69813044
69621635
69878348
75356067
69301977
70033471
75329418
85585573
70018711
70146831
71454456
70591570
70054357
70166507
74792196
70133614
70166288
69954329
70078011
69989335
69776543
81690047
70110078
70556122
69879156
70010222
69762936
70203140
70213891
70028496
69803824
70651940
69870949
69389605
69843167
69598411
69813874
69542371
69941137
73731085
74970840
75168721
69586562
69537173
76294813
61179147
69550812
74958622
69929349
70159668
69560401
77495883
72383568
72262922
72181626
77849455
71656021
72005451
75134237
74196016
74564348
76578072
74735479
74765152
79632010
74151742
74620536
74627081
74399511
74262253
75144960
84014090
74106390
74520522
77748144
74611249
74768489
74096731
74529251
73912186
74296656
74693074
73714376
74054879
74155282
74095194
74532236
74163881
73914897
85520618
74285000
79798496
75183139
75218263
75459200
75629385
74303393
74157770
74405346
74724098
74415121
74219272
74548182
74331981
79075454
74439675
74006611
74541170
74126359
74398633
74333270
85164107
74739087
74388365
73977335
74876906
74411277
73917100
74376621
79586795
74237418
74808710
74202608
74670422
79655339
74305279
74256660
74353507
75078083
74352511
74487998
86452078
74286397
74109766
90179201
74674255
74251926
75100476
74599111
74794565
74540811
74361455
74677251
74180516
74630233
74448881
74742789
74503121
74507209
74722801
74447814
87347775
74384785
74443931
74293863
74037771
74413099
74714911
74535217
74555850
74742460
78244233
74408976
74280682
77339256
74433138
74299786
