249492267
121722919
84641348
78387393
66322979
66691514
67318268
67017032
67103301
72046788
67712428
67105966
67382049
67197596
67352041
67157565
67368436
67414703
66938699
67034762
76469486
67108759
67381541
66956739
67177953
67176690
67123514
66885210
71620339
68002592
68067698
68006452
68146903
68254110
68072494
68228374
68217838
68240965
67027516
63991298
67222175
67238087
67211735
73202692
74151370
59893555
68562767
68331043
68153575
68282984
68145932
68312198
68156133
68290499
68361280
67544678
67249392
67406489
67156866
67338632
67386572
67175012
67075931
67459214
76574306
67404882
67166828
67678328
67285846
67082387
67092097
67197732
67395841
67043572
67679074
67317177
67001943
85476486
66903864
67204131
67386529
67342322
67146762
67179677
67084444
67298029
67058932
67438168
67268888
67263752
67183608
67575940
68442846
68243144
68220326
68213640
68233404
67380462
68003029
68159835
68758914
68318299
68151113
67947028
68293535
68481805
68466064
73280041
77449477
68424363
68208059
68476933
68668248
68658499
69415729
68768168
68331838
68199685
68381361
68369141
68440842
68521513
68957712
68021259
68266651
68450072
68168240
78478093
68301286
68609558
68525082
68378885
68164798
68013312
68537734
68390119
80992295
67434500
68578521
67302777
67370926
69448024
67128292
67807350
68293280
67146353
67275414
67339411
67468429
82288765
67318107
67306962
67384387
67414719
67236218
67212911
67156087
77511571
67622625
73997957
66953800
73076623
67318325
67382710
67022980
73581616
67169072
72233515
67319082
67311893
67496623
67254550
67406098
67651914
67475916
67899987
67746004
67306037
67502923
67438368
67236026
68530439
67576748
67337495
67306616
68045364
67310603
67516392
67770915
67713727
67387252
68202207
67198112
66834095
67523576
67286247
73637791
67208305
67320875
67499478
67609596
67410299
67258476
67381187
67400105
67483913
67443191
78451895
67343246
67290395
67336696
67356902
67439164
67527753
67428965
67177981
67214910
67344186
67165799
67913405
73016229
67366124
67198213
67174499
67450814
67262830
67102496
66525188
67381390
67137925
67154717
67365848
67659520
67866154
67349972
67241174
67195519
71939203
67353784
67451326
67511050
67380372
67510906
67686340
67334709
67144617
67404170
67485459
67460714
67801941
67437196
67328213
67389229
67338103
67503256
67307156
67322250
67231212
67628814
67542192
67329533
67275322
67600457
67531472
68247240
67435856
67715724
67326029
67370283
68516728
105923264
67469356
67728956
67296915
67181861
67551050
67131814
67218625
67335464
67206328
67454373
67167771
67869533
67379204
67246497
67169485
67375502
67114031
67640668
67116738
67152317
67557908
66996596
67159518
67129835
67068381
67318990
77190619
67520798
67083892
