237498175
133290726
91266098
81305158
66718831
67953255
72956221
67974961
76550720
67911569
67679422
67574734
67832833
68414830
67986701
67887861
67781979
68338749
68107681
67739694
67706234
67782880
67746379
67915426
67840888
67840855
83232305
67947839
67745373
67815014
67802469
67642321
68242774
67909861
67736250
67816741
74049052
67797241
67910827
67952661
77279850
67751477
68079305
67806380
68010225
67818759
74333787
68041581
67810243
67769718
67828827
67530469
67922720
67888206
67942222
67672048
74589577
67939386
67595145
67707417
67900029
67471999
67982299
63536309
67666871
67554507
76312306
67785611
67453294
67651684
67802932
67326071
67693390
67440036
67390564
67539451
71961889
67476405
67442781
67515356
67694184
67565143
67002398
67800462
67590927
73199233
77765333
67537139
67419866
67607291
67710636
67248576
67735725
67748715
67559397
67733091
75524871
67202241
64908997
67868647
68563111
67783018
67745308
67617147
67490290
67589879
72407063
82717568
67349213
67149120
67600698
67536908
67394811
66980460
67214735
67596799
80207289
92732310
67636750
67740175
67427699
67120595
67533129
67540230
67279522
67639079
70030610
73087308
67553262
67733703
67666001
67864787
67625601
71600626
67527055
72793923
87320804
67883614
67753266
68173521
67843090
67731741
67492961
67348791
67151349
67607645
64949177
67626171
67749121
67306230
67466822
67765732
73228917
72895267
67474364
67337285
67697712
68246222
67300025
67596942
67879382
67447897
67432109
67904264
67453379
67696223
72104509
69410709
69386882
69205537
69735014
69377290
69276264
69427446
69071357
69442746
87219992
74902798
69725224
69577194
69209299
69352576
69442772
69050224
69317909
69450124
78950103
69306772
69123356
69129909
69410269
69243294
69377865
69408855
69262109
69409775
71812188
69402362
69444604
69632017
69387944
69133537
69334592
69538640
69286125
69467368
73689404
69147735
69153578
69434914
69809253
69237835
69216691
69447116
69590950
69065534
72065039
69608669
69503822
69549738
69373637
69724272
74698288
69624859
69624506
69265825
72335630
69329795
69470682
69599384
69622925
69498240
69501592
69563879
69425722
69612233
73533156
69375186
69730467
69494484
69656639
69737604
69680743
69716999
69270839
69361155
71332993
69351740
69370898
69411024
69488391
69937928
69414958
69397914
69784501
69486367
84516585
69331077
68757924
69414566
69154233
69407646
69431852
69267870
69400087
69098596
71841308
69198864
74335475
69422114
70514530
69500382
69505321
69287215
70281363
69351793
77478349
69668313
69586231
69897135
69412474
69370034
69725843
69626001
69377304
76351766
69476153
69386219
69443495
69515903
69577169
69487461
69755378
69457218
69382448
69014757
90213552
69684179
72300043
69449392
