623096103
488266348
91358363
87340328
95315613
100521423
100625211
98858007
101508273
81884085
97706077
94416637
93669574
97360943
97811191
100453408
100296868
101684877
100649174
93290837
100007497
98420357
100247287
97413618
97953766
97869545
98095528
97961384
97340916
86289381
94775391
98058730
94966741
97447164
97610851
99051795
97207797
97584835
97947741
82410160
97532636
96017710
85814776
97462052
97632765
97811094
97837646
97960078
97354758
86770326
97390130
94461985
97675585
97335435
97131689
97648170
97642431
98142658
97431027
78862059
97594946
98490747
97945308
97909077
97655343
97851099
97977881
98293871
97970689
85784674
97906263
97128186
93669511
99904556
99959388
99375291
99575541
99932611
99381444
87849698
99574276
98777639
100201383
99860038
99862924
99600785
99546168
99694801
99554902
88100486
99447166
99943048
99672694
99924727
99364034
99592552
99208230
100019770
99127451
84409148
99433929
100612790
90569365
99242303
99515414
99334917
99544650
99288662
99414258
82801539
99788522
100299699
99166683
99647169
99443252
100070725
95934465
99727542
99388567
90838440
99675735
102790368
102941436
102887525
103272464
103583206
102604159
103270757
102726854
97071632
89191188
101963301
97508480
102769090
103026236
103044970
102979943
103450701
103133130
90272844
102591023
100875419
102979177
102971755
102895189
102768992
103625611
103532858
104952171
82981961
103223905
102917372
103418545
103414861
103289719
102790175
103550643
103332629
103714687
93129812
94779791
100919878
94852806
103053740
103147852
102990703
97152927
103751975
103111900
92634171
103093861
101323205
103283452
103321022
102666976
102936593
103371310
103688879
103038031
98454073
103056981
105087901
103056268
103009495
103289528
104258669
102847797
102756436
103195174
97456219
102781239
99192291
93844530
102284379
102973452
102891336
103515506
103693791
103505294
100478811
103113359
102799121
103102744
103294691
102996057
103498952
103716108
106408027
106396340
109934142
103508599
104732561
102694792
103308372
103133502
103080828
103516157
103306719
103364000
88041963
103646181
99571880
89663010
106515405
106664134
107072983
106724969
105987519
106608514
98220454
106359695
98123250
104227887
103544474
103503072
103282049
103427718
103274335
103021937
91536669
103489500
102373851
103169812
103432714
103081544
103452556
103012850
102848677
102892334
91395258
103004652
81246273
82985135
103001860
103096281
103205376
103765050
100923218
103286963
91723431
102822890
100331494
103678420
103327819
105894280
105912188
106275514
104283696
103457879
98812913
103479536
101585797
103278005
107432847
105489521
103084688
102945850
103327341
102583821
99412136
103057945
88784202
101331047
103478715
104275681
104282950
103151065
103768407
103015848
83466852
104919139
102070127
126021508
103930851
103751592
103270076
103064272
103076818
102844970
99091735
