233596913
124816094
91927755
82727335
76188420
72825705
74370549
77803161
72673257
75755061
72851935
72596692
72372632
71664579
72115888
72912456
72490875
71591488
72712512
75722085
71543733
71495563
72669822
78016780
76796529
72471744
72391588
72322878
70737815
76695930
72665875
75569690
72498674
72227038
76958514
77720355
72743786
75651808
72812256
75604591
70912216
75807381
70299716
70678619
74614648
70838602
71317672
70520814
74710111
75029237
70755509
75916813
70791234
79492873
75270372
70928743
70594083
70891395
85334209
76726118
72122220
71103908
70894541
70565889
75456868
70964865
78830923
76401032
76221465
75392947
71167326
71424953
70955595
70898489
81448699
75360619
70747486
76436688
71123183
79067025
75173801
69544536
70947262
76353658
74788148
74682683
75181601
75457281
74382636
76019797
75365896
70462165
70770761
74885862
75937571
80268379
70966224
75269651
75106450
74858984
71137859
74501650
71553355
70897684
75228874
75452193
70721932
71353034
74875137
75499987
74968741
75221864
71033791
75371402
75643015
74851304
70490727
70570095
70824568
78177038
75062283
74953805
70846835
75124979
79436613
74955507
91040600
77147498
74585812
80699327
79816220
74090035
74980490
74424732
77048604
74596796
84234824
70925988
82140879
75493785
75697534
74983133
80216900
75526307
76355773
75136624
74890854
71023896
75183191
87120862
70539081
74518267
71478841
73973226
78822155
70659238
72855214
73884034
78354706
78035370
75434829
72173221
72838744
75689749
80520267
72234066
72064149
72117096
72658750
78211117
72030266
72287064
72735969
70783317
77441073
72260899
72388623
72420051
72874870
91713791
72671768
72599225
78480079
72485786
77235753
72576662
77532142
72272368
72728709
77887131
72301503
76280172
72085899
72522468
86407094
72250936
72799638
76170980
72809721
77367848
77951418
73708471
77490703
78377151
82776706
78034932
77835970
79102616
77747662
82821527
73661974
73390218
72732273
72258738
81101469
72336882
72394133
78476900
76064701
75279422
72433413
71824519
72995546
72734857
78629352
72613354
72168475
72138718
72082331
77863803
72623638
72835702
72478776
73048580
75733235
72497743
73221501
76775597
76760579
82589431
72728966
72132817
72427341
72487183
87572323
74590551
78414787
76950867
72366275
79570785
71853218
77665229
72847586
77477897
85007578
71714160
76474442
72128687
73159564
79434556
76509313
78257989
76200582
72190081
86992512
76587764
76419609
76781919
75849191
90245643
72312878
72094212
72443897
72470027
77706383
72244904
72376808
91712435
81503269
85384843
73641245
73278569
79298923
72446786
77940604
72270161
77389774
78382001
73313002
83974448
76912619
85847751
72741130
76800719
85177884
72881497
72517864
76923116
77580151
80431605
