687700426
859824614
90945343
88317557
92649578
100272899
98866324
99212902
104059192
98903782
100177753
98903107
99393994
99081476
100228629
95546185
98882742
99077652
99127842
99338517
99030180
99140141
99341662
99000865
98839661
90316890
98757016
99377067
98696567
98712280
98732618
99544649
98918084
98672625
98985828
94780946
99777861
98625567
98766706
98659420
99789533
99066429
98600878
99084259
96062162
92758736
98977452
99759134
98654850
103831529
101442635
102133557
101648353
101932862
102473583
81463263
99484338
99867343
98892469
98802992
98680443
99743344
98838768
99435121
98862089
98897355
99210505
98615476
100380358
99716464
101641275
99053617
99123131
99169701
99765784
92250582
99273602
98977351
99205562
104450154
104614886
104071055
102319005
101807943
100787401
91297373
102102290
98460162
101821085
101072057
102403876
98957458
101757931
102639317
97675845
94641888
98565371
99724568
98783716
99006114
99356582
99233702
99254553
99444694
99198687
99142436
98816598
98744101
99199051
99196038
98906383
98971438
99470959
100407834
99157629
92083125
100496811
93951315
100934791
101421735
100627749
89182318
100402150
101373210
100307597
98872305
100866328
100365339
100656622
100971604
123987946
103766584
100420794
101212836
100625410
89512473
100911540
100084583
100269532
101400672
101130119
101107215
100432886
100708376
100553901
94797746
100378300
100434091
100301784
100852485
101319324
100709738
100920801
100601032
100651746
92288525
100966651
100444334
100610157
100573255
100448162
100794667
100376999
101336588
100515477
99180332
101052391
104679755
103269527
103715497
103749863
104090935
101800058
101303280
100231488
98330264
100540533
100527085
100343859
101809677
101683492
100744786
100484237
101332749
100532455
94365128
99915084
101210848
100789963
100735016
100965463
100688674
100823807
100215678
100103818
97886500
101022172
100465191
101068665
103225024
101448608
100942275
100631733
100822577
100919757
99695061
100383746
100281337
100600522
102045180
100281192
100448287
100195386
100678537
97159837
91860485
100289555
100263230
100548168
102041096
100209771
100302160
94008023
101825010
100294867
98219992
101233248
100917139
101801136
100947149
100431636
100825125
100524960
100934009
100442744
93275797
100533107
100575002
96891185
92328851
101156217
99926226
100270537
100498081
100308170
90642063
100404711
100504038
100374178
101278405
100174937
100322599
100305614
100389528
100672318
98788325
100432101
102546492
100608147
101435804
100007218
99993552
100187573
100385254
100187281
94735571
99912410
100139821
100153655
103035526
103549228
98402433
89410493
100175649
100432765
94874832
101252176
100822125
100876026
100368006
100051781
100516569
100655694
100551597
100538380
104127767
101340577
100616373
100971925
100925208
100526748
100543403
100679297
100315934
100369244
95857995
100803821
100264562
100502173
101470280
