697161225
647687612
98585073
93497636
94991405
106835719
86497575
101593373
98852527
93886826
100118382
100498940
99609331
99122783
99568596
99399446
87507732
99272774
99478361
100313719
99863814
99294387
99614076
96488761
99835927
99407508
98046719
99335562
95960085
99371064
99404351
99110721
99291299
92315925
99095358
98985369
94272618
99374509
97849659
91695615
99652011
99034236
99068978
99151816
98964092
99115444
85997940
101627347
100801203
102181928
102288784
101500614
101208549
101569657
101980600
101432619
91667946
101282765
98670562
101504901
101260434
101211468
101602278
100552569
101434737
101285646
94985882
98134160
100372251
98881244
101548169
101090943
101264786
101820664
101265611
101322502
93423195
101491203
102816436
101080991
101132553
101082075
101163286
100789813
101329664
101606329
83860366
101150758
104969791
101555565
103583686
101180863
101017775
98776443
101370020
101240402
94979911
101181509
197580048
99700221
101060337
101562098
101165764
101467893
101555299
101223821
87826077
101263868
98047461
101076860
103599608
101057308
101203887
101592249
101511975
96535548
89151246
101681221
99435234
101480215
101608534
101821780
101320380
101655462
101655160
101431572
87712066
101515207
102907125
87959295
102476888
100876256
101239111
101183690
101377715
101119808
84600848
101286665
103380760
101122999
101036540
100734422
101091388
100984002
101274517
107574927
79674761
101377460
99977529
101526909
101918195
100902793
101657277
101634779
101360223
101247869
97174259
101482347
99667310
101196518
101129047
101503282
101145411
102197205
101274115
101830729
85538251
101470071
103634006
101372469
101607601
101988227
101474651
101544582
101629053
101960738
101936674
101680847
100331638
101628434
101682759
101706913
102267097
101280255
90362821
101344595
102477339
101648877
99457132
107204808
102288252
102068407
101849617
101995268
102304885
101701706
96694592
102509603
99934706
101677834
102661546
102012922
101721278
101630860
102417563
101869241
84988008
102035672
100465918
102077214
101002953
102183512
101702579
101994802
102083084
102359258
89649539
103547983
102207977
87102137
103209789
104322822
103265438
103157204
103233715
103173240
87101220
102690491
109561469
104169822
104165032
103818431
103607760
103519522
103216742
101488430
81610323
103571826
102171388
104596324
103912585
102854630
103589216
103911206
103989112
103751107
96280851
103432896
102063695
89051359
103204820
103630169
103555805
103367728
103184865
103204690
101113194
105629262
103670447
102617872
103236439
103554051
103199787
103130388
103614034
103059189
94862617
103747048
101392422
103445415
103301514
102974673
103165029
103057216
103400703
103004096
82544314
103080982
102246894
89727041
103098225
103137902
102890696
103051910
103097699
102844671
99387624
100368636
99964412
105287777
104791354
104744948
104686118
104545918
104731155
107714758
104921831
107121060
105060896
107024313
