808349230
672267940
97875199
86769439
93519390
96690674
97349183
96619914
93306890
83177343
97489332
97533638
97460378
96352199
96323641
96417283
96041074
100592438
96156699
91053557
97280812
96735009
96284121
97300451
95969327
97105282
96235110
97782939
96394858
94455209
97057092
97241800
96920051
97324161
96142005
97672948
97096825
97047806
96752948
96535837
97073667
96316418
96179729
96450284
96071924
96371291
95985580
98282512
96970957
96446992
96651480
96241019
96401655
96492899
96442920
97189516
96577635
97257665
96230438
90225310
97249225
96283703
99213507
96515999
96260698
96406731
96401645
96604536
96469300
96291884
96117680
97338144
96356009
96598283
96377737
96339274
96956569
90350732
93089087
92564706
95987379
96701657
97139382
96425655
96192832
96931041
96792286
96337719
96864215
93496257
96688622
97272134
97410842
99476082
96642332
97395762
97121965
97032661
96846961
97158142
97106461
96461424
96418030
96997814
97456018
96608820
97319197
97423909
96623974
93971042
96289507
96341040
96571563
96977562
96581633
96621735
96321032
95996002
96312527
92460966
96541496
96216987
96718760
86913279
97109846
96276865
96491141
97009072
96580585
90191387
91353039
96928513
96400183
92901725
96580922
96475454
97165297
98106776
99511352
90836702
96973979
95997013
95980785
96614310
96497594
97138148
97934195
97144428
97077340
96518149
100953921
99152604
99761210
98251125
97361831
96691020
97150332
96155426
95996205
99981913
100042340
100083243
99168044
99355656
100073606
99194887
99329747
99703836
99479460
94661307
97449164
96480765
96677352
96665742
88300037
96446545
97543151
96530922
96571731
96422244
96405437
96305517
96872432
96437315
95943732
96420218
96965124
96337315
96087997
94157449
95994874
96329101
96226572
96235031
96226935
96976921
96175059
98694867
95835090
99573225
98237936
99092067
96751093
96712226
95998889
96157947
96004961
96037680
96371466
96334464
96896487
96157673
120138003
96578275
96783627
96787033
96184389
95876773
96742002
96475521
96055572
96169301
97097167
96592311
96951537
95535124
97925690
97276876
96401572
82329752
96765940
96147152
96474180
96685266
96966804
96161491
97959336
97070747
96937383
95265804
95992458
97307385
97530993
96419799
96776610
97039649
97291130
96072752
96162137
96842901
96124448
92280424
96240722
96496663
96454389
96404228
96382870
102557124
96226069
95646606
96193247
96235500
95900554
96469873
97234682
96080817
96352498
96170483
96349522
90514077
96503185
96528923
99647307
96245594
95917657
95920931
95885976
96054015
96048824
96235122
96179648
97039781
97999247
95894283
95594661
96111891
97746208
95602029
96053645
95874630
96143200
97687072
96309856
96035687
96086262
96042019
96678220
95606773
95555716
96306178
