221955053
130297777
86335290
71048471
68155359
68129318
68524857
68545498
71981626
68428187
70330383
68275831
68194786
68220503
68023962
67986285
68565387
68100786
82060385
68155137
67531646
70033419
68331143
72990851
68317191
68041885
68335644
68023044
71736799
67869939
67417046
72082194
67930322
68041220
67864705
68415203
67706270
68468275
71410435
68532536
70289810
68042180
67700589
68377117
73519911
68099544
68185198
67867797
68929291
68151289
67543449
88584076
68044036
68267990
68187978
73206223
67962544
68274746
85893933
68264224
67988820
68209358
68239362
68362607
68449876
68204364
68523657
68084717
85516247
67986059
69644313
69962388
69511758
69784246
69540728
69545683
69554854
69560959
76487934
70499040
70280140
64249593
69630034
70678200
69617669
69557077
69833127
69728838
73560493
69455391
70010116
69558446
69316778
69785334
69775965
69943382
69949844
68235114
94691284
69711906
71180740
72295483
72326802
72153145
77312350
72458363
72073493
72233698
88120279
72609730
71791040
72100873
72632179
72331349
72123265
72116006
72374188
72059396
73120402
71781822
70553534
71832701
77442020
72058372
71126588
72104277
72181633
72355401
86788808
72282776
71547771
73065593
72224247
71508343
71899377
71877743
71995728
64898173
77050603
72200358
72200938
79551318
72053570
71637495
71954335
71925294
71826739
71699534
81854173
71848707
71757267
71713351
89391540
71943462
72154352
72390536
71978601
72131277
82947502
72070671
70880227
71964935
77602660
71849376
71877722
71986844
71601945
72214696
74909094
72392383
71966865
89125958
74240875
74932193
74236359
67155797
74324200
74516136
76983997
76134658
83631813
76590850
77161246
77301834
76804868
77081526
77723197
77115170
78242743
77350809
76054532
76976120
76625587
76142790
76215030
77582396
76935397
76702599
82531431
76971253
77691161
88380123
77108484
88037848
76491518
77072113
77523389
76867921
85606382
77621926
76682599
76888892
77633812
97693604
82068762
75685796
76378154
73079271
86369257
72936924
73060611
72774478
73102254
72870444
72512979
73060997
72879725
73286782
84383728
73068293
80220557
70376764
72682951
72890696
72953753
72832459
72814230
72457179
87059305
72658065
72531595
73217715
74462710
74462366
74638091
74580890
74584686
75180438
92356298
115836071
76690158
75019271
84529386
72993720
80919058
73807386
73038306
72684164
92278375
72846416
72555136
77460893
73637807
72848440
72621200
72964060
73255225
73029089
83536678
73009875
72505579
78922499
72641645
88045371
72544915
77012644
73080491
72867289
75864257
72857411
72846412
73020502
73120551
72988862
73354756
72748927
72649244
72429257
73405520
77989431
76091954
80215160
72801491
72514981
72730414
66238096
73190041
72547512
81287527
73782994
