316716490
197150387
132875621
95844638
96448427
108430848
94728212
98139174
95607464
95075048
95257614
115925735
96637009
95383947
95801010
95993400
91612909
96246765
98245958
96076508
95250723
95826759
96213421
97531193
96824978
95564954
90613630
97541013
102891397
106401726
130515362
112865686
99795164
98793298
98645815
99058052
96404872
96999245
100585311
97401936
98871041
98140244
99156005
98441811
98865676
100876064
93992935
99978964
97460513
97343844
97157286
97615222
96828433
95362374
97792103
97612337
92556897
96612815
103351738
119528617
107448449
99592033
99718089
98720755
99166344
98546226
95712670
90922714
101644640
100678471
100695539
101106155
101101835
99291668
101462696
100226603
99905402
100454125
103144955
99505900
102476180
87671619
99457843
100000855
99109881
99467165
95391174
99475403
101328592
91289568
99362251
105842984
99725461
99202645
98834045
99756513
96110199
99411737
88549200
101634760
100028138
100572415
99483503
99610470
103421909
103394367
98785700
102423317
93840123
102361346
102364444
102628645
101850487
103617631
102575713
104663880
99045891
103064893
106543611
96216411
105370152
101026373
105633701
105440594
106138778
103886761
98995522
104427059
104747010
104641693
105570602
106056417
104625124
107534147
107786887
106416733
103468576
104254639
105735475
104587720
105147249
104997128
104903950
103357121
104190164
104005495
100625777
104867052
105055658
98707720
104222139
103140199
102764110
103554166
103501153
103964596
99351674
102550752
105042904
104457556
104118425
104148405
104216079
103283542
104416645
105778140
102171220
103783821
106741995
104651212
104090250
104504056
105111606
105115282
104394942
103141964
103622693
104237610
97991828
103321147
105740318
105674036
105049882
106094911
106163147
105446470
100044416
105331068
87499491
105274391
106885748
105310051
104139417
105140411
104696294
104794684
102101152
105652956
103144358
105278596
99474676
106837084
106360888
106550281
104519036
106618744
102046529
103771628
104125591
100237573
103238097
104368114
103692112
103808314
103659626
103726768
99098065
103347385
100759332
103782907
102788691
104756924
104045654
103212962
103913741
93616446
102548125
104977034
108357449
105206123
105094050
105149585
98558754
104411279
104963063
105573292
103118982
104163680
105205992
99867393
110495923
102272875
109255998
108524965
110415292
110592716
104357363
109485769
110064725
109079075
109815259
110021685
109594770
110776525
109308583
110498717
108159662
110431648
109491902
108053634
108206808
107996909
108923414
108264534
108203100
109136711
104639674
101981994
108603168
105564599
105145363
107425040
107678234
107148958
107953987
107663862
103441094
107959621
108689906
107244686
108203320
108337996
106979712
106880668
107323885
111222481
102469451
107930599
108952847
107096338
107811948
106912917
107176590
108271304
107162220
107305397
92197775
107108785
109457378
103290321
