321407089
197231223
98268963
96321925
101510313
96035198
95944290
96388110
95789904
95227903
95491643
95827335
95292751
95023300
95740122
95785772
95186731
95654049
95586522
93902515
95446897
94642799
92094438
95696901
94901637
94936141
94611289
96015553
95209858
137167048
141856984
115680392
98532823
100997503
99270272
105507268
101967956
103098730
102057407
101042317
102449201
102394093
100901637
100175026
99924695
100306718
92106918
100268528
100661116
100739659
98297473
100831176
99231951
100629032
100714002
100208455
100828873
100579364
100505467
107280235
97117388
97618273
87879790
96778196
97581773
97033931
95693546
100822252
98049469
96284934
96296410
95994826
96291773
96856425
96209749
96841138
98191900
98316589
100199072
96246381
86008589
95928888
95400755
99954901
101250089
99454537
98158228
99927177
99267726
99350583
96979467
103977020
93524167
99178117
98877497
97814868
97648277
98801185
99196169
95538648
98626690
97078510
95933387
96351047
97864070
96791156
96298813
96960417
95548971
92502601
96498636
96547784
95427969
96086860
97396348
99524098
97191084
95839386
97861616
94560567
102997819
100944653
98294618
100031032
100255176
102506017
100341983
101174273
100457453
97865362
100774759
100950817
101252146
99842556
100564294
98935100
97044500
99395163
101361730
96907097
99401450
99689435
97260864
99401402
98750222
98782751
99219289
99683767
99426817
94981785
99809110
99293584
89832585
100093335
99633641
98445289
98791210
99517456
99553860
97012025
99445354
97493773
99522432
98686020
98880808
99092834
98837213
93794123
98394437
97437147
98248593
98299754
98441782
98568318
98355491
98742485
98578160
98692220
98061315
99302809
99619193
99648834
92706345
99311210
98468273
98732000
99927104
100023143
99743304
96698345
99341154
100117280
100902305
99717074
99602952
100920990
99634007
99330220
97785403
96860440
100650514
99260621
94756434
99554826
99669763
99467781
99503228
99029075
99106325
99206961
100072276
100026079
84872781
98728127
98634625
98519893
98978147
98719759
99058629
99692962
100681256
100192791
100127308
100242959
100334729
100726269
100355051
99585608
100838429
99287201
99853985
100009722
100354754
100481718
100918362
99242720
99256866
98855510
99390436
99569549
100485309
99474781
90210898
97798187
100238612
98869513
98477824
99597345
98181310
97761992
100809677
99527639
100229176
100318810
100136516
99089505
103230393
103627507
102376559
97477799
100207486
107122020
100513241
103193299
102330033
101862344
102126356
102327448
102434539
100418609
101088291
108409061
95806961
101522816
103796963
102184653
102502120
102462459
102042734
101305950
101564586
102134650
101184748
101402049
101648627
101290048
101380287
101537966
99752093
99405477
101332716
101779414
101996113
101666843
101687096
101634123
101496304
101433999
101049174
100434709
