317443008
196431276
131091729
96776106
96388647
107528163
105073893
97743342
97056888
94993513
95090544
96815336
102649860
103099569
94211711
96834125
96453498
97252229
94827782
96720142
93087998
96237399
90108683
94210996
93801835
94040201
96319858
97601593
93739666
124796594
105191122
98011157
92467069
96413748
95443824
96607717
98209072
99321468
97959276
97673373
96328970
96042276
90427134
97634564
97074323
96825495
97266453
96119080
95915420
97451919
112457391
109890000
89396672
94412884
94817622
94520590
96300172
96758440
94916728
94686552
94943475
96984922
89767869
94891817
96575902
94564156
96510268
97798944
96071597
94220684
94881434
96353693
88968315
98235322
95535847
96927356
94920362
91850959
97810364
96140474
97560779
96645359
89682595
94889176
96577475
96864617
95189214
97362969
96482134
97700234
95710666
96191273
91036937
93659502
93627827
93463554
93201450
95318787
95718764
94300723
95525057
93693567
82235310
96788464
96431593
96613785
97842711
97565607
96924433
96767707
95455458
97223826
84358555
95017564
95490818
96597227
97200801
97471234
98635639
95661802
98712702
101822961
87768483
96680654
97467353
97101474
97306051
100577611
98978236
99189098
98731977
97297531
93013848
95730945
97047927
97371662
97289914
98117570
97676762
99269149
97564682
93994742
95457787
97213722
97488618
99273962
98244334
97477903
99180280
99059388
101110323
100367584
99347490
99138618
100393607
99335631
99887004
99252886
98989658
99652004
99279307
99437624
96477633
99162593
99307778
100391402
97451184
101356239
99037645
101223282
104186228
96788848
92818772
101085030
102088442
99074180
101156853
99278958
100501123
99184198
101156321
100159344
97769122
100090216
100034000
100696410
100109661
100539390
100100171
100618191
100413063
102210380
96766586
102433888
102268090
102237875
102416935
102117343
102174215
102278763
102816234
102270578
99170022
102728131
102154104
102690257
102281474
102271940
102604797
100123321
95275934
97161018
91553483
94807916
93192815
97152130
95981935
95391579
97061243
98102346
97019135
97636834
92065426
97613385
96909329
97466551
98853037
97263624
97460075
95717313
99751039
98686729
92721208
99039134
96913215
98340210
100817723
99314385
97227432
100914765
104946155
97480835
91269875
97839604
96791198
97839595
97043083
97023657
98150416
95327986
97674799
97585849
89641776
98099191
96055866
97357389
96076342
97842569
95336111
94205452
97640265
96823495
88391667
96346000
95437785
97287059
97261233
95837925
97002568
99012905
96687184
97412314
92006790
97407508
94959647
96957672
97493464
96709928
97721431
97012126
97644634
97922532
90834028
97241657
95652328
97608379
97240917
97323918
96608923
95617699
96493298
97236610
86892502
95642118
96662904
96997055
96505289
97365879
94527014
95378621
