668855099
572708901
99674925
90403399
94490445
98276661
96389399
99072920
99187070
89080725
90101198
98340026
98555104
100105503
98905120
100628197
96340619
96661657
96385145
96553405
93878619
97060184
99508063
84509716
97128301
101301064
96857330
95997409
96307039
96316538
96187411
96583652
97100522
96175801
95996520
99270807
96027413
96340942
96906268
95920188
100051881
97136867
97106744
96682476
97010929
96397467
96870575
95575425
97115428
95850720
95176780
95865052
100258828
88961620
96839991
100202458
97217190
96483293
96450471
95869527
96255166
96299102
93924136
98891178
99650307
102612622
99205742
98640784
99400918
98477438
100838392
96236843
97203713
96810711
97582346
100459800
96849499
97071169
96627663
96054486
94178849
95823882
97224909
91822410
96834230
99397272
96075594
96142304
96526256
95889417
85146962
96788062
96682122
95841437
96783047
100801206
95928361
96112623
97370376
95855339
93875551
96779500
98629538
217909255
95790749
100271698
95988247
95925709
95748182
95764276
94278770
96089741
103741945
90416077
99063694
99129505
99002003
98551695
98470871
98160855
92168959
99049332
99761288
98822786
99235978
102400228
99378950
98859091
98226481
97989250
98868052
98801212
101041557
98441502
98441779
100592842
98868541
98703955
98209742
98035125
100740749
98659671
99067281
94908191
99074738
99871262
146245567
99231429
99122127
99337700
100779642
101639496
102186425
107773176
99513486
103487299
98892062
98873384
99320478
98826589
96756986
99365223
103883088
99062405
99255098
103725382
99411907
99004077
99074385
99007618
98919050
99298956
102768832
96610891
101865188
104136020
98751314
98837470
98749782
98511049
95360154
98913949
100296681
99020630
99281692
102892603
99716963
99042174
99099690
98652513
99896089
105033752
104714963
103267556
101564277
105533590
101007383
101364046
101399273
101571798
100911279
102287412
100011901
93518749
99132039
97993554
99479144
98438182
99018119
99099540
97803398
98615999
98495028
99338120
99240623
103417093
98632919
95846287
98090337
99202481
101256566
98848037
98420867
99361094
98756516
102474035
99455240
99482085
98435351
98331990
95070666
98706154
100519677
98133910
98577908
99174845
98993237
98757343
98939678
101080972
94954397
89037854
99581066
98945284
98881694
99384621
99800331
99017645
99213242
99556132
92099009
99098516
99949016
98888046
99287944
98941734
98896722
100601127
98681390
98500893
94616772
99447515
99347790
90827874
101992020
99349164
98685364
98897858
98802468
99106529
101137990
104536187
105031498
107386924
105153721
104097390
103981203
103971805
104183855
105656926
95927909
104078396
104539973
104423253
104395346
104134393
105164021
104977435
101615287
101345672
96486217
101186293
101885768
95425335
101887128
101443419
101629821
99137103
101320357
101120321
