490565087
470573624
91113056
94238019
98223978
95802079
99876782
100390734
107423757
99601228
99723596
100701783
94480843
99764774
101798927
91644006
99817435
99673721
93078033
99732032
99957646
99540245
94707633
93370039
99415590
100408543
99892415
100002406
99252993
100191121
99593340
102642716
101550308
102253539
101690868
102667141
100426474
102479347
102697017
105349355
104981685
105265683
104566614
105568008
104346160
81915368
105348119
105466946
105080215
105037216
105720737
105892496
90241631
105821850
102529068
105758500
104853195
105173325
103371931
102673280
100581768
102720039
99224953
102546033
102677902
104861574
103908271
103647077
102725955
102783157
102715750
102699842
97515514
102317693
99314153
95407336
102675898
102939821
103022956
99305033
99710269
99624065
88980702
99654403
95146390
99872089
99613082
100613799
99751067
100271590
99649162
84454720
96674606
99644431
98576609
100072688
99757536
99783286
99798969
99745050
99602797
99373441
88876908
99918338
98207721
87459583
99549019
99903334
99671715
99171996
99295568
99855136
98096603
100413766
98166843
100574882
100318197
96576884
100756802
100385895
100637184
100047029
84523880
100427235
100527303
93536415
100392703
100516004
100078749
100186760
94883863
99884089
95196343
100399791
99706531
91212258
100527400
100422530
102235605
100647477
100508643
100124512
90577960
100349603
97142336
100092635
100527508
98261529
100627855
100500015
100672753
102602939
85018186
100361937
98584814
100933671
100088994
100203834
100932738
100744143
100580256
100392526
89973662
100153526
100436775
85137408
100511856
100079310
100181527
100046293
100312992
100177231
87243192
100256193
97199712
99734702
100281160
100034566
100259323
100263451
100604471
100427592
94252181
100392635
95701105
83489136
101026801
100491697
100160584
100261434
101105542
100197868
96860409
100737577
99218864
90418255
101755133
100112460
100327880
100778335
101036071
100497013
99076621
98042694
101014022
103652234
101275209
100618258
101943072
101503125
101152854
100736680
92596478
101249926
102275943
101983031
101084605
100597584
100562339
100924621
103319451
100739373
95890573
100471700
100245186
90019044
100433607
100897225
100965747
100851826
100782823
100362995
98064592
100521930
99737524
101209544
100699108
100612433
100942133
100761896
100570700
100516107
65744355
100617077
96131556
91286675
100473601
100891839
100310394
100187862
100912501
100282513
90088051
100280950
96564563
87255897
100467553
103756678
100630033
100484028
100615104
100530492
100187087
100722099
94199381
100575548
100514352
100716216
93734456
100404541
100815193
100649682
96656626
97825481
100414450
100337485
100356528
100260988
101258687
99962348
99997916
100275979
86210142
100258512
99202936
95640943
100369709
100302557
100251750
100131082
100142056
100335528
91609152
100339956
98814924
101265677
100282336
100087220
100255887
100222499
