319164999
199033397
139966093
97491902
96793037
97627518
87249917
95649086
94053767
97178984
95503678
95238472
96712655
96457293
96118277
95497180
90102912
96683823
95249911
92774155
99545453
99184614
98383021
98309268
98731763
98249288
88980113
96699463
95850188
122439963
129257218
110422767
97074582
85789158
99215036
99226424
89569059
97715656
95852315
99296614
96605227
98241899
98362702
110243960
103486666
96025061
92189706
99475756
97193794
92214868
99855170
100128789
99204467
99294551
99007524
99918671
89956315
98995912
94666207
110574211
106710195
99175094
98280196
97964817
97844676
98438747
92539042
99234250
97658706
100444984
99627235
100082584
98868415
97301527
99369615
99240913
93269497
99983169
98576188
93441013
100527675
99458831
99247696
98729614
100300631
99223943
95825428
99775622
89832099
99182668
100061149
99623436
99655480
101298084
101833819
101458472
89868426
99467097
94160052
98252845
97915492
97254295
96918688
98817905
98141824
98728811
86820868
97541231
97084010
93563492
98244524
97578814
97137299
97480197
98378553
92535823
92017468
98919962
94062426
97013194
97646003
105076472
97396982
97611736
97606620
96136413
92047680
97528303
95386186
92058468
95919177
97072663
96572567
97034953
97204139
96845376
90529803
97792854
96522943
92847926
100108117
99997113
99807619
99652037
99720860
100284393
89986144
99771601
95798660
106052620
102528821
102189606
102614201
102445498
101879573
101899352
99572087
102155206
95926060
101131761
100099653
100609260
100043463
99458055
101213971
100732965
93253979
99327629
92407961
93299590
99535303
100430322
100236363
100724387
100494863
100803727
90566015
100155444
98160773
104054734
101216677
100216488
97551824
98666461
98931468
99084237
85836487
98674061
98234023
98994257
99306390
97802895
97842434
98698722
99007238
99386091
91034006
99893974
92759776
91115634
97615891
99827272
100068835
99353100
100131401
100358380
92298201
100274389
96189226
101196184
99220632
100641261
100416667
100447280
99335553
99785230
94520385
103363806
101106690
101819475
101414506
101410693
101105129
101687871
101184901
102785312
93521763
101261810
100031157
91971179
101962543
101410019
101049987
100771170
101905069
101375031
97110841
106175957
104626442
104600608
102029074
102119823
102888497
101866251
102138664
100972752
94185110
101317717
100887173
101405244
102053466
101992557
101162042
102491769
101889545
101445193
96044188
101914484
100097284
98426166
103072167
103502041
103492566
104336827
104630745
103479130
103411077
103424691
100981112
104251145
106475093
106027003
113632336
106709626
106126370
106068740
97785761
106523819
103335050
106910641
105919424
105979719
106461765
107354202
106098533
106229728
92294166
105795487
105557677
96104758
106089336
105460395
106736723
105999501
105513862
106329248
100099856
106506585
104532965
106476187
