303692812
197422976
112253605
99061284
98434574
98488754
98895336
104187485
105317625
96525079
95730073
98263231
98203557
97898104
98348895
98080026
97774741
90292171
97559533
103699811
93450498
95839437
95794373
107861229
103994161
96245853
96274101
86412758
96510706
107442725
105972991
87846948
98388829
98773799
98637786
98781113
99963420
92186386
98580816
94324825
95904200
96166010
96285117
107995765
104667491
97670261
95308222
89390212
96600553
92631040
96623503
101237417
101000251
100839752
101436691
100655881
101449383
92844405
101904971
95944079
113552028
110931098
99390976
99134867
98514691
98531104
98243704
88804742
98048593
90528524
95709544
97880976
97629372
98285213
98434290
97747341
98086869
94579756
100317736
93991730
94262005
100058167
100201368
100499911
100796464
100801765
100501887
95583368
100725485
95382286
98338080
97883855
98680653
98654000
98908261
98362849
99313644
89964048
98640472
92286433
98965592
98785076
99175533
97873570
99602689
99132305
99318384
92286425
98476105
98709235
89546953
98608137
98275790
99385467
98175009
98376123
99118444
94116465
99064523
94754482
100797102
100988733
100967134
101760501
101260013
101199987
100737696
99659965
101124761
100497312
99401323
100734814
101198865
100354207
101615411
102774892
102034099
93822939
103162575
96577604
98631359
102645911
100854120
101245870
101583349
99773486
98891316
93627190
99459829
95554068
97431197
97611605
97234068
97493638
95290261
98059034
98263930
90608484
97606361
95743069
98963298
99588199
99175190
99462063
96485929
98172910
97973018
87669556
99214347
85161439
92612363
98957958
98274796
99841939
98638356
99323593
98415912
90494194
92577410
96630068
98849117
100230657
98575808
98682285
99545034
98721175
98997426
91228562
97678567
98291557
97210762
97819303
97732389
97307868
97657921
97827120
97701466
90437481
97961487
89317816
85681225
97987008
97448150
97518212
97885028
98236232
97861241
91854094
97426956
99485955
99374879
99284325
99332830
99449755
99255328
99224307
99467536
90637777
99447133
96635697
99225183
99479130
99562161
99113680
97472915
97219276
97050189
92495065
96865478
94418644
93348957
98125775
97709636
97837436
97223931
97659957
99736805
92237124
100220301
97695590
97358446
98155505
98986551
99179634
98624355
98102089
98241590
93054293
95127699
95236751
98182266
97980907
97951926
97965410
99083401
98133266
97991501
97198943
98276253
91807527
90879243
97841976
98247856
98166607
97961125
98290117
97907439
90551576
98003406
100624113
100051599
98957859
98371951
97865373
98447969
98186856
98857351
90925240
97525181
95053471
97016500
97183621
97574446
98501586
97266072
97009591
97127397
87108186
97428738
90818149
86490954
96505626
95168146
95077263
95381171
95686930
95589290
88370409
96064322
95691943
