306646627
197841143
119110165
92757108
104071203
96738582
96773105
96311557
96591464
95838011
96642619
97030426
95524151
80214081
96620064
96535223
96901428
96996898
96261358
98883877
106381079
105167260
95554633
95417046
95494559
94557880
95876769
96119269
96427045
133045978
110453570
105151502
96375764
96157821
95971909
95713640
96414013
96236862
96094362
96217478
95509020
96912496
99446828
87875405
96262649
96224779
96060866
96837330
95922486
97121412
94165340
97575922
97781541
98138823
97918626
97061528
97722296
97728985
97809566
95090450
97143627
99352272
97450982
92662722
97893582
101414116
98736340
95188913
98653650
98985668
98874816
103739543
100672678
94520297
101298968
100935953
101173117
101494257
100972651
102875459
99811164
99208881
100648164
102180046
101073878
101533430
100766251
101422577
100888968
98225351
105638229
115908579
93869071
94412620
94388487
95230770
94921740
94979220
94487759
94556460
95426444
95189149
94259374
79589105
94546401
94161492
93939785
94177861
94621115
95002846
93611415
94773627
95091710
95443721
94738166
95021944
95061553
95345966
97896573
94364444
93320180
99188931
98498699
96069474
97583531
96662356
96967217
97185784
97147905
97088037
90820462
95387415
97078029
92428215
97230351
96650920
96895322
96973721
97320745
97018055
94055092
98078073
97623165
97147662
97111744
98959355
97958182
97419889
90204132
95190582
94565259
97139450
96724258
96788752
96800680
95000292
96575910
96363806
95461400
95781762
94667633
97973217
96867400
92306440
92777518
98294260
95304080
96672081
96979518
95007765
98210947
96391346
94513263
93731003
95773320
95942344
94506524
95790160
95871437
97320536
97263236
97812931
97957265
97537653
98251658
98034057
98108943
97661654
98794738
97876417
94978797
97470610
100092492
91014678
97080504
97434629
97390725
95153786
97086629
97272109
95355158
95362458
96902198
96782892
94519952
97563733
96541778
96874863
97168518
95417272
97481184
96775194
95949554
95473077
95193346
97170234
97012118
97237444
98843309
97089167
96266183
96661389
96440064
89075976
96686980
97444652
98104754
97811399
98763476
97526015
99697831
98953597
99234368
97885130
99343349
98794382
98563918
98138232
100416307
95660387
91969680
94963447
93556561
92755098
95807100
95896300
94025648
93131223
94014142
94173406
90485446
93972437
94033091
90340936
94333238
93957213
93789535
95285173
93929637
93401031
90515484
95168016
92926818
93934167
95111946
93804871
94033169
93833356
94008893
96125591
94547428
97420462
98362420
98024659
98882359
97602303
99959880
98306061
97314815
97473836
95627904
97472320
97478608
92311049
99291404
98714511
98849539
98817179
99220275
98767737
96422055
98872459
98175158
98911001
100530886
99204379
99353932
99585328
99125790
98141893
