235067272
123395490
91240125
76029385
67219796
67818638
65736284
68723674
67151775
67883747
68101286
67670262
68114629
67756973
67797927
67967714
89750753
67958092
67755292
67794227
67779559
67919627
67670602
67982030
68114377
67921737
85678706
72055438
80623164
80027535
72065769
84449553
72146887
72314592
71763862
71738081
87130714
97782904
71524379
72124972
70656144
70330335
70472952
70486476
70179179
75966446
60985508
70286484
68347021
71016079
70451035
75927399
70706544
70481580
70218618
76321458
86922947
70526306
68769402
73235279
70441170
70424756
70513098
70681091
70743292
70581604
76206121
70175630
77345834
70322018
70250409
70256079
70703671
70538614
70527755
70829776
70455306
76475923
71315617
70892790
71149593
70645721
70564667
70716952
70712478
70976127
77952804
70609241
77150560
68871123
70675031
70705524
70500367
70506513
70399784
76194027
77572886
70295624
69730289
70273350
75936537
70402407
70276924
70912493
70761853
75763236
69812061
70435288
70414076
70303392
70349302
70323886
70282152
70458724
70718507
70579880
81934770
71147628
70998948
75249689
71248107
71482608
71382160
76987452
71359590
66744563
77334149
71338762
70886784
71359516
70638445
71278228
70708831
70846827
76280518
76030936
68574160
70932366
76140351
73479229
72945376
73198676
73289770
73106308
72963906
73409867
68722204
72913522
72564891
70185214
73368289
73653174
73747434
73841906
73497716
73048066
86608222
73603546
72831770
72812449
73039272
73100703
72773261
73363828
73160106
73058887
75260105
73032793
70379903
78439696
73740870
73628646
73090406
73670785
73129126
73391531
77302298
73107033
71609299
66445864
80846237
73130014
84817284
74107409
73587647
73336939
83479286
70949190
70966480
72999885
73189432
73216513
73303015
73181434
73271572
73664736
90068031
73193039
73026648
73085049
73056613
73036116
73230964
73145151
73225034
72176921
88549635
73312099
72743437
84528721
75325352
75274464
75119623
75136084
75224075
75197134
90214741
75280377
74579820
73282196
74322870
75140563
75237703
75243615
75300057
75134274
92172077
75232119
72999931
75308665
75313634
75225086
75190370
75079433
74849219
74726878
76714842
73565579
72094301
82697458
74672310
75176234
75331028
80365818
73703383
72910072
90936282
75900161
73955395
74160988
74603394
74988683
75093783
73957195
74787155
74410705
75066268
74565755
73809046
74999859
74627660
74997993
74993918
75022759
74669094
74580819
79483884
75140265
83986888
83870172
75749845
75244385
74749035
73638804
75526503
74392461
84305405
80941420
79401975
74866165
74825784
80086632
74711294
75920872
76391494
82201757
88638269
76880065
79798711
76744024
76591835
82066195
82072474
77430818
75626270
74887925
85751342
74603534
73303745
93802474
