637630703
875867721
92944698
87066906
92263539
96270350
96592332
96462818
96425888
96460016
96854344
96819507
96195496
97009891
96741836
96851890
96190479
96735961
100161882
97599445
96363837
97509484
97279977
100718265
97073095
96700219
100168650
95847041
101717226
96167964
100307299
100269380
96126693
96171371
92942738
97315214
96448869
96374160
97278222
97175073
97218334
96431268
95996125
96262441
96815546
96329569
96026430
100274578
98637500
102891991
100184674
100335947
100005650
98441191
98432514
102801964
100120570
98526947
100237409
98456597
102746872
100211758
100234684
99773326
98653008
98643968
96867302
96207604
92622419
96194547
96562049
96381239
95784068
96011501
95927672
96346690
96083338
96209492
96342279
96227249
95862589
96313346
96026809
96597638
100258705
96245075
96382810
100459793
100533789
96106286
96212724
96396081
100396140
96212273
92395831
100450147
96086848
97147221
99003141
96399228
100603913
96061709
96100115
96056530
95845215
96216102
96350998
88967704
100431821
96107182
96007333
100369481
100080751
96636138
95711693
100561692
96276154
100295532
100306924
95645022
100285439
96344984
96113597
96377926
95908441
95950476
95644373
96641125
96519779
96013598
96168759
96015865
96024893
96866709
100379402
97073149
96138414
101286618
100253379
96323761
96125586
100583616
100275600
96401760
96529514
100469674
96240039
95885003
96285321
96042008
96278363
95992876
96287232
96160300
96088735
95746769
96197103
96372388
95855440
95970651
96508019
96592117
96306068
104664070
96117128
100328497
96222037
96228125
100437532
96287955
96339490
100546481
96052355
96493532
95957506
96168019
96083019
96293150
96350391
96544077
96172680
96282027
96046777
96166393
96265941
96511265
96168201
96353828
93374560
96161041
96351162
96240394
95805062
96801804
96103486
96102490
96423589
96372216
96424164
103838201
96198563
100510759
96466350
100352527
100081299
100293420
96027389
100374693
100325465
100429744
100767985
96624200
100263099
100488056
100422572
92971793
100530568
100448873
100281362
96190039
96344022
100328726
96322990
100469840
96465352
100247573
100334549
96161574
100258438
100450416
100361191
100171766
100423839
100265172
96119982
96512229
100427480
96340769
100353165
98862506
102765727
98992198
102508994
102439133
102383763
102654913
102624206
102208188
102533371
98247927
102685278
101789093
102319546
98723085
102299284
102457078
98829779
106429637
95707924
102588230
99105039
97120930
102365884
102630526
102481225
102282479
102455566
100955245
102986236
100435025
98870377
103116677
103017068
103245002
103240905
102565059
99545624
96440738
96372986
96375711
96237672
96621905
96553824
96189824
96119868
96359861
96764362
96212028
97405566
100339233
96297683
100305361
97708850
96253152
100108284
96254135
100646489
102677081
100295646
100283624
