681381072
659157936
100549791
92501495
96185357
96793536
96576591
92782615
96233144
96159559
96090927
96164707
97560708
96253763
96478925
96094303
96283840
96086808
96513713
96414871
96806320
96243431
96402410
96285256
97986022
96666106
96618706
96338877
96406405
96235113
96432544
96075348
96335310
96551980
96538860
96776721
96928805
97194080
96470741
95198785
97288765
96235101
96992377
96457902
96598359
96337453
96571341
96608062
96676092
96355554
96487631
96400796
96726276
96257219
96481989
96953760
96556950
91403192
96615385
96360496
96729432
93576321
96455253
95810377
93441304
96507670
96533042
96469772
96573234
96278781
96966369
96434326
97246280
96457442
96871731
96664239
96745516
96608251
96397633
96288618
96716576
96262869
96883805
96296573
96424154
96202219
96702563
96105255
96507230
96237240
93416222
96206773
96383673
96107720
96533295
96563014
96600345
96675711
96360152
96258996
96317516
98197035
97219080
96514189
96687864
96594860
96843234
79519462
96367846
96169728
96392559
96460801
96861271
96231012
96636049
96703939
96606817
94407414
96601742
95153495
96838189
96029185
96675377
96012060
96521583
96298254
96686500
92570361
96264391
96550980
96399315
97402013
96175451
96104721
96742812
96009974
96105385
84641920
96780851
96086345
97011059
96692691
96258918
96026277
96397082
96150910
96094903
96162419
96367427
96300558
96403559
96640531
96206398
96060061
96454945
95905575
96201159
93511191
92852600
92563986
96203201
96161268
96472991
95965933
96423081
96046845
96584176
98730248
99519453
99402620
99759772
99005186
99836452
98772001
99217184
96489688
96318301
93505379
92873453
96526193
96082459
95676514
96393705
96007760
96493363
96053388
97338571
93210970
96208269
96511544
96558627
92754761
96901988
96224200
96559372
96298472
101203042
96025542
96587664
95990601
96983652
96215818
96572823
96350628
96736972
96410890
96643608
89702116
96566342
96097079
96376459
96443148
96275681
96198722
96531519
96347735
96617295
92677661
94691200
96238281
96793665
96022179
97002631
96217645
96303460
96072022
96805947
96363056
81589916
96277343
96313635
96145443
96992463
92734034
96766424
96452921
96703351
96663001
96692536
96570578
97338077
96409109
96452691
96286594
96991011
96502376
96418755
93149302
96668568
96325583
96444601
96841103
96729009
96033097
92953979
97133682
97178563
98289243
80344208
96344949
100650451
96279922
96940613
96325212
96487010
96784142
96441264
95079704
96382468
96674045
96634814
96337571
96353664
96465775
97208037
96562578
96254754
93616981
96768134
92766245
96290624
96188183
96622628
96210164
97209717
96601093
96382360
92027901
96533324
96673380
96427054
96976038
96584916
96406813
96581259
99732035
99478773
99369955
99594082
100596542
