235340429
121602635
85521502
78894842
66921494
67829740
67395384
68791561
67981449
67284046
68017476
67884616
70597564
67860695
66951567
68060163
67455390
67484811
67477729
67386844
67662657
67445804
65997737
72530892
66942535
67161336
72069574
67721479
67467025
67663035
80462887
69646422
69092891
67505933
66925674
68261679
67965886
67122077
67085193
67144541
67499132
75700025
66798705
67563706
67481188
70808878
67219439
67103800
67005277
67312332
67083272
67592911
70883198
68912096
68417150
67301128
67517480
67639132
67183531
114534075
67442586
78820368
67302769
68065628
67185811
67152880
67841186
68934329
67200782
67746614
67569556
67243566
67690694
77113943
67146116
68271238
68915805
67529304
66980671
67648542
67106213
79552874
65102356
67359314
67402138
67139511
67367614
67397771
67564497
84585427
67334716
67282988
69100398
68062366
68111837
68500692
67072167
67093798
67514513
68224690
67344606
67835989
66945853
75534321
67384836
76526814
67591566
67779283
67099843
67641466
66997143
67292407
67001814
67544858
68460343
67158491
72952445
67155221
67148027
74723911
67315502
67479314
80659156
67087307
68019874
68106783
67048500
68955417
67100460
67095021
67205783
67194124
72364384
67238901
67018784
67352128
67939563
67280897
67211392
67328197
67237931
68025146
76709587
67797031
66810665
67040883
67181409
67345851
66898544
67496822
80840718
67612794
77356716
67839978
66990262
67264819
67427428
67947424
67011879
67263745
67212974
67605967
67417871
67154247
67124633
67737842
67282197
67529978
67221495
67388508
68164551
67308307
67611112
67734665
67659145
68094677
67628286
67978609
67126225
67462499
92483273
67182661
67243537
67368362
67174341
68210817
67390682
76625867
68059640
67542055
67209893
68394790
68056642
67407858
67108064
67706627
67306456
67815787
67494259
67285803
67361483
67336440
67267865
67106393
67577732
67707922
67044759
66878122
66371544
67451391
68354124
67392356
79434051
67950155
68060065
72232288
67208376
68447380
67827654
67439731
67709723
67645217
67154351
67614676
67963390
69470189
67544313
67869786
67074521
67311689
67065137
75346111
68926663
66932322
67389387
79635130
68395412
68325213
67870449
68049833
68772946
67659318
69095971
67621221
67294580
67276502
67115982
68070221
67670149
67996728
67343694
67398954
67051272
67056227
67104246
68039831
67656986
80872804
67729364
76133732
67030678
67645430
68152586
67464239
67599658
67348002
67110705
67309043
68237543
68137807
68237587
78699007
68041446
68221995
67997650
68501326
68132367
68269678
68302553
68072626
67594541
67186987
67189485
67423697
66766396
68037780
67306229
67916752
67217409
67586787
67097021
67329684
71518569
67301631
69087102
67528837
67372085
67426561
67686613
80690724
