324347771
203207197
127832825
91843520
98381317
108210080
106853376
97465767
96968130
96760487
97711920
95925085
99416572
97773205
98892591
101445546
99650519
100784314
101391901
99845081
101254928
96754559
98859164
99174500
100916883
99639429
100799132
99996668
100999221
130564298
113775174
105008722
99652570
101004566
97536695
107689897
110126382
100908991
100528872
100519205
99256426
95705968
99684181
98812723
100173582
101038350
99532812
100673232
99255232
99700166
98728377
98803165
100346892
99118407
98680153
99169022
97121448
100811738
98616195
109065756
113616378
108287614
99363925
99300409
100332932
101481127
99758393
100532044
99741459
100068569
99358268
97384952
100157337
100292798
102796027
100465225
99998855
100000543
101002596
100532065
100563480
96643155
98498942
99701918
99347987
100144834
100978238
97555382
99874808
101582608
101672602
99374914
100975081
89117149
102936737
106422095
102306342
102974078
102730904
103636618
103593759
102936783
103470201
104395314
102286485
101719746
101543667
101771590
101443738
101967092
100912119
100446960
101441811
101823366
101761268
101537234
101998450
101146370
101704212
100013329
104280017
99858131
104644503
104133100
98174080
104135826
104680501
103652716
103716391
103322189
103387676
103466864
102692012
104590971
105471671
103773332
104504199
102437431
103318898
104011252
104343798
103508572
104137296
104400570
103871798
104143012
102612096
104463132
104306731
104947601
107250086
100604648
102459730
101336486
103851506
104800124
103561283
103361051
103165474
108199935
103025926
102947528
103352607
102522320
102920307
101881973
101263547
103056219
102548951
104134086
103425775
102918712
102299509
104850370
102286158
103374378
104273702
102802197
103617719
103952228
103194842
107941184
103456486
104612666
104546302
104218508
103854747
104250772
104215584
102819560
103377800
102564015
103652909
104768511
105333836
103820456
104190751
103686247
104045538
104264919
103998108
99302860
104556911
108297688
106740978
107946860
108042066
105989658
107670049
109186874
101681587
102292153
101534073
103131112
102660111
101029490
101809487
103685315
104525502
103909823
103948413
102851904
104402811
104185758
104339976
104167798
104220660
104343118
104756660
104507874
103651573
102043208
104812859
107661373
104995364
104374230
104534821
104931819
104167206
106435774
103450393
87901796
104829162
103908921
99822934
99620628
106011895
108322375
104481074
107216352
106711142
103487940
105795153
106645427
109479589
106650727
108126426
107983862
107247739
105868343
107146285
105168721
103852006
106894444
105312131
105940314
106831610
106142462
106131217
106436678
104851657
103670338
104462824
104848526
102443016
103087408
106105051
107348760
106946198
106929562
109247659
113626772
106021768
107996012
106230539
107978376
107557472
107557866
107453934
107127231
106039717
100748817
107453371
106136957
107568827
107740805
107351583
107241089
107393505
107019015
