316140493
202136793
121922737
106257616
98874711
95867011
96645498
95969733
95842514
95930500
95544957
96014499
93953562
96374209
95708226
96285180
97489534
96351928
99944204
97843389
100252065
100308594
97202019
99238202
92474946
97163672
98973157
98212856
98838763
126572649
122920514
111010188
101991004
102972478
100694639
101599761
104071709
103110267
102614488
105287295
102016962
101452649
98278317
100189160
101053804
101331852
102102050
101590517
100752226
99414392
101682714
101824516
94447386
100913408
100878143
98818173
100479972
101625740
101308581
124145759
115110087
101195510
100630076
99623288
99684523
100275433
100273827
100395777
101640905
100022029
100247196
99392219
96543833
99599252
98901113
99526584
98915809
99057433
100640661
101247795
102097499
100717550
97278136
100570737
100184556
97366455
100781795
100899189
101459916
98532000
101630633
101583257
101903731
102273015
102329527
104362703
103736337
104743970
103987068
104151920
104388989
104335187
102843084
104505360
104358934
104161073
103839627
104642627
103943545
106867984
110473732
104388892
102647303
103833104
104405304
100002881
104895568
104511286
104813402
98336186
100629308
101108772
101712361
100438234
100961848
100999862
101285405
101515192
100273744
101389517
100852985
100820221
100123406
100993902
100373941
101274223
100703911
102029988
101367760
102992228
101822803
101063419
100072460
101038479
100842683
97975337
101437343
101421880
100489480
101050246
101516353
102034393
101305415
101250360
99830070
102920088
100618556
101354566
99678060
101666250
101017452
100728313
94445379
101441865
99720496
102176616
102379343
100782194
101063339
101121768
100780131
101136088
100059058
101026009
100303384
97256230
101070207
101721112
102401811
104337763
104839045
104674610
99194327
104688167
104034962
104366453
105606293
104994281
104669284
104820268
104663463
103571279
101511985
105872239
104654980
105181408
104256656
104429969
100915571
107317452
103840054
104408585
97029514
105295762
103150198
105981784
104044369
104706548
104538208
103140302
102745325
103541635
98114225
102719521
104287728
104291537
103354971
103319055
104294114
105618769
103192891
102186034
96981230
103333407
103130333
102464446
104413937
103225730
103144208
105333300
103561583
105049309
102412509
103047505
103683418
104604228
104038920
105585763
105939042
103942482
103048015
103396353
98886584
103082077
102797012
102069506
103751629
102858087
103146020
104031032
103132035
104528112
99125956
103124675
103506400
102418726
103574061
103700442
102500562
103590188
103252179
102858886
103559652
102859171
102943369
100637242
103307351
103097575
102132883
106017398
104735483
104659858
99555936
103819537
106566530
106080136
106663188
106160462
105727499
106832898
106435275
106825607
106041777
106794293
105019410
105255976
105269852
104551794
105142203
104995326
106571337
104552741
106038222
105536006
106129906
99548306
104680318
103990366
104535393
102483279
