324947314
195909105
131847077
95071201
92687478
95614897
94194095
95073552
94881618
94544545
93842819
94896151
94645159
103594013
89860042
104171907
102721846
94530371
94788206
95676577
93301401
92949244
93499500
93724842
88320567
93643317
93601914
93649919
92925715
105350953
131313952
98372547
93880184
92964029
85572606
93679904
93651052
93779989
92849865
92210268
92831949
95161767
92483676
96693266
89606623
92361066
93754898
93270775
90544036
93173072
92783878
93777065
93277961
92830893
87910116
93548539
100409033
92773223
98025106
92296163
92782425
94162743
93717035
92861935
91394532
93455080
95313149
95128668
94599801
94874986
95008521
94917592
95421922
95053933
92492720
95137655
95291056
96119928
96638597
96073041
97013187
96938939
96451702
95539957
86367254
94324797
95076960
95207786
95083246
96364262
95866114
100924243
94902028
94717922
89258064
94087111
95250402
94721159
94819330
98741045
95282732
95127799
95029512
94239419
90902254
94326584
98601759
95164548
93624511
93742689
94881574
94768275
95213252
94955291
90035675
94646783
93782671
93692291
92700690
95152098
97432942
97467176
97821126
96619128
91044663
98215031
98018566
96817270
97159574
98559177
98806185
98158415
98348455
98331651
94293468
96992248
97231044
97604788
97540303
98554963
97533041
97397595
97260404
97587628
92517896
96548284
97873966
96860614
97388175
98662891
97164385
97546998
91762437
96796858
90865653
97052819
97632171
97051035
97183082
97536422
97279682
96850510
97116457
96991091
90317569
96438174
97828496
98439762
99285546
98312029
97231343
97090317
97232938
97689586
94601402
99346204
99145254
98712079
98318825
101522387
98119166
98326529
98020301
98975983
91390402
97142423
97830226
96579051
96146995
96393059
97130737
97179982
95462747
97212344
92059820
97007524
97821549
97072799
97679420
97075252
97009583
97304946
96975976
96552980
88636347
96694161
99087419
97087403
97701956
97575081
96960340
96781884
98021275
97207161
97636758
97513950
98077376
98490540
98327558
98478794
97934393
97460232
97326605
98900444
69833440
98118430
99753389
99962788
99838710
100149710
100495459
100223660
100052275
98977540
92623111
100203880
99850879
98927209
99062557
98919457
98477467
99368448
98833500
99406906
93805364
99910361
99791863
99246059
99258638
99023947
97863381
98536247
99448347
99249046
95227115
98886761
99314656
97614409
97525972
96780901
97209525
97395729
97594170
97820510
92026915
99374270
100973906
99217035
99671012
99149334
100881512
101333804
100666377
98821292
96844868
101130751
101988619
100715756
100713291
100513527
100732971
100655838
98858313
99104285
95439422
96265227
98662173
97985730
98670982
99476093
99707180
99513170
100188518
99976103
90083261
101004821
100976455
101171932
100139837
100892314
