316801121
199619131
138363194
103106882
95826113
103061401
101470802
94700203
94113952
94637723
94129374
93922737
94268072
94294097
93596178
92404071
92757309
91738538
92545358
91801642
92227478
91784346
92833155
87290586
89066324
93119602
97734194
92384976
95903639
132479988
108585117
92705514
92851300
94071939
89704263
92667001
92499618
92473553
92381876
92599940
92025071
92495538
92425642
92609312
91334636
85767790
91963108
91796106
93471859
93339118
92453010
94300648
93337529
93703256
93224139
93742041
94847059
92842227
94317812
96613852
109676234
104255190
95414910
95293718
94982223
95867691
95815540
95915601
95893129
95728011
96016164
96371514
95741478
95936063
90024042
95926712
96035943
95961215
95691731
95570478
95887258
96007660
95829071
96038218
96136829
97638223
96282139
79492718
95907051
95539856
95580876
95594203
95962577
96168723
96251526
96168633
95651645
95808563
96027172
97280537
97463668
96369923
97489664
96584346
92237427
97491748
97816622
96704373
96878286
96244521
96056362
96066783
95526527
96282174
92158117
96284675
95466544
95337324
96076603
103096804
95728412
95585991
95650884
96265948
96360911
96038991
96233597
97066718
96494380
96379929
96077986
95917893
96572351
96104096
92561656
96020161
95896852
96066808
95992182
96590906
95610427
96057219
95698264
95823527
94047074
95848902
95977361
84955573
95585408
96020706
95437477
100791817
95813218
96129396
91847666
95659387
95983448
95558274
95481062
95701037
95608159
95502793
95665842
95746319
95045490
95234744
95892005
95259060
97507306
97310544
96971365
97323850
97313046
97128460
69706246
97470324
97437859
95891280
97821208
95871615
97854739
95733895
97794407
98119248
97537529
98679479
97393333
98774643
98299856
97851336
97744910
96275398
97807612
97827434
94512568
97856087
100776241
99233313
99146202
99972922
99664963
100209212
98146290
98020155
97367018
98297783
98460857
97484983
97976325
97587356
92558220
92456321
93333510
93800123
89012941
93297282
94518477
93463908
94417811
94441056
94897540
94469663
94321081
94483471
94728547
93991276
94876493
91875777
94465775
94592090
94783190
94502751
94882393
94934139
93120894
94747940
94646726
92858756
94739889
96608288
97449752
96903588
97370772
97192929
96174886
97087268
97301136
97112583
97089577
97132155
97900807
97121938
97168723
97581545
97135712
96781227
97235292
98588802
97950476
97351637
96860977
95611967
95757714
96082953
92500079
95784168
95945825
94207225
96144153
96298710
96235537
95869741
96235747
96359485
94079158
96171882
95945983
96170700
95950804
96100943
96012536
96519761
96195692
96496735
96870434
96459360
96256944
90985281
95717921
96209281
95984154
96247201
96180585
95889697
93558603
95523090
96090546
87455747
96467332
98948357
