242212035
130665592
87662506
77188470
76763836
72488296
71315732
71634876
72390985
83826222
71029664
69831729
70112016
69710001
77396931
78598708
70927197
71689363
71420249
76494101
70846371
70122077
70447600
71644465
75202815
71357104
73924096
70748579
70048818
81965709
71681634
70623038
70303298
70836106
78898331
71124813
75975964
76387638
70143358
74584697
70260125
70716120
67567602
71060854
74798231
70800855
71302380
71083114
70992327
75800267
70298209
71457243
71569195
71223184
80873391
71353058
71603685
71773621
71811401
80769234
71268857
71724332
70403863
70545304
82002816
71348739
70233804
70803152
76987473
79800506
70686976
74286056
68068752
70790730
74735299
70943369
70479436
71207283
76934258
78845864
71461268
71431665
72091727
70336566
74931888
70289069
71318851
70819875
77476843
71303835
71754487
69998312
77126632
71482798
79583992
69751765
71026496
71178156
71019579
74796953
76725027
82294083
75694927
70944447
75417314
77371541
70110891
71463976
72169619
75854799
71929638
70310214
71011786
71837722
76307344
70926140
75613564
70869735
76000599
70941894
71092209
72209914
71169794
71511257
75641036
71213138
70923638
71103865
71260106
71425567
77451251
85663349
75677345
77351052
72065520
71433579
77431325
71092440
71344655
72126576
71253538
71819184
70977300
71839944
71886739
72118358
77300293
71904508
71692031
72213703
71213077
73496781
71715310
71662233
72351148
71202502
71450294
72387374
72285662
73392576
71110789
72146106
67909670
70962522
72650383
77177883
75470558
76053397
71030760
76712969
70089878
72108056
71171993
69829571
70880514
69667644
70244785
71558567
71368739
71847635
71548345
70936556
71244440
70930643
72992671
72744588
71021342
70981065
71359397
79424568
70809151
72494827
75642632
72719584
71020399
71250356
71016474
71103121
71018191
74450677
70641223
71656493
71401932
70899752
71790788
71069043
70963822
71000952
70762183
86844161
71838432
71652012
71190657
71451844
72376570
70974921
71274701
71159766
71128026
71805857
71158868
70402280
75733905
71065417
74937645
71683508
71098182
71343412
70920372
77477760
76776213
71826492
71093033
70622125
84772969
67729341
69808758
71155576
71870328
76060484
70869537
71115545
70434196
71084977
70124809
70985436
70865466
70864762
69929606
74417057
70488990
71064669
74850509
71790345
74954258
69976905
71710775
69821129
71000352
87346082
71448879
70780098
71202522
71279420
75180688
71813142
70726384
71080002
70718086
74813136
70476227
86028319
74369856
71998281
79570433
71493168
78583754
73221327
71941227
75881317
71896542
72442535
67746093
73136118
73145437
71436863
73308220
72416772
72838105
80292252
71688757
71887774
73082535
71972573
72679904
72097135
73081919
71595087
72973275
71895351
