703527880
573402845
197055858
90406569
93739562
100328595
100213282
99974981
100607627
104590735
100622487
99984530
103500403
99993104
100377239
103295094
103630470
103467156
102938384
103183915
104078001
103505107
103363858
99987181
103362401
103362269
100468462
100709652
103823483
97523368
100743489
97408340
100947205
97817014
100968164
100779480
97923352
100492350
100851786
97675668
103288641
98768825
103338806
102927352
103415909
103473789
103228756
102683982
102951752
103259238
102936363
103162455
103745580
100485574
100603409
100426682
100706525
100772628
100600195
100672849
101095201
100407404
100596806
100526825
100549650
100504526
100896466
100461889
100854816
100726834
97905568
97757142
100637490
97580991
98063028
100715379
100844159
97518566
100719995
100670281
101058171
100743195
100743514
100785963
100898692
97816958
100960221
98289231
98382662
100351709
97628132
100370659
97823550
98150353
100771148
96455125
99029191
97400881
90583337
97790815
97973936
97759678
97797138
97261405
97391499
96934736
98067843
98020053
97361060
97427645
99316830
98063702
97691284
97932522
97278620
100630583
97881249
92158691
97905627
100499702
99037451
100480853
100629005
100336375
100661851
97857860
98383227
98094228
98206240
97850673
93365315
97489045
97418962
97717180
97582114
97012714
100834091
98089715
97527565
100547480
98264647
96210601
97746113
97673305
98149830
96796821
97728267
97796041
98096944
98296063
97853847
97708576
97906878
97566228
97458675
97241036
97618936
97970661
97883385
98668278
98072861
96849467
97705840
97835384
97810069
97153542
97441088
96754938
100542471
97351129
97184392
100906603
97395229
97451760
100765488
97685377
97150951
100291748
96913630
97596142
97063853
100480029
97332558
100510302
96978360
100639967
97887176
98308983
100938730
97365264
100510259
100461476
101415829
100526841
100367049
100475673
101191863
97913912
100703152
100501160
100473857
100373335
100723807
100343032
100633851
100099486
100651969
97813053
100236909
100393239
104536275
100392476
100670064
104175284
104558675
100452526
100714776
100268057
104417860
101047455
98017003
100585094
96386502
95739700
100683945
97970415
101076966
100426037
97466562
95870546
194312060
96119560
97597124
100404054
96433228
97552220
100546220
96199530
98047904
100359303
100845995
97389461
96460514
97499998
96640884
100461476
100271436
101164901
100727078
97201798
97146392
99987330
97798752
96952375
100409408
100281506
97525499
99634440
105211838
100252968
102193006
97156001
100584585
104349852
97816419
96852165
97356491
100548602
98029235
100126491
97524668
97479041
97575857
97407975
97497732
97981909
97611120
98089720
97532066
97925181
97891679
100816484
97591918
100801985
97190139
100773020
100863668
97749373
100820095
97814549
95463201
98060278
98802549
100775999
97254245
97354378
97432842
97204081
97473171
97409556
