822054208
591225424
93605727
86695616
93051496
98501936
97745817
100532920
100919518
98662753
101536261
97738412
101400295
100549201
100885109
100919793
101813286
101406943
101218697
96049206
102155227
100640529
101102666
98213937
98351137
98179831
97953370
98067838
98290792
94093709
98137975
97335336
92844340
98295048
98297835
98261445
95239866
98042814
98032123
98563062
98212280
97255654
98318683
98038273
98210542
98384531
98300958
98218625
97989663
88402380
97965053
98000281
91582372
98465531
98097006
98254083
98117173
98483801
94025926
98490835
97898430
95833130
79098370
98422391
98260522
98328593
98583477
98509004
98448670
94272986
98358529
93397942
99721493
98423651
97880376
98220982
98083491
98299019
98016279
92706152
98213570
98320628
98278191
98375803
94880666
98446324
98142959
97900975
98140049
91925195
98147244
93421056
93184058
98128359
98123456
98519998
98190339
98267702
97792874
90538620
98184545
94334460
97925755
98220669
98579228
102158705
95700773
98446573
97990337
94338334
98088974
100704598
91292233
98148663
98163435
98357665
98180174
98044665
97850490
97960123
98364471
97935997
93712102
101643576
100962129
101211903
100916043
100953860
100711245
99610883
101126576
100716611
100546587
100999804
100837534
92734356
100848746
101218426
100847273
93715006
100687224
94711997
101002109
100987907
100995535
100900756
100812747
101839918
101025158
95857454
100516340
99572149
96762105
100984306
100516529
101946413
100678176
101105394
100416162
91939159
100803887
99231325
97791256
101088988
100808666
101087298
101086059
100830097
100667484
100042705
101201907
97900093
97800249
100952955
100960961
101229650
91905019
100845489
100609711
101128055
101307237
100985009
96464414
100781902
101131698
100663212
100580823
86108377
100469764
93887667
100132901
100604156
100413651
100955454
100736703
100686698
101647263
100690646
100905193
101098532
100329969
86973775
100368656
103990584
100436687
101220338
100649595
100916358
100965286
85545217
100853324
102089283
92111368
101637280
100820763
101726108
100903648
100913917
102077675
85560912
100674958
91420557
100565698
101002008
100432472
100697221
100389832
101018570
100420858
100434153
100802996
97705967
97331640
100618713
100371067
101024442
100689309
101014154
100709988
94785821
100523473
101009581
97109950
100691000
101236600
100957716
100685834
100964937
100562618
95813330
100458247
100770668
100756330
101031387
100788500
101004090
92770008
105643003
100232078
97443933
100726275
98197762
101219013
100602414
100744154
100884419
100657812
100418277
100401315
94420120
100441240
97299506
88569270
100753943
101101741
101136416
100849370
100887858
100593939
97913882
100947700
97640238
100645611
100684130
100643099
88204237
97637893
100499142
100592002
93415915
100766101
100815007
94680763
100966180
100676590
100584185
100821716
100695250
100622036
89085929
