717551488
566265373
102453771
95493131
94904844
99914685
95467931
98759650
99084784
98815466
100354883
99051385
98612991
99006485
98637722
98984255
98887187
99379363
98903169
99032092
95376824
98974796
95403368
81684224
98497497
102658095
102512815
98246851
101622936
98860971
95269855
102896352
99126650
94986551
99066855
95063299
95022997
95331945
95057342
94743157
94870274
95243967
94923820
95165422
102972898
102960884
102367277
99036909
98887501
95169614
94187420
95112833
98770939
95039257
98773448
95311778
95477902
95398822
95150174
95167965
98853684
95060249
95115830
98891480
95030874
94717876
98821952
95045245
95102178
96309305
98546048
84592995
95205444
99132340
95206216
95176869
96247587
95034266
95008927
94954175
95315003
88376927
95009794
98558103
95545603
94940548
94904357
95088075
95057572
95169375
98573771
95095934
98609619
94794536
98569213
94984063
98667929
95020677
95072409
94923391
95068795
95341971
95148563
95283027
95068334
98857989
95349349
95036706
95164643
98589196
94883478
98693118
95102374
95382816
98761713
95327707
98625661
95433360
98677678
95100367
94984280
94940686
98720938
95073673
95398005
99244421
95415235
95534125
98796058
95503440
95220399
98568394
98929213
98761322
94826063
98760497
98756867
98747226
98885652
98817910
98585386
98387227
98363477
98828131
98044233
95411309
99026050
98291151
95344888
98693795
98915433
98455618
98556719
98388929
99296481
98789613
99334371
99109295
95586806
99679307
94117879
99483093
95304973
98992563
99642086
99124798
98884694
95527134
99042342
99048566
94174267
95367374
99136819
95603293
85545666
99418093
95537696
95720792
98637270
95762482
95569591
99224344
95729431
96565467
99221731
95972755
95594877
95506909
95666143
95557522
95261079
95398827
95269464
95252026
95366290
95488589
95428109
95537577
96161286
95504536
98033129
95285427
95152810
99156786
95317748
97870649
98815905
101555836
98802336
101579721
101983525
101499526
101325680
101470858
101809775
97941928
101820365
97931165
95133821
98482086
95286755
98586126
94799485
95030247
98804413
98880635
98426442
95086783
99010939
98762672
96049128
95295737
95397037
98938747
95152195
99003232
95155252
95153496
99266924
94991794
95105924
98531883
94781072
98436151
98597299
98687325
98877112
99045591
98280812
98450998
98729567
95200114
95237816
98670547
98962347
98916954
98915335
102485422
98505763
98565608
96031897
98726813
98793333
98768982
98913242
95059240
98431071
98811530
95046244
99004362
95564465
98770587
95176651
98727312
99329075
96398368
98799889
94922755
95186356
99144142
95089967
95090833
95139427
94960526
95071939
99879210
95204606
94918876
95943192
100611031
100345309
100521218
100922594
100611656
98201358
97599038
97455373
98056870
101606603
101572362
