463316888
573379263
96526753
89120561
91892270
92097007
95695137
96026574
98154881
96384752
89507034
95190419
95500200
96219452
95576462
95495904
95619249
95820633
95745439
95653044
85431774
95624018
97030561
96320853
96036838
95748264
95473811
95582982
96157341
95565369
90673467
95983176
96829464
95988420
95592630
95674007
95606357
95335857
95735003
98035929
93552113
96094457
95631693
99167899
95689665
95494267
95277040
95568968
95893602
95762324
86206118
95431365
96368066
95159788
96797136
95690856
95662262
96050882
95584431
95422717
93868064
95197972
95258561
98283314
98225122
98197951
98344364
98668123
98844114
98695827
97309494
95484851
95423716
95610982
95581861
96078027
96210202
95291811
95751254
95731708
85973956
95855130
95460609
96296196
95769624
87984379
95384866
95702585
95703678
95355829
86678820
95874669
95579895
95996806
95611725
96363894
95605565
96055142
95671398
95576461
81087052
95801799
95720583
95910014
93666526
89295939
95568489
95275599
95487125
95684240
84228196
95970989
96217576
85003574
95297822
92487243
96003106
95667125
96331175
95621205
90715570
95564954
95283105
95631444
95797092
95223819
95154846
95314888
95682510
95724435
87115678
96003960
95056385
94463022
95540021
96003929
95494222
95584139
95971306
95634881
93228317
95940401
95391537
95900487
95568230
95478015
95442319
95257277
95884150
95448395
92846568
91776020
95027247
86179628
95768916
95817526
92774253
95805404
95430277
95674348
92003782
95870220
95731199
95434379
96126667
95555385
96218429
95509065
95646240
90800867
90764933
95696786
95673342
95708772
95535374
95149069
95574575
95171294
95804245
95493788
86758383
95883954
95285090
96372144
95512453
95462946
95403338
95451808
95831348
95219204
92587948
98384460
98035998
98633854
98291617
96453117
95903438
95560522
95585333
96562688
88612551
91676910
95493438
97050926
95759025
95524735
95537962
96143754
95557727
95250810
83131854
95533317
95699202
95650433
97644092
98473502
98267979
98304995
98586807
98288269
91868266
98245742
98313544
98266815
98473821
98098616
95964403
95409383
95466770
96053909
87681903
95488798
95456326
95652303
83971618
95716499
92424418
95873042
95568425
95280444
91628283
92177757
95146542
95695708
95922936
95212812
95558390
99571436
95447590
95402824
93740781
95572900
96600735
95848431
95953851
95889216
96666452
98057619
95308676
95320673
86243286
95400498
95597299
95585607
95858431
96148028
91834049
95850327
95836718
95887153
83821690
96295200
91758467
95505136
88855554
95160485
95691269
95863417
95523910
95355583
87945818
95256614
95178518
95363040
95393231
98427438
98118137
98545230
97162423
97954883
95620685
97880677
97794736
97910958
98510422
97663517
98275685
97982727
97686593
90645243
