797025099
656540620
97272742
91069053
94362828
94888198
95309410
90992806
95145640
96129269
94883024
94831743
94988837
95110776
94871428
95749549
94893009
91506953
94745543
94871612
83811597
94810300
97485956
94883738
94560486
94867308
94556348
91544687
94413778
94414993
94485574
94765071
94405959
94721650
94348565
94521964
95196561
87352989
94462563
94490860
94566529
94800992
95564017
95444180
94527873
95004283
94404992
93737997
94806893
94836261
80548521
94932491
94649649
94513750
94492441
95681228
91439866
91030359
94448918
95865649
94874335
94708706
94412030
94848013
99005641
94476901
94572068
93393342
95127507
96072534
90966163
95507535
94655106
94863981
94507982
94600473
94462662
93035394
95075196
95060651
83486733
95672900
94680326
94274348
94975711
93435136
94152738
94859670
97847582
97636582
97073382
97279931
97739609
97759714
97972787
97235645
97427586
94856487
97221170
96697596
98276822
97717217
97564014
97600729
100802757
100757325
101142479
94845109
100607644
100263738
86879758
100782530
100729946
100219938
100322887
100624782
101085140
100218979
100076611
100161262
100105134
100484428
100476027
100140997
100090685
100643439
100183760
95915358
99455199
100171320
99880708
99793311
100111976
92932294
100022306
99657514
100017341
96593319
99933763
99905207
94042502
99975436
97545637
99898113
100157097
100446489
99904007
97620357
99570634
100702179
99363891
99637023
99278700
100083873
99747024
100380049
100058151
91438301
99419762
100851188
100660352
99648589
98605040
100595471
98886236
99953274
98474412
98900131
99824212
99953946
96291232
99686124
100387316
100764272
99871776
100398041
99925722
99702701
100550472
99569430
99584406
99987962
99926686
99777571
98581623
100236712
99936969
98887342
99429776
99705371
96094562
102519430
102375012
98936482
102355450
102507852
102465443
102912155
102732298
99647671
96690884
99970026
99638448
99624044
99590605
99765823
99390679
93221111
103051114
103100555
102496460
102631043
102475544
104188198
102390821
102662933
101985660
103086591
108080265
100035400
99987675
99949620
99942030
102045424
106332398
101069329
99845901
100343788
99737207
99596218
91220507
99730181
99950157
100156419
88274753
99888132
99908485
92526007
100049227
99757652
98212954
100756130
97622683
99718187
98062711
99059732
96060955
100163824
98505621
100418896
97993086
99701934
97983622
101046209
98265752
99770104
98846667
104297357
98902713
99630049
95140536
99516532
99805771
99525103
99576422
99997557
99518627
97220678
99495744
99713536
99509743
99651245
99614475
100905681
99677575
100532836
100304308
99653082
99852782
99858468
100604024
99636517
99610003
99633023
97796437
100974327
98326839
97755715
97885427
99713014
97026524
99526753
99907209
93220679
99899528
100313227
99065772
99590492
99779259
99576598
