792947558
657610896
96393406
94445117
100094648
101514391
102456110
101704922
101446851
103195567
104565958
99452321
100980209
101153842
102126149
101738607
101404501
101484491
101970321
101476481
101883186
101058056
101478319
101994098
102252849
102147200
101708344
102492447
102041472
101552562
101975964
102356900
104836931
102229107
104398283
101980716
101938111
97661418
102833722
102335849
102897567
94383020
98705772
102249643
98806343
98010367
99891665
101956498
99588792
105660654
101885143
94629443
101247269
98330750
103086243
102526441
103212056
102016792
101713597
101750332
98118729
98375775
87666751
100523877
104441315
99432787
103150677
102228569
101498179
101553818
102378052
98827889
101894728
102110486
103840906
102140734
102361393
102471936
102624483
102857138
102438045
97346367
102044044
102349964
102552985
101814771
99843407
101536506
102146140
102663002
102843559
102114568
98232251
98171028
103295362
97806161
102495198
102711035
98245402
102249213
102407074
102268040
102441502
101887027
102895108
103101411
101736159
101120866
101891611
102285722
101857340
98037707
102051247
98228351
102437262
102229178
101644862
102223375
102254527
105258382
104667591
102042740
102537259
98074589
107508471
101468856
99568029
101300520
100053028
99687652
100960752
98677194
99171556
98300956
102873286
98524591
101756698
98333101
101031242
102610283
102754895
102054562
103030015
102246135
105207127
101849035
103030185
98203283
102447427
98407899
102339137
102234615
101955260
101898013
101545164
101700885
101512780
103198614
102083075
98704608
100485551
95397840
98536702
103347482
101870697
99750041
99335607
103795837
102255666
92490479
98763576
100215976
100705894
98172988
98787443
102442593
106927954
101905700
101954116
102455834
105484886
98642476
102010995
101808781
102368881
106195651
101761653
101668235
101952507
102360428
106815644
101538563
101867600
102173632
103835621
101769931
102541508
101192060
98007509
102556428
101797844
95490478
101683744
101730515
102389508
101979961
103090350
97652468
103268762
102502467
102358670
96317017
99310018
87383677
103042297
98680136
101019000
102494231
99117313
102436824
102286158
95738137
98965564
104944512
103297151
102780999
104244142
104734153
98708649
99192371
98385788
99443829
98260082
97949569
102543792
100395257
103296779
101804494
101034276
103202067
101870456
98921997
102453107
102626017
102546022
102435084
100741287
98651458
102349238
104652136
102498427
102280119
101780722
102349958
103110695
98094998
101876563
102400839
102387082
98457637
102289040
95236232
102629794
102215321
103686368
98395471
103956381
98373524
101031930
98067965
98289222
91388737
99390859
99847533
98550803
103207406
101616857
100491874
100154659
197918253
104107930
102586198
98203161
98718648
103592704
99907095
98375892
105891282
104204428
98113066
98508931
95083265
103514121
98018538
102331382
105923757
106652483
103087178
101709567
98196836
