882544740
467522012
96054799
91184136
95135773
100637393
98856866
101039767
98880978
99233467
99128530
100424784
98497452
98850508
98534344
98886866
98906598
99320887
98253966
98744878
98503159
98667376
98810732
98979350
98573864
101478971
101541196
101026329
101054542
101125282
98911260
98312113
94689530
98588183
98414796
98298335
98469496
98293723
98347886
98266218
98635285
98776800
98568438
98433639
98502164
98808677
98766843
98634187
98526213
102649638
101646434
101882216
98414767
101928133
101945698
102380738
102445252
102071967
101802464
101409647
102711543
102004960
94756306
101766453
101749608
102388939
102011334
102967943
102262356
102069957
102376235
102171583
102380657
102059584
102032948
103268198
102020158
102560446
102099097
104796953
102027810
102195098
99077632
100175645
99454868
100658192
101717925
101870209
92861684
102090132
102934689
102387718
98094502
102228006
102158003
102379346
101963466
101916508
101993008
102162878
102746675
103285369
102049707
101965892
101880453
102057638
101913218
101615716
102427063
98588573
101766421
102469887
98161986
102473950
102011675
102023098
102131259
102005598
101820830
102050957
104880784
102285129
91553900
101813469
101663247
101618600
102529077
102577612
102136512
102956699
101857803
102358126
101541025
102077474
101893254
103417980
102012378
102041167
102372712
102869569
102322374
102212054
99252031
102010781
89893925
101896594
101932048
101704048
101770297
102545584
102057344
102227791
94281075
98903682
101637305
101257067
101924089
101285856
101723907
102288582
101904173
101367713
91550114
101595878
101314766
106082740
102550730
104139311
100837549
101263224
101642131
101948935
93018070
101380686
101206108
101973203
102827943
101758468
101978961
102927582
96745957
102486605
100321591
104880337
101937571
101547359
101693415
101773367
101641054
101785657
101837977
101711690
101953176
101572478
101859238
101912068
101790093
101784384
101755247
102041759
102188857
101749784
98693965
105590536
101602031
101765412
101615003
101682959
102614418
101826778
102143045
101695970
98257878
101468869
101478037
102045069
101718030
101674239
101528813
101814313
101877977
101766348
97498047
102124691
102117329
102329499
101922761
102086002
101830955
102143360
98465340
101445282
101288883
101855731
101395875
101892194
101644850
102957761
101932147
95890251
102632552
102082481
99433168
101743164
102037901
102588016
102203802
102168006
101918460
102752887
101798016
101957697
101715647
101719052
101829902
101652435
101811817
97140863
101371227
101760059
102601266
101720262
101976940
101591795
101823988
101329939
101624591
101866503
101685568
101830490
102929657
104656562
100718758
104623989
104415778
104835110
105101665
104681756
104631938
104389763
104734742
103020857
101651070
104210250
104180225
104904895
104529783
104591342
104786877
104460244
104533257
104735501
104542544
104917745
104594654
104832936
101491242
104628271
104348476
104636946
