318694965
196266132
132808258
102107901
94466305
106407075
102904862
94987525
96259109
95648823
94771075
95701560
98034715
97318100
98178067
96279907
96870267
97984882
97663132
98027376
97058345
98042844
97455822
97186144
97243406
96348525
97572724
97589883
97110003
136311095
101516898
95482212
95205274
94125656
95445892
95855124
96293933
95624201
95673290
95555817
96022116
96503681
95707442
98663116
96935837
96708625
95337792
96504735
96177768
98145735
97377775
98837128
98044559
98232852
99058233
98249411
98333201
99300347
98422339
98212074
98372807
104171654
96582537
98169796
98080580
99770006
100035588
98192192
97693832
97349583
98090518
98182242
97855991
98081518
98230825
98668794
98031609
98421433
96084415
97288632
97104343
98447433
98214968
98545843
98642459
97745140
98446293
97955782
98762062
96708504
100466373
98953443
98172584
100529532
100272184
101128169
100366621
99449132
99629467
93183977
100138767
101250455
100636862
101512144
99814987
100232942
99869896
99935552
101935951
100332837
100601017
82842737
99268528
91284096
99589123
101513626
99820400
99984238
99499551
110308590
111065301
96749751
96628236
98268357
96852771
97110247
98326467
97236120
96739662
99921585
99326804
101507541
100843261
100274600
101086958
100550128
101373324
101371146
95409005
102158567
101174145
100986941
100759149
100206278
100859373
101983573
100406729
100706916
100429474
99949266
106748915
99345655
100272644
98271158
98156658
98838795
98613266
98219889
99201892
98516628
98396218
98652969
97892112
97926163
98584109
97600229
99326713
99262024
98759713
100290839
99201605
99516111
96774302
99272871
99777230
100743197
99775502
99348831
100615119
97041108
102148463
102498930
99442318
100771756
100393551
100831373
100921887
100796411
99902281
100216481
99654877
101026563
99154701
99215402
98672996
98995416
99475118
99345309
98898448
99075772
99555347
99171100
98951942
99062915
98975094
99416843
99374946
99068004
99387142
100075639
103354176
103474842
103661572
103208213
102951329
102750527
103120436
102760367
103480714
105421433
103582216
105586915
105276694
105543235
105149298
105252720
105241922
105462482
105655680
105320580
105568402
105894492
105483045
105555505
105083837
105491497
105456931
105699149
105767877
102059440
102149316
101681738
102747060
102432766
102197409
104005344
101213265
102775581
102204496
101451313
102902307
104095111
101703982
101533449
101563809
101813412
101706992
102718969
102158580
100851616
102217055
101447349
103037054
103225951
101628135
101442697
101609965
101213473
101255328
99950981
98339924
97534079
97620516
98792993
97586469
98983380
98777996
98944270
98593761
99102146
98848876
99059749
98736229
98953065
98643285
98780983
99003461
98837861
98764178
92322508
98260642
98443812
98453204
98645018
98337638
98641774
98913723
98769060
98942938
95540068
