319859280
195553029
132118869
95890136
95680382
95598120
95067160
95061852
94817048
94433586
95424012
91529900
93716671
93885791
91960389
94067475
93736681
93467309
106057685
100156842
93706482
93776759
92675898
93264130
93014698
93648364
93708377
92862488
93616069
146412719
113047477
95004209
92480716
92936363
92644672
92262854
92988243
93501041
92791995
92587292
92835113
86707713
92656490
92578612
91922995
92084784
92922776
93116404
93476251
92624000
92367610
86598272
94132129
92602159
91776274
93022517
93451847
93554163
92691034
93094814
91876120
89709136
93248676
93364431
93479969
92713354
100783356
93860496
93635890
93930988
93848855
86282573
91462591
94103229
93419485
93968733
92822923
93107487
93388566
94587059
92964368
91355139
92818248
92400879
89125132
93740588
93396823
94647475
86411833
92314001
92164373
92567646
91816115
91636420
91791290
91806851
92610223
91771614
91618603
91702202
92018719
86011959
91405379
91429347
91491938
92730722
91482602
91692542
91538506
92291639
91414557
88398431
92218583
91613303
90303274
89340062
93550947
92703632
92928435
94658418
92311162
91197299
93059167
92694575
92755906
92678321
91753688
91595448
92560447
92776793
92237771
90805670
93395495
92921865
90348320
92020881
91554954
91594175
92448970
92629126
92336119
91600148
92051261
92409179
88060992
91435042
92699237
92548017
92494016
91820647
94548479
101387870
94804566
94712114
93730197
93588869
93872635
93782261
95064561
95439602
93977802
93322269
94880377
94833166
94328947
93672585
93677478
94058050
94848858
93541886
94187853
92040739
93768835
93865059
91875426
93245063
93506477
93715260
94443560
91591810
93662118
88536731
93709671
93670517
93501593
93622516
93900642
93586830
94163187
94316371
93951088
93576710
93528839
93625771
92883980
94949481
94219506
94876698
94441088
94842089
93883561
92536025
93770648
94814727
94320704
95555651
94897490
94744387
94752705
93305430
95721379
91024824
95519354
94625039
94644638
94696183
95184274
94259081
95123366
95138222
95344027
94375206
95069126
95097874
95385059
95915008
95591420
94575374
96049199
94454059
95015776
95578758
96357963
95622166
92886716
94936318
95320376
95037613
94107711
95132958
91891627
92480916
90971365
92116946
91993270
91296333
91554032
92202809
92420592
92261651
91979588
92682551
91397951
91710487
92070870
91497865
91500439
92384187
92206204
93328353
92130862
93191150
94041854
94870320
94649286
93921717
94834572
94477196
93900091
93070660
85434920
92740074
93827109
94860520
94540015
94732574
94002695
94432243
94810286
93837365
93903770
94465148
96777065
95863288
95952746
94980184
95944617
95036047
95632206
95936870
95174443
94795943
95952133
95893902
95686503
96029480
95795183
95827691
96619875
94198641
