815690942
575233680
93009767
89413352
94078229
98183063
97853314
98232020
97985627
97828025
98222673
98272775
98964299
97620500
97473079
98094005
98042752
97632854
97878477
100310774
97869653
97605362
97665959
97617772
97833065
95249328
97152619
95291987
94917730
89089424
97737358
97471961
97489917
96485251
100277722
97498665
97256035
97942879
97716552
97532683
98141338
97833347
96511480
98010934
97865493
97595960
93274679
97888703
97442543
96940932
100728587
100515474
100702186
100708345
100620153
100449181
96733978
97761973
97450994
83523260
97641332
97894776
97833978
97659581
97435323
97789196
93472702
97739567
97775624
97673810
97829302
100558724
100634606
100917924
100550961
101031927
87739621
100394600
100687240
97919435
99633988
97516479
97788881
97747659
95548863
97982418
98655638
102432691
103831532
85581627
102935952
99541419
98060821
98314671
97520736
103586518
102995800
96549551
99888268
98249407
97723994
97743283
85205964
98245000
98020808
97951462
97791062
98714086
97019193
89886250
97970496
98162922
97904314
97873864
97668869
97641574
90935158
98258306
97693323
84180100
97729953
97786208
98217671
84683712
98174363
90926977
98043328
98219482
98166321
98586011
97852956
98077382
98452588
98242406
97951081
98204460
95163181
98563572
98414722
98832347
98610232
91708754
98989166
98232882
98048811
98151860
91310843
98888280
97803560
83571470
98322724
98283716
98471418
98454656
98397186
98264913
98865657
98404167
98436077
98544891
98550464
98648751
98803887
98923881
98260883
98174908
96727260
98622903
98467925
97564151
98280645
99201297
98646175
98594950
98417636
98463397
99039181
98320138
98073931
88492716
98294674
98261252
95667524
101888661
98496142
98421666
90604913
98713891
98245679
98263285
98760935
98577555
98526525
98484063
98347768
98181106
88241788
101566167
100719348
101024996
101520040
101182895
101364677
101209575
101266413
101123415
87832976
101181067
100025539
86964687
101472713
101572645
101375716
101357937
101765202
104452758
96848023
101305713
84344061
106210857
105781049
104109818
103670300
103350015
103393254
103247947
100567418
103068444
103397968
97541102
103340381
103138938
103196122
100632606
100349363
101669629
96014863
101056705
100717941
90705687
101200216
100820531
103920115
103548557
103910614
104223381
100196865
103357838
102485484
103743834
103824784
104019785
103985917
91583515
103505135
102030963
106755261
111140055
106384195
106839783
106749766
106996253
105124629
103828802
104229126
104246225
104321894
104142317
103786066
95684372
104213667
104230667
104167448
103788189
104225024
104014799
97728682
104450654
103284229
103664099
103868284
104351602
101928941
104014195
103974461
103749317
94862188
102580556
103244706
92280155
104170861
102066992
104113599
105400716
103937517
104372439
101199470
104137576
98766395
96804609
