313876642
195311759
115431810
110456760
96105079
101093573
94432419
94713043
95105234
95261731
95854035
96492292
96209722
95722928
96347234
96597430
95409283
95987514
109466442
113825387
99305581
97642258
97327896
97115883
97881722
97724232
96492421
99583589
98121540
112515773
116813807
104852338
98275497
98883872
106926058
98462186
97634774
96772711
106646414
104286155
97578755
97537424
96800497
97249134
96343469
95711434
94191264
95698862
96322985
96395037
96173122
96733166
96023041
96177064
96726071
96075895
94750437
95811524
96350522
96127505
95896412
100549082
98801990
98487341
98892739
100890332
97932704
100341128
99489046
98242477
98138450
98166626
98530261
101961617
98287296
98512391
95978733
98784311
98397441
97919471
100236609
99778283
98301553
97820961
97749516
98054313
95954381
99173113
98768346
98376578
87516912
94781271
99862783
99264228
97984444
100229322
78628669
92143699
87293114
84938626
95554899
79598187
89605414
89076204
89776199
84191101
91333439
79337641
77899488
89098394
77771024
91101457
93455651
80380525
88409654
97082434
77641816
75434936
92251225
96207018
95338067
85759095
90082421
95934396
96786536
95049000
92462945
96145917
95220717
97184095
97075623
94131034
96740116
95615857
93581840
91440163
93733422
95569384
96498500
93609492
96109370
97396153
97788855
98097926
98165813
97027561
95780352
97241131
95932578
99682175
97168296
97253266
81568495
97140691
97159671
97030068
97500427
96908022
98165573
97118349
97940616
97751209
98563864
96950539
95212637
96589475
92806918
96635668
95857670
95164499
96770102
95481362
95321502
96027044
95998778
96443253
95845602
95713123
96606798
95416436
95720303
95508723
96045542
95404188
95563820
94979877
93839896
96260309
95897610
97343774
95263655
96979731
96713536
97392999
96923386
96639846
96584230
98542919
97842878
98062320
99050700
97886721
98634046
99241819
98385949
97680606
96531282
97877781
96121516
97084637
98175444
99354039
98735037
97600946
98915558
98760025
94282626
95995908
95894045
97164390
96604766
96203817
97215022
97724932
96990542
97099479
95280852
96436973
97079630
96565514
96036459
96399166
97253255
98533383
98797117
96725821
94434546
97548501
96895110
97160959
97060312
97927728
98480224
98050695
97909237
96900386
96340220
96769156
97472415
96278647
96598878
97815926
98270479
96790434
96841761
98100351
94801288
97722504
104670100
97078309
94069723
98364455
96337061
97166496
98076069
96766799
96103985
98131364
98566915
98683057
98213335
96897425
97062452
85874555
96645352
97596492
95595401
96353921
96997620
97081718
97306836
97086764
96369769
97018041
97289649
93615922
96424132
96449035
96996266
96663638
97187697
96787893
97241772
84957171
96884606
97079001
95856077
95984252
95575872
95538368
