257308629
196147097
104878026
98829665
105840005
97029241
96793347
96818905
95255304
95557560
95422771
96479441
95991796
95276215
96435579
94942041
96544962
96912114
96148349
95160692
96298397
95159538
96367289
95102216
93210777
110155832
102693066
96307456
100647020
137677063
132965649
106419770
98950782
98517987
98143818
99010609
99458059
99211320
98968722
97945670
98706617
99856042
99313924
99493479
98563799
100488070
100268318
99424430
98952181
99919421
100061674
101319681
100383510
101392061
99343011
99739823
101359580
100925929
99999418
99173015
113298344
105469093
97674546
99698969
98644753
97982738
98971181
98947441
100285033
89392219
98362824
98023284
97615853
100536295
100800827
100128340
99603685
100888402
99833127
99536929
100007422
100632088
98674152
99398807
99296525
100474912
100302428
103007443
98688809
98582607
86415566
99119840
98494341
97882394
98276176
97316737
99876480
98739848
99147201
98621678
97915346
103253390
102088493
101848584
101381867
106478911
105789886
104847923
104049395
104907290
104208707
105922425
105047488
104087960
105359992
105791189
104561523
104803901
104040473
101436712
100765018
103294655
102774000
102994652
102094789
103638363
103645298
102609351
102472971
102226164
102733093
102379342
102311932
102398134
102558082
103165282
104409087
103082647
102691118
103999046
103000200
103830405
102718888
101849719
102320351
103382929
103709699
102973904
103151097
102190523
102484664
102617480
102129480
102812698
100932019
102001383
100474952
101909844
101781295
96556110
104825014
103892990
104722229
103868981
104798667
101331252
104589777
99526817
110879447
103277328
103755784
103314076
103511085
103475352
103312417
103811394
103013400
103757881
103204267
104344481
101494283
99972228
100600803
100647490
100771007
102194259
100283162
100176538
100822225
101090700
101982072
100419857
102729295
102833089
103794923
103208599
103010545
102361703
102706194
103190105
103890481
102838734
102938722
103332475
102824697
103172838
102726670
101173045
100422682
102019702
102866804
100109996
100887691
101122192
100538772
101054101
104408669
102312754
105350900
103040829
103006517
103977954
102194493
103144702
103443561
102509585
103397479
103761359
103990875
103683631
103703493
103718113
103568289
104247390
103165694
103884933
103565259
103664958
103516228
98349441
99492231
94726702
98013590
98354075
97692435
98083632
97513342
98370868
98214261
98249072
97648132
97580455
98258414
97486661
97739756
97653699
98086427
98831074
91465573
98478859
98254866
97496064
97784436
98227328
97243673
98142141
99562262
99796180
99478544
98276544
99580967
100010696
100038150
99906588
99755491
99950250
99587235
99862232
100598830
100446504
100214786
98511888
83230680
100108056
99838695
100002199
99475934
100069351
99813360
98597111
99497152
99532206
98175142
99286986
99206744
99352108
99411908
99116139
98745164
99263158
