792111705
470550963
216207532
94395583
97378716
98890779
99994108
98684587
99538250
99017327
98774228
98919419
98774120
98896922
98832666
98601852
98936072
99153159
99220666
94780344
98458351
98605673
96338573
98859056
98512731
98519548
98087151
98623145
98890981
98275636
98947441
98577278
98129207
98746702
98223734
98536197
98312762
98291690
98528911
101544976
101093997
101744656
101400916
100315811
99811245
101446975
101607487
101218347
101456788
101234480
101511073
101299215
100944286
101193956
101360822
101425055
101396880
101432657
101015267
101139564
100136130
98403294
100267307
98651354
98810316
98870920
98710898
98501961
99283025
98391999
98678243
98310295
98971807
98448548
98394536
98581767
98489332
98771313
98329834
98599886
98666448
98479951
98456816
98528920
94909516
98460158
98561086
98880163
98407295
98842507
98391507
98629650
98747074
98786414
98592491
98412602
98223085
98782268
95950732
98527575
98785068
98282132
98477964
99222784
98500803
98650953
98661474
98248019
98287572
98493589
98372942
98549339
98817319
98748882
98222583
98981431
98566938
98499545
98129711
97730292
97954178
98131573
98518749
98657442
98267640
98893775
98116668
100026228
98400853
98390275
98370480
98501515
99125050
98413633
98248387
98727872
98296042
98826543
96315301
98559774
95326659
98917250
98725443
95309969
98562742
98590797
98570324
98533361
98931819
103284292
98326289
98795990
98403106
98442175
99060965
98623603
98574436
98523099
98744140
98686413
101459325
98586837
98322004
98876836
98548982
98690346
98472739
98859609
98766735
98627299
98251175
98623284
98983648
98934499
98141003
98848527
98157376
98439929
98429213
98454498
98347889
98207926
97896867
98426130
98476194
99395566
98782373
98494057
98111302
98245468
98534538
99066720
98252324
98079590
98360950
100407589
98059946
98425853
98306865
98660178
98437015
98641977
98519656
98378178
98213644
95166671
98124914
98435365
98379291
98708881
98390380
98487390
98368862
98639252
98646747
100320871
98331127
98255937
98580780
98621399
98527692
98394207
98408409
98579753
98280055
98433970
98271984
98528277
98431609
98552614
98329420
98591590
98715447
98084278
98515788
98756096
99343733
98513014
98240479
98755954
98964969
98252900
98997916
98329821
98481512
98599868
98404634
98650027
98516805
98721902
98432904
98351706
98116284
98491272
98426210
98278110
98147573
99615106
98123984
98051470
98415065
98488085
98629084
98736261
98464497
98525970
98628712
98877380
98729634
98532512
98276292
98186450
98558061
98742831
98297757
98585190
88111893
98249609
88520030
98064265
98769749
98508524
98497092
98494594
98653403
98877046
98139990
98688651
98314675
98718608
98194873
94000406
98351861
98553136
98249566
98461400
98646372
98694992
98252953
98651958
