234076502
110721651
79509780
76779567
73352788
68645674
68579280
78539527
68536196
68400083
75450267
68356564
68638846
68707501
68474902
68709265
68460259
71634498
68535027
68447940
68728710
68300648
69010834
68293847
68349461
68590834
68578347
65907481
68576954
68259428
68597852
68301260
68374664
68163869
74603612
68364545
68270993
79107893
68612261
68416785
73056971
68448255
68626638
68258172
68345154
68496244
68127176
68854170
68411875
68719650
68372197
66456539
68126428
68197073
67744524
68281246
68313236
72970514
68654334
68458254
68159448
68468502
68420037
68196888
73195730
68419253
68386566
78073253
68527845
68016874
68384069
68375072
68483642
68433217
68241532
68341011
74162305
66343821
68693832
68421193
68427303
68543978
68747181
68249551
68382340
68616253
73582160
78695983
68070744
68479452
68520318
68310154
68444179
68325046
67702352
68342229
68561587
73234824
68670809
68874170
68524065
68418494
69318494
68732955
68728129
68651637
68558709
73051464
68579138
68760800
68267502
68740500
70211743
69185314
68357309
68541565
68745594
72882119
68718135
68430520
68985366
68554981
68849489
68403912
69010646
68678829
68605426
78341264
68267749
69203365
68897238
68847957
68398657
68597386
68476972
68430517
68898102
73432095
68527568
68364896
68856087
68747136
69455584
68798038
68683442
69056582
79712259
77934556
68823319
69305406
68702466
68949182
69052455
68530903
67867977
68426920
77297849
71844526
68406279
73531925
68301683
82952644
68627040
68172049
67703847
68256830
68254773
72670144
68576300
68295129
68385901
68379683
69589452
68435971
68272840
68575622
68614599
73177284
68605389
68067630
69161037
68651430
68509237
68356439
68310414
74274229
68356377
72186020
68303562
68129067
68627768
80522354
68714673
68500951
68052346
68169688
68172813
73189456
68420875
68168881
68295003
74552721
69378525
68500011
68486865
68728633
68728654
79226651
68775610
68403418
68423254
68625814
69383915
69193826
68663737
68425942
68598564
73681955
68483036
68642501
68232956
68671134
68889984
68441927
68661815
68873801
68600584
78104713
68746099
68497080
68482662
68638753
68697363
68598075
68398330
68426151
68529255
70716988
68372035
68331693
68426641
68395269
68242567
68689201
68250818
68311935
68328650
72934620
68033904
68118770
68619395
68295906
68455954
69013997
68497128
68357435
68682120
67557400
68607995
68561725
68692423
68641068
68598935
68793806
68380739
69315574
68187111
69168416
68296058
68274629
68370159
68470634
68720996
68526415
68414340
68631014
68453070
72547299
68419735
68246091
68557675
68303729
72461490
68730401
67879316
68358100
68113331
68195599
68083053
68378528
67902848
68135052
68262926
68181214
67788384
68422177
68350713
67651563
68591134
74834554
