478098361
459126596
97549348
94300156
97125666
97450066
94591103
87324955
96511754
96284476
97666662
96565964
96806429
93008792
92039897
96588476
96080744
96978336
96374199
96814601
96846202
96673404
96744474
96732366
93603110
96985493
89523479
86373749
96676916
96702645
96806230
96416206
96464233
96630602
87692691
96817757
96506083
80654768
96593038
96501823
96244810
97198195
96596998
97676532
92747504
96933402
96680833
99662724
99949928
97860347
96568188
96487730
96595864
96373821
92825363
97057684
96548547
97164363
96302816
96283883
97039511
96323988
96464048
99136841
67135467
96327509
96583845
86078082
96212451
96394047
96606443
97191021
96702426
96372225
90797958
96645770
95907966
96379825
96310603
97301735
96279439
96609646
96293996
96455744
87166153
96422781
96395314
92295523
96439420
96517707
96462869
96484759
97043722
96730338
95989538
96744663
97122605
86639473
96430965
96630397
96522686
96418268
96836843
99214998
86041632
99236962
98406996
98909159
99530758
99033232
98295535
96480657
96311237
95440515
88862879
96825628
96335579
96988751
96643830
98819821
99246285
99369304
98625425
98519893
98725891
99788157
98502336
87185478
98927825
99131292
99182775
96494952
96210956
96244965
96524269
96128778
95684476
96765742
96970091
96487399
96480863
96299338
96860805
95597416
92808212
100055041
100112081
84550449
100834238
99208241
99599748
96200411
96714163
100392787
82642184
96299587
95382300
90503844
96169553
96874425
97965987
96199745
96780521
96353101
93667007
96904827
95307469
96143603
96802699
96448824
96836604
100244701
96709847
97171935
92892832
98886122
97989043
98600083
99181848
98922369
99525338
98744837
99299800
98242242
87658198
99203740
98282844
93013802
98733467
99144870
98833764
99016997
98804554
95223904
93631263
99270700
99207730
99192293
99537338
98885410
98882351
96390911
96719198
97034360
92441508
96996163
95157063
84423320
96191317
96812430
96457470
94229522
96996580
97122621
96847055
89783537
96984170
88139624
96473024
96502643
96346504
96397568
96616295
98602456
98689911
97344666
96410676
97008979
97038670
96778015
97047992
95939193
96436621
98608997
95724221
96791242
94817723
96576192
96872400
99680378
96947696
99989351
96386451
96774101
96212258
95945636
96648939
83681036
96693523
96762866
96655216
97169298
96404521
95630155
82171554
96540498
96739078
99139186
96497038
95941651
96644646
96754908
96562246
96264094
86605503
96428387
96234497
89609411
93811569
96531306
96423982
95843152
97304629
96554250
87068779
96392667
95148415
90160727
99700634
91009022
99434403
93981153
99549381
98734759
94122888
99468270
99300040
99977605
99424880
98316305
99147036
99147917
99185265
98481963
87300484
98561387
98772088
98814417
99731455
99483183
