680646143
845750986
95827062
87927647
94309130
100411387
95140862
100530038
99574892
99398189
99275213
97572353
99104728
99975249
100416475
99838712
94360081
103730788
99413997
100678484
98076690
97231342
97850891
97840235
97660476
98028277
93467182
97561197
97640593
96892205
97712849
94298034
97562678
97941781
97166437
87169479
93519950
98145248
98628458
97729495
96876119
97230633
97209941
97303194
94213706
97453740
88555478
97578066
97463279
97254239
97442847
97741949
97519060
98050703
97643741
97622539
87207566
97598064
97707603
97156210
90435547
97627473
97660738
97512501
97482377
97792124
86752604
97674530
97509607
97563912
98174426
97935845
99291119
98489577
97421655
93774885
93691053
97526316
97181669
97642537
98310872
97839952
97562836
98438083
98109363
98946828
91858216
97378344
97784596
97401747
97381935
98024242
97585015
97885587
97484762
97208432
91809575
97820095
97470789
97924602
97934573
95274641
97380935
97366526
97931511
97881790
88867158
97629339
97466571
97383114
97513618
101118761
100588181
101196405
99774371
98062109
98082773
97164909
85224805
97174676
97335911
98102249
97386148
97670544
97529585
97168270
88933747
97301678
97843387
98530489
97856959
97419433
97964851
98177042
97571703
97010467
91137308
97302944
98331336
97671757
97116131
97379972
97412121
97443047
97563931
97699918
92350337
97635623
97383201
97913357
97657435
97635317
97663111
98103656
98006453
97394662
89811782
97814785
97290504
94901706
97486580
98101110
97522533
97632192
97843526
97662371
95495429
97748808
97354418
97727406
97888257
98012794
97351179
97228887
97356228
98209532
94586856
97742871
97559443
97753538
97425804
97490625
97640089
97798068
97788412
97830647
97051165
97835389
97607745
98601268
97371311
97942360
96790439
97517555
97548603
98434862
95069398
97695992
97858825
97629421
98379473
97990174
97681211
97489642
97825082
97370874
94903797
97680894
97337893
97694590
97671830
87333587
93720403
98583173
116644898
97051596
97934800
97786305
97897171
98008837
98526563
97820095
97612987
97575011
97650781
97502032
98447257
97836904
97261322
97966632
97458199
97814764
97394048
98230373
98047403
97803825
95072921
97561971
97427433
97209855
97374186
97348167
97556231
97745644
96986345
97558649
97531512
97572201
97041864
98513010
97535086
97347344
97214743
97586568
97083470
97241367
82420080
100829014
112537894
97229580
97155379
97883912
97562962
97344848
97961824
97175511
98493283
97601375
97277591
101703476
97902031
100785016
97652298
99884766
97489980
97878745
94619749
82829715
97654185
98099559
97892436
97339741
97867480
97495516
98281460
97539389
95155096
97486855
97559581
97187483
98096501
97287904
97623778
98368086
98193788
97420168
87869775
97751145
97602932
97546514
