707459268
432557238
100018874
94780968
98009853
100638941
101401120
98403060
96615664
100102056
98206629
98309639
98630279
98565409
98920487
98143857
98022177
97960852
97756209
99050800
98559128
98102911
97758589
89518036
98038929
97995133
97777831
98122363
95257651
98102705
97783622
101259200
98275344
98486236
99063511
98504880
100008408
98431387
90521470
98114813
97574381
98280515
98674041
98875588
97830447
98910843
98278313
98289286
90127015
98874622
98126466
98276891
98618689
99416787
98097954
98508767
98199635
98577973
95787130
95877360
98106474
98232865
98474533
101027470
98040839
97658247
98149564
97908848
88948296
98732790
98310529
98215569
97735111
98024835
98151855
97893624
98506309
98247558
94308055
98229798
98187310
98128558
98147033
98307999
98142021
98075377
98115049
98168168
94876467
98512107
98231204
97923295
98023004
98883737
98203484
98368865
98089266
98741788
93073475
98196365
98098243
98235971
98323542
98545240
97922349
98241847
98825871
97978358
91257030
101565492
101297195
99794333
98288009
98345764
87278850
98837640
98154924
98704843
97988402
98984682
98257724
98490511
98819632
98402637
98235210
98905930
98234336
99101421
91892506
99227041
98463893
98297718
98538003
98648158
98888212
98460099
98449222
99342486
99425487
98559506
98351883
98539973
98450939
101176552
86102306
98591661
99056528
99102429
89864633
99089813
98651468
99156329
99485882
98685937
99842574
98564019
99904393
99154459
93624110
99142814
98473205
98796024
98860719
99193911
98590721
98884191
99027533
98897646
89164422
99012834
98929681
98996316
98877553
99838167
98932528
99142598
98694469
98818145
88373105
99369820
99814283
99062522
99092488
99460450
98694852
98774306
98979398
98895433
91200997
98881101
99097439
99331905
99466401
98282319
98886587
98790806
98712893
99341892
98213459
98945651
98760440
99236318
98846047
98926806
98654583
99728639
99168594
98920951
96004683
98827502
98725400
98867035
98283194
98950073
98789945
98469303
98502889
98901835
95662827
99517658
98858654
99446630
98898586
98769306
98834860
98675027
94590016
98813136
95021896
98798174
98622670
99095732
98463019
98961044
98390577
89884648
95522126
98769181
87589104
98641547
99019259
98562611
99113866
98956922
98780823
98583110
98846683
98538764
94344028
98712635
98725802
98678484
98634679
98741192
98661795
99425269
98651847
100924119
94533238
99149573
98260615
99355370
98505564
99562544
99238622
88480931
98483160
98929580
95420650
98571466
98211783
99218981
99694432
98164341
98573513
99025703
99247173
98522400
90035184
98017825
98178211
99169697
98741641
98699392
98327410
98661429
98338138
98364434
96555412
99273970
95455982
100020068
99254088
99313117
98890724
98778608
98817639
99603915
88334187
98171782
