891186965
732451368
100115466
92276762
97728000
97810844
97858668
98196206
98322693
97606721
97773527
86606175
97096168
97358502
97330650
98015022
97490883
97581119
97364375
97317139
97454835
95884445
97186609
97093070
97257910
97605777
97561436
97586043
97033493
97280870
97146890
80698633
97421890
97397403
97210843
97452694
97323899
97563885
97723192
97342486
97493221
87050460
97180911
97780235
97762233
97587799
97269026
97380506
97947453
97185141
97345378
93830941
97843550
97980864
96906903
97793405
98025250
97740744
97688322
97383800
97975696
82449180
97513136
97821836
97474692
97948745
97809941
99865267
97688168
97606426
97853788
87797090
97533203
97717190
97647349
97825487
97466263
97477701
97777598
97492945
97870122
80617227
97920470
98264599
97841057
97889420
98219356
97624630
97506228
97943234
97873773
77770031
97926023
97555181
97767130
97881693
97904063
98054033
97601543
97287182
97551955
86569063
97554307
97541923
97693050
97442085
97507317
97339790
97416715
97590508
97323550
76191126
97357127
97632832
97427067
97777026
94972635
97667994
98017166
97453454
97335173
82737944
97609525
98224768
97523781
97771131
97820344
97305145
100127935
99063091
97487261
76083347
95115896
97644364
97602533
97709934
97400339
97249839
97309318
97599896
97770746
89745750
97707170
97360288
97479852
97580737
98277925
97662432
97427313
97667034
97495041
94773337
97382265
97614744
97744763
97622294
97522826
98155957
97791257
97674257
97560292
84812325
97593465
97703346
97445455
97613482
97781148
97534806
97399013
97622119
97520083
82705206
97703008
97517898
97398722
97579298
97673736
97134547
97944717
97658222
97827181
88546608
98620148
97684521
100543096
100317455
100341089
97986588
97975090
97810457
97957872
85941043
97687946
97464546
97299699
97717775
97542438
97934517
97607709
97682832
97592416
86369350
97457063
97772993
97774083
97962986
97446257
94731975
97836523
97980742
98016114
86565959
98088377
97788281
97570101
97596641
97914184
97712448
97785669
97411438
97897478
84647228
99675670
98041391
97676964
97712500
98018916
101592316
97790410
98226988
100431491
83389334
97565684
97760373
97593608
97821053
97797476
89073933
97900572
97847408
97635051
85412988
97687143
97892046
98164472
98089967
97510955
98069386
97880881
98145547
97784468
78114010
97688910
97963220
98531135
97831399
97848037
98970932
98071412
97947359
98134291
78289016
97584137
98022404
97846809
97834709
98941613
94815544
98158800
97690603
97592532
78511342
97473340
97732868
97949041
97657429
97995402
97828443
98111342
97929854
97396906
87733838
97913470
97673194
97710032
97573154
97322825
97648738
97503392
97140160
94096032
76589981
97640508
98150447
97978605
98000806
97354329
97902512
97720300
97973283
