232827692
125835266
85623659
66054761
68338583
68730454
68324197
68451733
78251865
69812152
67845920
68387230
68021658
67511231
74341494
67648361
67789376
68331371
68165532
67320707
69555385
68465085
68494883
72931400
68776914
68686589
68833674
68808815
69079137
68985096
69946386
68503520
68663799
68192992
67491083
67617187
67449422
67510814
67595937
67622523
83787965
67252910
74377417
76191193
67582855
67810477
67125919
68449695
67477050
67627599
67887292
67736156
67481894
68181356
67583678
67378265
68302450
67501644
67611520
68440904
67872616
67875164
67839725
66601429
67669227
67440609
67821105
69292236
73250216
67466429
67875122
68461162
69141550
64429610
76536777
67320064
67753056
68248165
67905545
67429678
67380289
76838526
67198229
67443082
67423104
67402694
66891605
67599507
67545933
67877768
68226798
67366925
67652077
67541941
84961382
67486498
67382694
67515525
67710494
67260161
67644230
69823615
76635108
65071069
77772308
69643394
68770042
69896625
67798507
68009810
76449197
67841902
67703161
77020577
68329840
67248869
68241320
67630565
68481372
67551137
68416881
68149907
68396289
67769163
77636304
70752179
79625705
67607245
68140161
67475466
67678661
68080111
67121837
67877182
67519238
68616681
67640496
67854165
67972773
67489239
67655292
67643890
68135149
68225499
67436009
76752688
68353797
67664479
67483051
67530740
67120231
67308477
67670128
67130114
67482614
68188535
67915555
76471821
81732965
68080293
67566690
67782467
67560740
67207872
67403592
67394399
80689094
67447665
67936037
67528105
67456027
67450072
67633770
67382445
67952903
67490653
76982093
67631986
67650925
76543089
68243900
67783566
68178679
74994578
67224377
67446175
68621693
68194318
68740326
68153477
67435388
67750776
67767845
67655309
67676071
67473688
67553443
67518584
68608332
67635836
67738016
67490047
67602383
81442852
67576705
67642893
68214735
67792150
68054495
67804500
68016242
67425822
68032229
87133177
67583776
67644747
67458428
67615454
69190888
67768557
67659563
67897656
67499168
85530846
67984204
67449697
67384882
67863635
68570984
67903041
67861336
67831778
67536537
73737354
67478352
67579578
67928018
67497647
68490905
67793450
67450446
67739564
68196807
67798092
68201483
79973287
69028262
69249636
70118252
71089824
68746081
68840586
78513189
69035704
69308810
70200281
77521239
70051029
77385325
69224220
75091629
78093526
69565428
86924187
68986220
71487835
73818942
69493424
70041969
69694984
69201039
69291349
69522684
71178571
69355724
72506767
64281610
69266800
69403163
69428795
72361154
69166418
69401925
74689246
69197719
63220336
69628652
70658905
68984692
69051719
69357720
72253831
69181547
72951123
69048740
69961800
69450452
68864650
68927205
72092367
