327947089
197407166
109117415
92538814
94783953
94612419
102686029
94913326
94570511
95059838
94099894
95210212
94840526
92897887
95333708
95637110
95042560
94737274
94546745
94946570
94349949
94372444
94281619
91506708
105317838
103109604
94634750
95577644
94589259
120598779
115663266
106302473
98987224
98680840
98593768
98818547
98773467
98895531
97411062
98044181
98228755
98612233
100319482
88335006
98743203
98630007
98942407
98874129
98261382
98759344
99179473
98563778
98097723
90255772
98155772
98676979
98411668
96836093
97770926
123261357
114105883
98124285
98579282
96681135
102568425
98009958
98336527
98419110
97958322
97741235
97859691
97809459
97794975
93627562
98521871
98341245
97005187
98329251
97858750
98343750
98006471
97330266
96351556
96282912
97947691
98108701
97246935
97544009
97639253
98316350
101483757
101810320
94127691
90043116
101781356
101236914
101972771
103345042
102569653
102485081
103071666
101129203
102674106
96635302
100550890
100108289
100699196
101811915
101276689
102071553
101228830
102109008
101729161
96482799
101784017
102058683
100996143
102425547
100602210
100657499
101629103
106550736
103314826
98226442
103423901
103374730
103182979
102964342
103526297
102318146
103552859
103757120
103773395
99020716
103355856
103303474
103766397
103929094
103121485
103001152
102974666
103163747
103454602
103278013
103395040
103738769
103059459
103122431
102891043
106200830
106795021
104688554
106761495
108187040
108091693
106794511
107877633
106167669
108014860
105587194
107766687
106429101
108054607
105304770
108521333
108825883
108878280
107509159
105473579
106852328
107326435
107264629
107271979
102302949
107591206
106360502
106277845
105905070
104179817
103433590
105102773
103377586
105468244
101192562
107363709
106434175
107130184
106775062
106974787
106463123
106498946
106856711
106736355
103133814
106200233
107024415
107096334
107524692
107172325
104927624
107777656
108040734
106897101
105869045
106312597
106481563
105674746
104991910
108161741
107050922
106937218
106463808
106912086
83145771
107048194
105023493
104874785
106536060
106302152
107024151
107165987
106688921
106042593
100881489
106654039
106705352
106885188
106194331
106496392
106388149
107140582
106225896
105723276
104811583
106949983
107009152
106460053
106552662
106725769
107289143
107115118
107416789
106760753
106350363
106801112
108490466
108473701
107923462
109035772
108950750
107645184
108359596
104136398
99074990
107642219
106055619
106707997
107129713
106731181
106796640
106351443
107330447
106465870
102583007
105939295
106923374
106461393
106796554
107083446
107000726
104934764
107292425
108178758
103482829
103243462
107508610
107946869
108100171
107627256
108324358
108239210
107683178
107857356
104209682
108038581
107622237
108427604
108467714
108536628
108687114
108424505
108243178
108723627
100352076
93653929
108197887
108107986
108467369
107651480
107362083
