240520094
116650248
86433044
75754473
65728179
67206919
66335729
66580662
66613256
66970555
66550476
66690395
66475139
67105208
66979766
67118468
66327604
66860304
67408985
66762532
67298631
71484176
67283762
66379064
67480275
67237163
75905351
66745053
66664871
67319414
66941771
67935056
67801826
67824455
67623106
72721750
67564132
66593237
67556142
66781744
67178889
67608624
66803913
67065062
67430776
66764821
67022882
66913480
66751638
66749781
66882909
66782315
66924752
66933203
66866875
67015915
67362188
67443946
66942795
66665191
67208707
72945795
71527997
66652713
66810751
71700033
67185926
67936226
67407164
67490924
66390926
66733728
66751100
66970947
67833845
67201473
66003829
66836795
66583447
68028076
67030909
67919645
74551313
67487655
68609886
67475454
67098509
66691006
68710363
66740390
66477155
66684695
66508454
68022085
66819090
67366402
67656505
67022763
66955785
67177964
67257835
67497582
66465066
66905542
68071996
74645752
67525735
67306057
66713738
66705555
66636591
67282425
67579879
66817187
65932514
67409740
67053647
67889612
66952798
72327048
66563684
67017571
67309105
66681232
72595353
67167311
66543982
66590283
67014804
66932004
66888691
67065001
67092743
66871927
68019875
67749167
67934342
68104402
66981064
67222114
66474563
67473626
67678658
66861543
66839786
66325256
66373663
65442065
67259526
67812471
67056307
69281773
67282311
67003588
67016205
66622803
72256633
64592017
66779724
67005109
66662950
66694844
67705569
66931928
67456362
72668718
67356006
67131029
66891699
67730290
67132863
66968854
66988944
67945545
66843558
66697121
66935001
67531020
73687565
67029471
66861539
67421496
74620707
68224589
67856967
67751976
77433900
68122569
67815435
67421132
66721620
67347964
72916584
66961467
72643836
67018594
66981522
67382831
67628730
67142138
66916404
68323995
67373223
67022656
67185620
66641724
66788507
67162121
67412028
67272552
66784571
67721552
67630949
72164499
66783298
66830283
72493551
67096181
67387988
67807789
67924326
67674787
67234807
66826608
67189975
66975257
67298076
67279559
67079220
67100434
67215692
67402361
67030479
66964945
67057821
67144589
67038565
66974388
67659975
67360239
67913174
67183584
66908714
67340196
67119474
66971558
66648630
67665762
67017493
66877587
67350231
67025015
67111870
67210887
66987504
67447024
67468724
66938983
67096155
67109908
67094341
67359208
67655611
67291231
67027393
66663936
67331651
66986097
82572140
67078831
66879257
67717485
66827674
67309914
66747259
67053075
66522466
67016416
67062202
67297965
66773663
66990901
67112461
66907521
67064890
66816766
66651797
66846010
66882972
66964673
66885933
66815993
67382207
67006455
66794422
67357456
66813980
66996677
67121743
67551024
