236148962
110384108
75426568
73139128
67213470
75558025
71005092
67744717
70111083
67731568
68208497
68324220
68216644
68099910
67897347
67624373
69526993
68441760
67849867
68817823
67705577
68451319
70172712
69262616
68674507
69149121
69823495
68297728
74959560
75920058
68033869
68004540
67810728
72097554
70254689
74314872
67933689
69373204
76663211
70709600
69078226
69807829
70146351
72628395
67827498
73761871
69457537
68022935
74457589
67781359
76893602
71249369
70083277
67775747
67930742
76873076
72993693
67858810
68126058
68126178
67959221
67823007
67849846
72671222
71845597
72187515
68271235
73798448
75273085
67952330
76349084
68149374
68571657
67885292
68344040
71818069
70112271
68227217
75915581
68198845
69619182
68161208
68257137
68300080
68758751
77508052
68388227
68962053
76472397
68231893
68155437
68397946
67906035
68733992
67953170
67988123
67922888
77585567
72438661
70749716
70356175
67942120
67772830
71745755
68343799
74784402
68087547
71274643
76900696
67736360
69595962
68683952
70345026
67998588
67742230
69049646
70163152
67907955
68358755
67904788
70392709
67770072
77485485
68487033
68014270
68267215
67761409
67977920
68075743
69190609
77912908
79387546
68039827
69715158
70529187
75612030
67702004
67999317
68391318
69715905
67613845
64892041
67951122
69270851
67640089
68825775
71640600
70116455
66515021
68561372
67626273
69394513
67660881
67308047
67638353
67830976
67621376
67887836
67891442
67457519
67750181
67753319
67691005
68108209
85693179
67471760
67455789
67470966
76574042
67579021
67355720
67962289
68203512
67936768
69678873
70387835
70276498
67422535
69697436
67790264
67500501
67998586
68767142
67682933
67862481
67693750
67467132
67546179
67658999
67599094
67799981
68276505
70575204
67606716
70368963
67658920
67841035
77857949
82276155
85202658
67543739
68163686
67857568
67777300
68324787
68409315
75681999
67738702
96642445
76818749
68645237
67912955
67853516
68622667
70493703
68101376
69515149
72308824
64929751
67890510
67964419
74008246
67782098
69020730
68223910
72126210
73061009
68039701
67685293
67266601
68360936
67999870
70708524
67856739
77260961
72196471
67755073
70156579
72576418
67802000
67850272
67725225
68031104
69725526
68017359
68537368
67814142
68628963
68907009
68074209
68067824
67806389
68093982
68263899
68285765
68002147
68677784
67675034
81694487
68236065
68706512
69080194
68436282
68247181
68301685
68450042
68418017
68016794
68133386
69044601
67894944
68242280
68106365
67686741
68557720
68454071
68008761
68895751
68242899
68494695
68263407
69201508
68278426
68226221
68174420
87774140
68302721
68354558
68558321
68428211
68307719
67941161
67885758
68079198
67870115
68983500
82839445
68688068
67406505
68239186
