238835877
123605881
96672265
71019585
66759490
81048693
67070084
67501739
72767040
73127002
67560603
67065334
67204265
71874070
67084508
67416703
72339489
67105496
67446968
67392693
67244879
67699720
67112386
68714419
67911853
67060165
70676029
67074639
69529595
67115136
67172409
67933951
67344689
73892851
67626451
67871253
67159537
67627788
67601879
67050264
67574281
67422396
66732926
66903766
67387779
67774548
67539926
67359806
72966627
66969288
67456538
66025530
68631543
67738124
67094056
68877289
72561501
69019986
67695566
67178343
67057634
67484209
82441476
68700256
67904583
67634906
67433327
67298672
67655554
66958160
67396860
67987623
66886017
76915476
67931844
67174805
72732923
67503368
68328889
67528076
72528584
67201870
67431643
74211621
67105818
67808416
71395536
67450653
72227744
67722395
67377186
67529256
67657974
75227514
67325333
67604620
67304087
67287218
72115089
68155278
67509797
67232501
67046690
77560724
67048719
67360704
67055450
67340388
72062763
67376412
67443132
67166735
67120797
68310904
67561924
67607100
85878163
67660766
68285084
67238080
67455303
72747912
67719611
73256995
72640373
68623486
67300514
67422627
71842885
67597184
67353813
67334946
67479887
76521845
67516072
67588559
67376496
67700302
77802284
67457295
67050211
67370947
67474864
71928529
67237414
67762967
77781967
67229022
72221774
67362851
65799260
67693410
67471340
72388341
67882070
69899056
67501228
67494059
71797219
67511526
67600424
67840842
67400770
72223897
67214012
67534888
67387751
67503505
72211788
72556336
67384910
66766557
67187388
72652734
67122154
65815548
71039107
67245450
71874774
67823487
67123462
67453264
67339524
72111202
67390823
67847118
67574615
67226792
71025195
67566736
67025755
67049834
67943959
72343360
74343510
72519044
67535466
67198768
72492221
67536355
66933649
67174342
81222764
72007567
67033685
68203421
72738517
67003546
71439994
66870030
67390536
67084861
67230972
72491139
72638604
67534770
66950870
67997705
72189562
67206408
67095304
68090476
67250175
72397366
77021770
68019941
67819910
67357873
72252764
68105254
67007503
67527752
67639005
68363994
68166303
67756542
72745992
68386388
72174726
67117937
67446776
67339829
66163301
72094229
67543177
74241659
68443699
68688199
77711828
67215075
67611558
67945661
67290023
71870111
67600817
68393531
67617959
67434972
72162145
68685288
67699249
67303728
67464716
74716408
67578472
67675794
66731658
67729460
68301503
67506005
67107368
67142875
67512135
71621821
67693961
67815384
67092346
67437742
67954753
67241076
67291885
67448472
67378803
72398249
72718959
75657397
67724457
67547288
67599296
67395397
67609337
72941057
56183396
72799680
67535672
68874752
71476116
67380152
67845533
67429788
