242944795
118884792
84578387
79430710
77489060
68118011
68524812
71966639
67713679
73314448
67593524
76381951
67323873
67282960
66833210
67533177
67249896
67124344
71878700
72211386
67472203
67791969
71761959
75020504
71602713
71107231
76610699
71301552
70758920
67233288
67029745
71759115
68104192
71012997
74374612
71319429
71272089
71293588
71478720
67354062
68723810
67337862
67690594
68088325
67766714
71534570
67440560
67928892
71764903
71384079
67500911
67103689
71467701
71535630
71466086
67179653
71260126
67117077
71273652
71483958
67564289
67599562
71337784
71606670
80342113
67385616
67469853
71443069
67434486
67225955
67170033
67243219
67080151
67784691
71831822
67503997
71278766
67541521
71521455
72043965
71212464
71310113
71248793
71663335
71615822
71438484
71683477
71108205
72339236
71732343
71511375
71341997
71570913
71229759
66442059
67177128
72429947
67228244
67724722
67136359
66724766
67321744
66720881
66973354
67360366
67784158
67797093
67721523
67458963
67277269
67213004
67380180
72933025
67898820
67360571
76776337
67129239
82179819
67128174
76631338
67863926
71548273
76406746
71454230
71703942
72013855
73792006
71478343
68218771
71415099
71897187
77008938
67456598
71871616
72312246
72315374
71433967
71814791
71347327
67258768
67444699
67464902
67883094
67863298
72055704
72933483
71428974
71833370
72355876
67382119
71424522
72186723
67659831
71437835
76015937
72557987
71403547
67758183
72701248
67688296
71295872
72150356
70592181
72087376
72644691
67142171
67724267
67340389
66802340
67041114
67475923
67165461
67018805
67252960
71639450
67164802
71065586
71359397
72070236
67471455
72687939
67534786
67247292
67605600
67017259
77306861
67504425
67299808
71241108
71129989
67947453
71069524
71320736
67674747
66932899
67508679
73173665
67605762
67433990
75557723
67672448
72938787
67509417
67350805
72001511
71326933
70965148
72049627
71673914
67510184
71554860
71521260
67207898
71850140
71273841
71202897
71290350
71268350
71516984
67427130
67621413
71484440
67597458
67358072
76094248
72551430
76446196
76247005
72856369
67393947
67453125
71473808
67221930
67366235
78682602
67108795
71924709
67652982
71282365
67024616
76401973
67228217
67638903
71184294
67303296
71335898
66955402
77250801
66966600
67325084
76687868
67805844
67223748
71881917
67927215
71028171
67154005
67169278
71054187
72228449
71369172
67046047
71697528
71460862
71857304
67535956
71684919
68408166
71695237
67433101
71471759
71471237
71454571
71358683
67372502
67619971
67575299
75219080
67642971
68022882
67816233
67864918
73720910
67492496
67704952
67188915
67422357
67161150
73114945
67902556
67465358
67587777
67476932
67182158
67787206
67514894
67570285
71613289
67551010
68274530
