318279824
202931443
108659103
101537241
101108362
106937282
108174661
100144969
101738092
99252068
101694313
100141326
99883473
100031095
103161575
102862888
102024598
102263399
100985434
101641925
99301248
100926703
114710132
105437770
101281562
101978472
100244585
101630614
100849077
113006868
153550405
134700171
101272835
100618901
102931632
100357654
100843876
98541676
101531155
100409908
104329096
103207741
104024538
97421564
100487178
100465343
98367472
99414732
101031747
100246619
99994849
99896065
99494251
99019994
100266667
100608689
101521014
100143854
101231141
100187163
110612046
101655321
103408501
101351929
101636828
101829259
100830260
101486138
100644656
102001528
100982256
100350326
103311603
99931858
100253120
100999181
102552256
100269311
100702598
99228535
100227441
100134888
99452419
99344785
100395150
102513130
99447133
100369155
99994947
102749291
99170117
99344165
100205563
100370683
99483616
100267685
99654408
100525681
100465999
101170433
99502947
99352925
99502901
100785500
99319353
99586356
99311571
100434854
99730661
101380175
99959990
99183177
100399870
97061689
100256933
100960306
100083401
100699587
101046621
99694112
100819053
99321670
99672157
99952853
100459934
99113481
100005264
100128882
99873105
100219197
98940329
96618052
100191053
98520076
98220182
99976148
99833350
100451181
99965108
99950750
99716751
96125790
99936333
99315725
100230090
98545835
99712236
100863250
99270217
100743515
100997505
99507770
102033087
100491352
100926503
100352294
100371482
101515715
101179076
101140040
100951663
101100654
100161595
100726017
100119354
99643241
100593309
102108958
100593135
104689148
103100633
102888691
101100341
104429991
100369592
101357680
103409035
100359156
104746448
100146851
104203272
103279903
103932493
98132363
100706799
107349944
104150192
107493293
108456138
108125714
107151371
107105930
106750767
107084140
107221527
103536563
106580998
104595194
108148427
108010050
104016966
101798546
106824722
105906707
105979895
105168922
108375264
108089211
106373962
106895383
104401399
107959838
106039804
106684803
107000365
107830303
108689106
107590264
109317649
107277076
108134638
107322003
105390162
103425120
106618776
108187170
108184164
103440110
103010070
104611853
104126685
104625624
104087100
108214815
103870462
104363013
106066223
103090671
102651664
108888129
104634580
104345768
106453087
103278329
105240045
102824082
105155854
104041939
104093913
103926403
104367808
104072588
104307381
104144400
107399300
103872821
104504434
105314211
103905822
104492727
104832300
99760066
100403728
106318964
100325617
107051251
104880491
106823978
107636176
108056766
106643567
108107461
109684866
108481280
108827258
107740069
109654792
109254288
108936803
108811639
108876432
109010049
108234822
109008066
108676433
108754773
108627076
109635666
108944642
108413249
108715931
108555231
109688571
108707848
108793790
108529891
108920134
108322989
108218751
107884462
