237151435
114990538
82531553
63036520
66061334
67679134
67198898
72976133
67224822
65124457
67574904
67378439
67330311
67151406
67397672
67436658
67553568
69526259
67377305
67553423
68974552
68453507
69116216
70087205
68713714
68688640
69671203
67930524
68777535
68024902
68800947
68976323
68931696
69138419
68965875
68961057
69744081
68438489
68504530
67075568
78114265
68738530
68934846
68626017
69062960
69253610
68473164
68565472
68669353
68348485
68816185
68727102
68729989
68578012
68699483
68818024
74028127
78143517
68790047
67459162
68590860
68669734
68786809
68688532
67876105
68373429
68638112
67633614
68708621
68739858
72655466
68633141
68869838
68816144
69146423
68638566
68925600
76441014
68675793
71894029
68752454
68670908
68762116
68936685
69028701
68985183
68901690
67688368
68785561
72006972
68975070
69064795
68792557
68716668
68818292
68983061
74213986
81918066
68844507
68073881
70974620
68751060
68496267
69192179
68837566
68851828
69195180
77808198
68711770
68119123
68402586
67798345
68691184
68463698
69597520
68585966
68753664
91501399
68906484
68090962
68345740
68552500
68868088
68487081
68464519
68819754
68647077
84830104
68619481
67224339
61292881
68508710
68631492
68678672
68515679
68729624
68631327
69782114
78067688
78731562
68939384
68582100
68821024
69849540
68646571
68683173
68872879
65753383
68640530
69509576
68663201
68820058
68874921
68880351
61943773
68535595
69003734
63640718
68574484
67362950
69478221
68722827
68984438
68649196
69476363
68885406
68622286
77759842
68725053
67951099
68842338
69056756
68670642
69265824
68254590
68692851
68787012
68403774
68709538
68638536
68832225
74231341
68817203
74541089
74088929
74398978
68653331
74400476
68894994
67315504
84014422
68871072
69180461
68747138
69020644
68789160
68971117
73272661
68638053
68201852
68575382
68458449
68593584
68783907
68836679
68912280
68962636
67603001
68654179
70280034
71541752
71532631
71292514
71523516
71484546
70510322
76606506
69926899
71181580
69378402
74937123
71157207
71324010
71058155
71303879
71107828
71093724
74205960
70682145
70091959
71142354
71497150
70090815
71470350
71025965
71251311
71372222
85014333
71532071
70604514
70810793
71147388
76451968
71030294
71249764
71243655
71226390
70619215
71375521
70092390
77550995
65891894
70894152
71215639
71614319
72121134
81081178
90737931
71388213
70968682
71175490
71175200
76562492
71270323
71516041
71590572
76115816
91330841
71319862
70192615
71345265
71606242
71132114
71107351
71305784
71448053
71481226
75649832
70953138
69639871
78580405
70933833
76928926
71500764
71188383
72050014
71391805
73631424
71169329
69549827
71003686
71050172
71301852
71194712
71452435
71223463
71151690
72083724
71643716
69304037
