780367009
650405592
99395989
92389772
95104654
95913411
96009593
79839758
95692900
95292870
95434481
96848765
95607917
95735554
89816700
95523768
95781251
84818084
95656477
94965415
95870331
96064651
95909291
95861403
95888751
96100509
96012350
96020857
95692978
95606057
95563238
95374232
95893749
95508785
95794374
95889561
95722438
82883128
95539745
97185394
95626525
95328934
95938965
95540835
95500834
95766277
95782243
85204554
95827555
95544743
95545634
95916422
95851124
95905812
94095665
96277836
95849917
85287430
96103523
95665156
96134385
95638099
96661395
95808304
99971342
95818167
96193664
72891103
93540400
95661354
95717440
95748757
95613329
95862586
95676588
95977207
96396928
76790540
95963622
96263309
95644660
95823618
95611031
95561087
95790117
95819858
95724973
81857832
95885044
95878718
96208644
96006979
96302994
96066531
96015479
95988639
96043204
88943838
96076669
95835636
95840695
96034566
96108067
93911788
96193665
96057050
96341038
80702621
96004384
96769342
95837827
96017876
93034324
96176494
96218066
95894640
95942742
82096650
96514807
97388538
96601215
96126639
96333191
95892670
96020790
96307773
96551273
81732227
95991752
81651634
96431664
96646193
96438460
96216509
96302182
92269735
97360247
82409343
96413711
96691245
96754616
96501127
96433466
96000307
96309362
95923698
96265829
86236061
96226103
96304187
96013379
96293952
96013361
95810448
96090151
96161951
96053298
81209935
96066445
95753480
96258817
95969133
96182457
96202739
96722474
95967033
96104235
87484285
97283471
96931973
96109122
95994869
95918839
96300305
96325756
98544498
96879356
75955667
98695122
98523421
96657479
96525782
97770670
98525814
98843881
98721156
98699636
85707101
98783471
98471794
98330505
98550802
97000144
95814252
95617898
95723128
95638133
79398844
95950403
95817335
96522177
95867262
95990580
96557508
96494303
91995079
96026082
78790434
96184828
96805725
96021253
96085617
96201022
96878195
96245642
95790455
96130126
78595614
95692688
95853419
96037805
97046755
96117616
95695342
95759697
95725566
96462707
89770007
96768259
96511689
96451879
96230867
95873431
95911031
95978870
95737775
96558714
77214415
95940058
95943333
96503775
96227704
96079335
96209440
96284450
96335884
96090317
80856306
96058908
96277584
96226429
96329173
96233360
97045087
96037946
95857262
93077766
96018802
99733083
100046160
99769637
100001573
100128171
99597861
99536347
99901417
99880624
94671958
99816383
99783202
99832341
99461398
99693638
99390459
99816714
100093470
99825181
94381063
99953353
99625661
96978672
99987064
100331298
98997712
99401608
100212316
96708629
94016908
97395786
99730857
99762192
99936204
100066729
99745620
99768096
99359947
99293420
91359918
99684890
99283023
