304843573
197508772
118774625
95800583
93606283
102941948
97643080
92649208
98230837
98026724
98388215
98350930
98433614
97749288
92792553
97488941
98285910
98180895
99386816
99073975
99179635
98889738
98446706
98882251
95901778
97274785
97966696
97429540
97664390
123326197
130804033
113883345
98227337
99581066
93403408
97251405
96639247
96938195
103232346
95857066
95454193
95211107
95027883
95257896
94378709
95350634
95359486
95149220
95559521
96403250
93727111
96049003
96225582
95824520
94630368
96263428
96429599
96136599
96112953
111368289
105037747
97067720
97784916
97291879
95712929
97876140
97857126
91153079
96416988
97844111
98073457
98276473
96368673
97978430
94180509
95788038
96828867
95920397
95736764
96539183
94631476
96459159
94954934
94749961
94895988
95104385
96502185
95206985
95582970
99841595
100347719
105904603
100323844
101075565
96891047
100668127
98519569
92538263
100577252
101124798
100596456
96256323
100689617
99879235
100261953
102092883
101428661
100135365
101574196
99869149
102321830
101418606
99564246
101638160
101245220
99564244
99487911
101244095
101758128
99753834
101646100
99657316
103524586
103451383
100076814
100479357
100440158
96148526
100015610
102383308
102230220
103079316
101544038
101702759
100532385
102821287
101139403
102043335
102099048
100445034
99949434
101735432
99506849
103244250
96627850
101329267
99323879
99539791
99668697
99407611
98624716
107385450
100069251
99977027
99757727
100176134
98896390
87894452
96681657
98815226
99448864
97758307
98988650
98432386
96900674
97355333
96509393
97867330
98483251
97328236
98666778
99117272
97854510
99175900
97789691
97096637
97724222
96501762
98568122
98351984
96366505
96866347
97676476
99281106
93987646
98511767
97253741
97673216
98357273
98175430
98666534
97064222
97187997
96901117
96699994
96722359
96570331
98973853
97224654
97230820
97256869
97772535
98666192
99188173
95641501
97634933
98741027
97357576
99061088
98010280
98988764
97327914
98807812
97923397
93588311
97883338
96649227
91857182
97846814
96001735
96695849
97730041
97968213
95589376
96660083
96939562
98042278
98156296
97836148
98039854
97028628
99545866
98107864
99818639
92867655
97091022
98656421
92433972
97136581
101175534
99281871
98896103
98056659
100260059
97729769
99708073
99276500
94013685
97648977
98773895
97461282
97361125
97162688
97656967
93619328
98689895
98577733
98874712
98388822
98665864
99249496
99286472
98877029
97087315
98827998
98819434
99114978
98909469
97054001
99442963
99359361
98943722
101728250
100982016
99611904
101180100
98331241
90635048
100711870
101621670
100025106
100400097
102131810
101921474
102020193
102253308
100253109
101975051
100062838
102520400
101995710
100451406
100617021
102214733
101108002
100676651
100636385
99293594
101058238
99621905
