629116256
472177917
89451405
87192466
91705717
96027885
95145080
95341048
95501982
95184979
96903155
88779526
94884766
95983167
95037806
95802390
98171658
95555397
95283137
95382689
95356892
93128132
95219328
95684902
95736270
96306272
91607789
95601904
95434802
95275260
95391228
95215701
94674572
95398371
95109369
96862824
95122440
96224267
96135524
96308955
95575772
93088635
96275973
95350551
97228616
95440094
96032935
82788271
95691374
96267526
95836092
86888417
95486843
96225035
95741799
95467581
95418375
95663743
95300976
96272764
95105141
92259183
95737267
95314027
95108762
96076616
95307922
94951655
94837120
95226798
95375371
97039231
94630697
95679735
95630744
94852162
97958699
97924613
95204797
94911727
95027067
91902791
94842358
94988705
95280321
94933271
94881536
91634112
94480146
95377138
94757071
94953957
94507580
96831767
95252320
94507530
95763855
94884020
95435105
95370991
94759644
92116892
94751168
95905166
95174899
95093929
94917183
94865419
95596014
95167041
94696735
92593833
95530903
95369670
96028064
95605653
95536472
95482989
95849415
95390449
95479818
86890696
94892793
95221634
95379199
95246799
95952572
95023787
94996999
95706874
95901177
94857304
94831224
95189709
95713464
94954123
95399892
95244665
95018630
79803990
95266782
89044925
95584791
98148433
97588171
95591195
95053633
95497910
95047359
95955534
95377109
91191829
95224352
95409339
95503271
95123572
95337135
95376102
95120331
97507023
95278954
85851309
94881727
97370476
97409388
98333763
98854756
98171687
80693760
97421763
97765448
97407363
97816052
98275496
94397825
97871060
97669958
98208649
97117233
98058241
97265606
91642342
96996291
97542515
98232299
98489225
97517655
98163761
97255326
97987025
97243943
97391015
97476870
97572197
97150612
98013417
98008474
97659184
97203432
97541528
97523891
98323523
97347215
97566888
97870865
97251355
97541920
98160603
97821234
97653622
97640040
97798641
97213999
97824916
97136745
97403087
97530237
97666884
97915467
97221813
98366404
92802658
97339521
97159411
96812998
97475426
97545073
97679180
96872680
97509045
98071123
97861984
98287194
97211550
98750216
97610309
97295666
97941751
97061199
96867874
98462812
80826299
97811480
98339034
97405618
220564364
98139429
97541861
97953657
98101020
98171015
94752986
97792995
98310802
98017113
97550947
98071163
101530628
97692060
100782110
97595151
91818378
97969975
97435299
97876285
97988132
98556286
97363863
97430079
98425201
97523731
96075818
97584650
98185326
97396186
98169517
97422909
97322110
98420191
97289806
97836300
93885775
97535478
97443989
98016114
98282911
97738765
99796781
100754486
95195749
89141742
99127059
100902269
98939178
103201194
97854363
97551741
98574918
98355044
97619978
