311467573
193491378
110551853
95358311
102353334
95283911
95287274
93578477
95546829
95487199
95897295
95154854
99261950
93997819
94768803
106360281
101958345
94205234
92412879
93588482
87250110
94610374
94157194
93715657
103939815
101155355
94387744
94838508
95357561
109484344
116010893
103011569
94628721
95551560
96801162
95298168
95572597
88204966
95451189
96008025
96486641
95553280
94558444
94669389
95796357
97294180
96035000
93982911
95643337
96737244
93118562
94544045
94302409
93099032
94309491
97077757
95466489
95526368
94963559
107694548
106741066
93995878
94016472
94809354
94219680
95559045
95965275
95344862
96936890
96650170
96351897
97077997
97004562
96802084
96749215
96506694
96634519
97233754
97075674
96937399
95501471
96935501
87773271
99083857
98785388
98954572
98481282
92320349
98204270
112029323
103907188
101996491
102081071
101663960
102354272
100466112
102341426
99386093
99505856
98740010
99717267
99139496
99384170
99879882
99259739
99732945
99194235
92971595
99911825
99831325
97817245
99928507
99986515
99009848
99115220
99537709
99637889
88078770
99226310
98755948
99123544
105653969
98474626
97873669
100682932
100190587
100316963
102409852
102359224
104481713
101212746
102133727
102256002
101919203
101788165
102019773
102395227
99948011
101729862
101672536
95677523
101026712
100688399
101569527
100510405
100657756
100704364
100022116
100891108
97557214
97621070
97841741
97330495
97250365
97253832
97369131
97612693
96858221
96905109
97591664
97411116
97292393
97450552
97596650
97519930
97570070
97766707
97614115
97843968
97892785
97414167
97436953
97728861
97522338
97587974
97343743
98352872
95053028
97432558
100830398
98562942
98608493
98744766
98321753
98309142
97983706
98332148
97442276
98031983
98185776
98214688
99472479
98144748
97733670
97412206
97568868
97805328
97969568
97409025
96957126
97294334
97891548
97165148
97532326
97630074
97970183
97869545
96761982
99606606
95714666
95910572
95863940
96338163
96251176
96172351
96223460
95450818
89057337
97542223
97036455
97786583
97174549
97454893
97320070
97220149
97862155
97500247
93004954
97394799
97458468
96479206
97677196
97845310
97606379
97440805
97412601
97863144
94815194
98281562
96757047
98757234
98105643
97332572
97591997
98306209
98093962
92824274
96333871
100152678
99952852
98438531
99961521
100263750
99960220
98458026
99948232
100405288
100108536
100010350
99801274
95653864
99907942
100087545
100137964
101962965
100615584
99623043
98816813
102811309
100642449
99706406
100180717
100132042
100178672
99712049
98039889
98280951
98184705
97971147
100354979
100353299
100010742
99665073
99441441
99289178
99740793
99535355
94978206
96633109
93780793
100013137
99408642
98748238
98403866
98277843
95648036
93777110
98940205
99844248
97853046
