320179069
199092970
118399353
96089198
98317082
87993455
104983145
105129385
102377644
94389478
97240170
99032300
95589504
96844467
97377255
84464166
96538509
95818499
96422395
95169653
96261106
96197940
94880836
95172248
95384387
91737543
95507943
95347801
96194192
134626261
118169488
96093706
95798680
94122342
95459735
88581667
95219715
95824980
95684761
96220167
95849954
96321172
95656241
93533981
96287905
86979338
95693787
95738878
96281703
94758569
95805951
95269570
95286972
94953759
95856556
92628212
95796969
96070605
97001513
110880734
101577514
95822885
95509128
95714901
95688933
87477368
96917159
96047774
95971623
94810908
94486655
96821902
96200777
97818055
97553057
89993639
96628294
97028235
97033273
97149246
98204919
96552602
97472104
95001414
97248275
91887266
97730230
97203150
96985470
99274592
113810910
108973497
101723429
100923205
101420994
96176127
100602065
101228787
101383648
102219336
101091945
102928989
102681709
101920370
103129725
94999754
102882293
102439533
102441637
101530732
101070621
100527597
100696188
101155614
100910817
94743718
100170671
99071446
98985516
97153958
96436917
98887930
99216020
100005337
100224354
92840310
100006782
101657033
99578833
103826071
99420365
99439645
99304757
98883886
98975264
92312643
99128347
98186665
98241346
98069189
98517310
98637971
99708880
98904440
98430846
87713066
98875527
99550000
97710332
96251177
100592440
101005608
99709226
99305439
100073563
91855120
100816740
101386171
102293514
101049975
100203621
100246042
101542843
99753315
100981583
97224035
99224530
100475684
100129579
99812458
100197126
102002537
100507004
100068443
100813291
90732998
100630430
100034119
100530216
100635521
101699321
98952022
101439918
101137740
100007130
97688618
100220818
100375088
101605350
102055549
99751210
99377445
100505204
99331926
100212491
94349612
101097390
101895702
101298899
100337704
100544448
101849535
99813518
97364823
97043935
93962398
100000407
100297434
100122969
100091314
99333247
99273883
97948223
102298377
102359832
91606794
102336125
102144838
102504547
101225291
99665703
99326592
101258417
99245630
100350298
95462350
99660197
99974473
100804081
101492721
102774269
101198554
99371116
102245211
102338912
93532537
100516541
99849401
102571432
101473028
100414609
100890379
100725953
100691296
100030759
92941376
101187338
99409490
101614487
100109867
101095238
101424909
101044878
100099910
102437700
96254557
100655736
100259761
100621257
99280940
100087107
100937014
100873028
88296179
98916427
98506589
101158647
100975000
100261455
101722645
99682388
100916745
100646540
102146967
102352975
98647525
103172277
101116702
101850636
97791735
102342640
102714865
102887073
102667894
100439688
92850546
101068107
101122897
101175710
101123146
100304057
102512434
101743800
101594822
102407136
93210036
103258462
103523094
101722737
100474214
