260480446
196097499
116297980
106170563
96882960
96916230
96472326
97141437
96774492
95911881
100261566
104729262
106260009
97242061
95673887
96259763
96204723
95755233
91123841
94924944
89489622
96379190
90656334
95571805
95940059
95961804
96130649
95846141
95785275
122133710
108775542
111335770
95629709
96750353
97220114
96577962
96117182
97268543
97492624
96605229
84519982
97803272
96183718
89218467
98387257
97250160
97428437
97289409
94052629
96125687
90453667
103282424
90669926
97426730
97248751
96579141
96621976
97318990
96885726
96350836
92700598
99884980
93772700
97497777
98521767
97584870
97324234
97330266
97848487
97062348
91664279
97718750
98500026
90962108
96103695
97896122
99373402
99353882
99140431
99494347
93968081
99662526
95379952
98520936
99295917
99514730
98908667
100123428
98242648
101245870
101219595
98398820
97914859
98519435
99279522
98195481
97864816
98106094
98966878
97827852
95079794
98910494
92821605
93255626
100245947
98884838
100589692
99328255
100355113
99154989
94389680
98945947
95053705
98302667
97985495
98894998
99399764
99106265
100449705
99478351
97513056
100430868
99523409
100605612
101871128
101827976
101352270
100356479
99768127
100127445
99427322
100713263
95284171
93763440
100579824
99900103
99335046
99238203
99378931
98050345
88968025
99459660
100512964
100221943
99653143
103421094
99106602
100570744
99651921
99190628
93190252
99564654
96534198
98983965
100568748
99605779
98924698
99242903
100651626
99505439
94597440
99194861
99713619
92839062
99115551
99231406
100801610
99093634
100525498
99943105
92304115
100784454
94117862
99413545
100105088
99846752
99438903
100437662
99942100
99577089
90242011
97753930
97713335
99656208
97739586
97653326
98811845
97291070
97246013
98829790
91860093
97762275
93762913
97064005
99494941
97936709
98741157
97891355
98278435
100823549
95453560
100714398
97120350
100750295
99524780
100519498
98616337
101198771
98681436
100445480
88454173
100136304
95114624
100804764
102698399
100173001
101836446
100582058
100911726
101016085
92707809
100992863
97884995
98488300
100484182
101665241
102438336
100758308
100964884
101574287
90434010
101652824
97774537
101198111
101446580
102393511
100745448
101506142
102042573
101641220
95645638
102823412
98167816
101731050
100573958
103790888
101372910
101716009
101325493
102093207
89738216
101848526
100730506
95398081
101658180
99526869
101567007
100996802
101222247
100526477
92452994
100489675
97651464
100402394
102805467
102632991
104405910
104000498
104800314
105765515
97861927
104444428
99034271
102803641
104102213
103969786
104802161
104275363
104047547
104032983
101670289
103743549
103461608
99016615
102755772
104499774
103863740
103939004
104365520
103810166
95151855
104326271
101956566
103793320
103898237
104145870
104384943
103794928
104602055
104371860
