313528605
200922775
99289071
99166048
105596298
98826773
99316749
96877284
98677568
98906243
98684058
98277511
99343808
98638629
98911286
98778001
98219395
92650523
98255006
108769852
97013729
99074190
99029679
99017778
99249055
98585674
98458993
99115128
98981872
112043537
128135798
112070359
97237184
97412358
98229202
97268996
97827746
98082936
97387469
97509800
97424959
97694262
97633902
97962299
97678703
97121529
97519058
95651748
97623515
97286849
96984992
97738803
97119109
97607062
97719104
97541498
97467704
96924796
98348576
99562079
112904272
104209426
97596754
97947405
97454401
97667575
98346177
99330130
97557503
98834500
97458565
97421528
97728349
97139388
97028803
93710334
98246913
96167207
98736668
99526493
96699860
98294659
98715551
97366381
97639698
97791746
97565094
91439748
97532137
110097395
105794347
106004159
97703500
97725117
97419037
98357511
97440052
91959588
97742681
95868469
97044237
97411369
97761416
99614946
98359426
91638272
99079227
99019398
98597145
98494732
94738966
98887011
100217471
99592989
99538629
99489620
100068399
98870399
99304830
99749392
98881945
99918116
99376068
100170550
98895510
99076386
98713541
96519583
100102393
99689751
99982869
99825958
100259631
99765066
99969514
99130898
100169537
94112371
99398041
100865043
98452765
99733793
100775249
99617583
99517739
98906472
97240111
100265100
99788484
101157327
99364807
98875918
98983229
100100525
99447002
99849419
99376194
96322248
99799531
100915428
99129158
99461739
99718426
99283338
99419962
98254765
99347026
95786647
99180030
98992508
99565564
100388919
100000724
99238561
98049228
100289599
99354425
95465888
101607923
102593620
98038189
97860113
98105652
97563336
97523623
98248698
97245865
95298801
97590637
99108552
97637325
97406595
96688403
99183810
98745049
99915517
99733899
91133570
99974422
99569923
94319733
98570285
100012631
99596462
98864496
99685014
99697309
97485069
97586304
100507362
100714633
107198434
98222989
100019204
99825718
100307804
100701309
99116381
99745786
100156431
100508630
100460248
100104807
100523763
100166690
101159426
97905469
101464776
101351642
104130983
101927921
102809746
102185103
102684776
103396309
101445854
100881799
102573375
101892996
103861998
102636330
102920386
102733856
103043657
102982705
102433812
102625207
99455170
101514645
103405229
101969546
101814563
101818744
101376401
101449763
102277772
101931340
102063524
101769503
102653117
99996291
101824767
101825812
101493552
101909233
101588366
101942850
102326091
101703374
102482484
100757415
101189405
100876565
101297094
101482028
101411247
101301588
98801505
101296584
100679865
101443428
101553568
101217812
101770549
101250049
101559975
101027414
102989437
102374478
105297094
100687176
100452849
100428030
100884050
101363703
101804225
100021117
99695334
100114149
101157631
