311713683
199141374
149757153
97536054
98762934
97714555
97381805
97908842
92997081
98157749
97082538
97881510
97123630
96754091
97338522
98243775
92044073
99701850
113176883
108198846
100854643
100192842
100498329
100016808
100875837
98425604
100776270
99812522
98295045
126753236
120732118
109464069
100549938
100158373
101068938
99673246
99948572
99227521
97372971
99314920
99163723
102593165
100914894
100335008
101181325
99796608
100093149
99117649
99639256
100809369
97933837
100551053
100340115
100847061
100038022
97827465
100965903
101016888
100270697
113153845
111670024
102168708
101944066
101493622
102840314
102893120
102436645
100663283
96410930
101059050
103995512
100489640
101689278
101371508
102026581
97717661
101672242
101465854
101402804
101650952
100984891
101031704
100117828
102686404
101775461
102123660
101771808
100802230
101084347
100577204
103679454
118553326
101745733
102913749
97700007
80861065
102222224
103632162
99058207
101805242
103350230
103236609
102309967
104616998
103188341
102131461
104021232
102798519
102455595
103867347
102498982
103768268
103063108
104704839
102902292
103610687
104674996
104712668
104077070
101017013
98786563
99252722
99096782
99359452
98740063
98828774
98993111
96612060
97307796
99246113
98256549
98766770
99088975
98858206
98654240
97757055
96970275
97839330
96610314
97177803
96233472
98383979
95383566
97420801
95883535
99653594
97308665
98131785
97717516
101116912
102348395
102257088
102750956
101434608
101995686
102781242
104689884
103762085
99744010
103845773
104179586
103792467
104819995
104503406
104808598
99110006
103543460
98411920
105004434
103968297
103931860
103798302
105218837
103614628
104845646
99679454
104132906
104667334
104162576
104193779
103264548
104062999
103837845
104212185
103269353
106726343
105440061
105739355
98260867
105112843
105069477
104097146
104045763
105367085
105730420
103567535
104126721
104461025
105667788
103518111
103328174
100127103
103544110
104031165
103870747
103657693
104376913
102802571
102245642
101666372
105974316
104796320
104097188
104794860
104700942
100445617
104018874
105984395
101774819
105772676
109793677
107522319
105641456
106533350
106201062
106561056
105763016
106268330
107390900
106502887
105319646
105462951
105901625
105423041
105701826
107310219
105038897
105041831
106092516
105616506
102912723
111599835
102663057
103139537
102879230
103327114
103591592
104950711
100775089
102397882
103714158
102913525
101328050
104087527
104067078
102432871
103601773
103994013
103302283
103646549
104243585
102877842
104308096
103655272
104417116
105072499
103459910
104272864
102209955
103725588
104528876
104554633
103836998
105003530
102527421
103914035
104059627
104324590
100922152
104501315
103834450
102575690
103403638
103693983
103242339
105123945
104044908
102788242
102531436
104479323
102541292
103594372
102893510
104696353
103419068
102233119
103570807
103212769
104001092
101508866
