227345724
122191790
96595411
69330688
66873313
67305298
67295649
67063906
67225896
67234679
67091739
67105361
67290768
67441446
67243619
67425789
73055907
67390339
67049362
74141964
67307514
67498816
67334714
67535941
67275527
67745336
67501859
67652439
67379613
67255408
67385309
67360777
67165527
67232664
67237708
67223676
67456258
67251837
67283942
66837580
66964458
67235841
67685702
67347755
67207380
67194171
66773297
67145414
67421613
67081865
77635350
67095290
71434150
67380793
67686424
72623015
67108353
67164096
67251603
67080318
67376386
66962299
67611885
67554225
72678485
67258330
67269753
67206436
67319605
72624142
67680760
67455015
67224472
66794282
67250528
67552866
66925236
68743758
69053048
68405900
68420076
68346347
68525098
68616851
68742023
68229861
68503846
68374688
68324635
68280388
68415505
68782706
68459901
68193871
68462331
68508975
68346324
68366925
68379123
68471891
68565701
74466662
68316813
77465070
67452075
67331038
67276638
67940297
67970962
67079338
67958865
67432570
67129095
67126237
67786872
67044582
67434779
67260608
67161137
67232455
67104585
67441002
67092220
73055408
67184546
67748804
67042263
66988243
67426163
66621642
67464451
67412431
67161812
67370951
72988265
67443398
67142798
73485317
67194041
67734592
67561588
66933613
66994049
67681154
67416109
67117102
67730754
67026831
67988530
67069392
67586480
75330395
67205444
67157482
67489331
77697799
67219939
67196755
67501369
67122758
67206329
67545150
67800129
67471625
67205025
67266636
73403269
67297431
66934720
67219829
86617698
67524946
67276335
67173043
67271413
67083298
67306080
67392587
67506280
67128875
66789072
67268976
67721414
67362808
67456891
67356638
67928272
68351476
67722306
67385176
67499488
67176745
67128115
67981278
76808838
67111813
67155632
67160516
67187578
67422841
67268399
67373735
67378506
67338056
67470266
68251851
68528127
68560707
68706455
68535895
68814378
68402654
68610271
68749436
68671083
68651810
68414598
68475445
68617523
68389020
68937655
68469664
68413656
68672184
63837010
68451953
68760211
68692986
68490448
68798190
69279929
68690380
67309608
67630121
67563236
72424676
67519828
67079080
67225032
67111797
67284341
67583211
67222410
67442342
67125056
67335497
67216167
66992229
67266909
67952495
67376867
67154381
82313635
67243938
67471499
66973540
67340413
67465502
67067377
67028234
67401295
67574679
67441778
67358314
67291043
67213125
72595427
67258648
67135249
67354913
67599741
67796705
67113955
67163722
67108645
67295651
67311628
67027987
67001006
72737045
67335690
67291124
66272993
67181512
67050835
67112624
72782406
67312001
67015038
67137025
67160211
67063356
67313960
66981557
66509171
67431566
67262908
67620563
67510117
67497985
