313875603
195617182
129000400
93241245
93183773
93902396
93917184
93696963
89303003
92837616
90487633
93106805
93858524
93128485
94110733
88625007
93813372
93164252
82435979
92568814
92786007
86437383
92487890
92644037
92538664
93406066
93012492
93212588
86243753
147169310
118476114
94514137
94821561
94646990
94841557
95174269
95417530
94858481
92360415
96273843
95130658
93548611
94951250
94602731
94715227
95357367
97121132
95734925
93622161
95297050
95160118
86750914
95304009
95753675
95177660
95022487
94939362
94892792
94534137
95437072
103310599
107409418
99730686
99793379
100195115
100856001
100670739
98662806
95960028
97120945
96958670
97187101
96950580
97769123
97004244
96699897
97819969
97292404
94167382
97031424
95447508
84807218
96604293
97308454
97724608
98045304
97721178
97183873
92666742
109748387
96136122
107546524
99239457
99390903
100043186
100382612
90831413
99750398
92228003
98983324
91003480
94040651
100128192
99750328
99556009
100903022
102823298
100968575
95793996
100617227
95138062
93516275
100586240
100373437
101590381
99988471
100704244
100568605
99495793
102423084
100959214
108372531
99010583
100293266
101698325
101659621
100156511
101828732
98911147
102047488
95985496
100648950
96314429
96463491
96720356
95931782
96894685
96393401
92961203
95860003
96395937
89939637
95625133
95690008
96060294
97360346
97797339
95736805
91989853
100724029
90103748
96921635
95247612
95654727
96339554
96973516
98147788
97474398
92626485
95765104
89308402
95597298
95507426
97956139
96124957
97880328
95616136
97601474
89595859
96872992
95607760
94027966
95330364
95250188
95518352
96951108
96757625
94036541
96540085
98333563
101424105
102372516
96267719
101038289
100681838
100879038
101199044
101106808
93580882
100536758
100269766
101520248
100964443
101239723
100813809
101191377
100695583
100491680
99036764
100604761
100952815
95887067
100347846
100507157
100518032
100282072
100835600
100853793
96425853
100608010
100938899
104422589
104503506
104451065
104736452
104430294
104459335
103502616
99380913
105636917
100775807
104301455
105497890
105928234
105589809
105655888
105158374
104372692
97807232
104787978
103506010
102497197
103835186
103756026
104025563
104345405
104242452
104056206
104202954
102099393
104360712
103974946
104180671
104218701
103529162
104274534
103830308
101890929
102068911
103930818
102091151
103878100
103921496
103587611
103588709
104677889
104275945
104503863
102808903
103670698
103687546
95208143
103579421
104837762
104042232
104083797
104195542
103991569
101327704
106032908
102591245
102786267
102220372
103754235
101965848
102840696
102459072
102342194
99103002
102545815
101790665
100254104
102255761
102304569
102624021
102562045
102717070
102614525
99227155
103874120
102749560
94260464
101231819
102626632
102009999
102626586
102427714
102221541
98975343
105179645
