711152613
571329472
93712090
87133948
95024713
96888751
101424406
97227080
96646370
96797301
99121484
97741790
97174640
99461769
81616353
97529015
101291830
97080474
97194342
96719022
94411412
93575936
97159276
97455186
93171643
96931773
100625615
96699495
96507380
96543661
97609085
95955009
96360343
97133200
96598879
96423367
102573877
97415704
96580571
97354348
98307899
99288886
98418005
98729202
96672200
97621995
105759991
99331935
96566831
96859273
99117894
93519636
96758471
102117248
96390594
96419831
97323599
96716999
96738667
96666523
96704932
90112814
96828275
96647814
96901098
96441812
97898165
97230610
96656084
97259605
97918334
89507061
96766979
97651360
97717274
97650596
100856012
97108329
97198985
96233665
96579742
92547158
97230406
97273510
90923013
96722049
96772759
96377238
97821916
96252232
97057369
92345045
96844176
98718465
96860011
96615440
101643493
97189477
97702501
97667338
97555124
92938422
98321474
98804830
96793853
97896193
96297449
96482797
96869400
96822366
97453372
91903589
92806885
99323377
92775470
96433129
96903175
96562404
97231892
96372321
102881175
96654130
97267827
97617260
96586926
98537814
96979859
97440012
96533956
97634822
96782815
91990381
97621278
99065256
97189062
96760957
96743171
96561314
97451554
97603880
96748240
95499791
96685560
97213260
95993526
97549113
96781479
96475124
96802514
96883354
96784407
94057340
96887424
98069316
96860029
96794576
101012807
96842278
98114889
96770950
96134482
96322693
96986715
100270731
97938185
89580000
117296566
96551470
96659681
96534661
96641526
93137678
96831853
112574431
94067598
96314836
97521633
97646129
97584954
96487925
97397856
91992366
96361903
97898058
97487257
96421179
101056593
96437849
96998530
98585621
96920555
96264856
92568455
111281573
99724396
99429928
105204320
99415090
96427505
96630532
98129063
92047094
97738995
97972926
90032995
97642686
100789257
96348456
89634556
97394564
96791380
96592131
97714064
97308261
98067093
97939965
101666823
97201709
97503037
98215572
97662071
97828408
97180062
97795359
98188687
96933484
101269954
96981873
98472196
96856732
97249341
96164250
96992126
99380557
89439871
97040226
104912873
99475210
99556857
96678083
96827326
92066147
96991002
98799096
98579658
96392850
97212915
96558651
97678827
96420034
96823752
98269156
96831158
97034616
96645667
96653131
102750663
99950584
96769575
96630660
98535034
92735785
98321594
96680152
90445294
96642907
103368823
96737254
96433567
96485444
96741292
94154583
97114832
97215808
96809785
97017873
102409420
96992381
96729636
99002024
103497191
95492746
98539237
99361755
99306521
99142036
104205368
99605587
94706275
96519710
98817878
89839325
96848053
99188509
92747566
97077842
101335490
96600227
96754490
97624003
