773686915
672793127
101402027
94056406
97853361
97650951
98007829
98357398
97775220
99560218
95951583
97971956
97689088
97698997
97471616
100408186
100847719
101264973
98502255
97830194
90681464
97919134
97656889
98078580
82310583
97859306
97818726
97940929
98481372
97976876
94836859
97611567
97593332
97957831
97721494
97687314
98262847
98035104
90626890
97711758
88134882
97726216
97768073
91513533
97330411
97523528
97427780
97810609
98310162
90544627
91238276
97951282
97902438
97981525
97648103
97738305
98166701
98483057
98606240
98126542
94381096
98392348
97891539
98024651
98024238
97985303
97593089
98015598
97837682
97894439
95545122
99965369
94492045
98025184
97874166
98477199
98093671
98296929
98659431
97755672
94863141
97671883
97529157
97911043
97524791
97703552
97682622
97729266
97399184
97389957
92839311
97368911
97323531
97449120
97484489
99852034
97624856
97953324
97599939
97233915
90090374
97455762
97386960
99747338
99959272
100492132
99890634
99974853
100093601
100360115
94440575
97440215
97833878
98358271
97283078
97916713
97980204
97418653
97083509
97225231
94641773
97538117
97612114
97832732
97832392
97619225
93636703
97749509
97340753
97571995
95125161
97394951
96927277
94485525
97156625
97736505
97448689
97720499
97555538
97582588
86136995
97314225
97020611
101560390
97477102
97497926
97368771
97360037
97482665
97548905
94123968
97490556
97367766
97689806
97421215
97354463
98142404
97337024
97213541
97257092
92472873
97459105
97426012
93906536
97667030
97336669
97286602
100034565
99855049
100008921
94846219
100168878
100143452
100299641
99612507
78020213
97384568
97521764
97202182
97370665
91404465
97443527
97614824
97956001
97862840
97609062
97377674
97471731
97579092
93718742
89470199
97108887
97713058
96874626
97732972
98308102
97969329
98043574
97498882
98014020
95190060
97615214
97283616
97406456
97527041
97422344
97559279
100406135
100602921
101043680
94386340
200215525
97354508
97416312
97344125
97492111
97732454
97455906
97478341
97442492
93763112
97249076
97646773
94861003
97725950
97847422
97619205
97753095
98185942
97665181
92355127
97658112
97523870
97576089
97316274
97229178
97057732
97503901
97169701
97416231
92377983
97471149
97510910
97564385
97473289
97595015
97737957
97180466
97441780
97677458
97683162
98118783
101349208
100661809
101108333
100663605
101038964
102726907
100759008
118091130
100879576
101447551
101189965
101304192
101433380
101101292
101378899
101067166
101232064
101973352
94035814
97762728
98037839
98128070
98998924
97809147
97910896
98044879
98519639
97990446
94875187
98032204
97851013
91175092
97980068
98260078
90337364
97736294
98191304
98066336
95856233
86825235
97904521
97925649
97630437
98878305
95105170
98396223
98021394
98055644
