234300997
118322258
72797796
72518390
70155944
70330888
70082625
70305865
70055690
69688867
67935106
78852308
69231961
69362559
69265075
69581585
69315334
69560021
69322041
69272058
69601755
69398637
69617575
69238789
69033433
69335803
69230120
69177045
69421839
69319531
69318544
69502573
69246989
69702216
69190204
69566891
69537751
69622463
69230218
69215277
71403926
74745902
69478728
69549311
69192856
70097817
70226145
70230956
69906818
70444931
70166150
79943998
70224998
70414939
70474809
70530171
70784343
70154260
70291544
69175784
69225396
64908685
69389604
69141074
74572711
69827517
69207046
69432074
69596244
68921973
77383809
69307315
69257773
69516160
69392068
70098964
70197225
70529748
76038091
70248541
70604484
70652488
69998794
70408886
70219837
70245433
62583714
70256457
70340144
69449945
69434724
68851685
69108060
68851492
69101149
69112704
69711246
68990413
69066289
74648631
68829809
78786491
69105578
69269039
69451095
69073248
69226591
69129488
69310722
69274746
81450583
68969645
68946571
82261127
67831148
68686388
67905162
68042911
68008310
68257426
67876216
67952563
67758486
68492488
68494188
68552024
68235755
68140851
73302609
68327221
81754379
68227008
68600752
67652068
68066485
68402057
68409646
68396620
68038333
68042851
84415341
68228684
68157093
68086252
68088529
68553396
68404676
68321924
68369135
68515464
76123856
67510067
68094209
68523955
67729383
68263522
68087750
68356614
68289939
67978410
67825758
67919831
68504100
68059902
68138124
68415235
68367545
74001758
67936829
67954974
68590689
68649423
67773426
68113875
68286648
67893954
68526785
68236965
68646170
73706898
75240777
68380377
108000212
68093127
68580420
68547005
68648976
68721120
68638692
68210374
68395771
68411030
68454450
68678905
68101716
67975226
68671157
68289028
68593175
68368091
79060009
68209519
68019144
68736453
68015881
68079297
67995014
68090775
68581626
68315427
72554112
68458344
68949423
68148081
67968974
68448664
68240417
68135284
68333198
68438423
68555305
68121914
68255860
68131653
67929776
67990310
68273578
68331716
67936805
68406273
68065659
68010883
68146607
68502289
68854392
67982322
67963837
68060085
68092783
68465268
68376843
68253822
68095252
68027314
67945718
67992560
67984197
68104609
68060570
73428429
67920662
68053157
67961175
67939590
68078691
67976248
68631191
68058039
68409305
68322214
67993309
76774593
68145013
67810671
68126514
78371408
67162906
66937521
68126340
68310347
89554578
68688559
68333001
73445893
68325729
68200832
68252524
69612715
68016762
68336552
68772625
68050390
68531193
67918766
68038958
68353753
68744768
68264849
68204856
68757752
68180185
68111781
69686654
68131504
68231980
74277585
68508342
68396497
68122964
67838401
