240499689
126486072
78650165
93666718
66701537
79084154
68977431
70910573
69266883
69548199
69162765
69366682
69656924
69211635
74371358
71422331
68882249
69774731
69192185
68969127
68849882
68955374
69077939
68715304
68676757
74248458
69025804
68759279
68971926
69383050
69018572
74079153
73849678
68504433
74732026
71708626
68547240
73966425
68589245
69022235
68884957
74025029
70873916
69473229
69641824
73853276
70680857
70399422
70001562
69954000
69746748
75833491
69762950
70315935
70031950
69938871
76081435
69927104
70071306
68609233
68662258
69327150
68878539
68882515
68744948
78940209
68977468
69357619
68679920
69050546
68621678
84529669
69020754
68455701
68736331
77573101
69410837
68608264
69229520
68833747
68950923
69366954
68922805
69292135
69318256
73881922
68324044
69533241
74103756
68900513
74144296
68640295
68624666
68930929
68911401
73688970
69201225
68589754
69266223
67483089
69002906
69388498
68932162
69840400
68978213
71987210
68596880
65511921
68805113
69000213
68956593
68948056
69314446
68713313
69714701
79312383
69520501
69332762
68588226
74293195
69345519
68848514
68978480
69563802
68808481
83558186
68905673
69002366
68836413
69545804
68949302
69232056
68845739
69123823
68833634
73782962
68874907
68836815
69077159
68576465
73953136
68699053
68823806
68810758
68835575
79041839
68894397
68712910
69292239
74118022
68741228
69214588
68715588
74421427
69337933
76206954
68940204
74578526
68534087
68908247
68934963
68985769
68980286
69225470
69318352
79015508
69093695
73786042
69252186
80106286
68859814
69710220
68921604
69184857
69008647
74428863
68936266
69327415
69218450
69389956
69074051
68911266
69520864
69440739
69177933
68979970
69307345
69286654
68974431
69275576
69641953
69014004
83442659
70137414
74363665
81435794
69030437
69185978
68434107
68856623
69173151
68955796
68613139
68617574
69029055
74267916
69366641
68494155
69143344
68787702
69231389
69043831
68665611
69278564
69294805
76583488
75261347
69919749
68645333
69165566
69130020
69018153
77748443
68963217
68688715
74363596
69228044
68831629
69365034
74948293
68540687
69109867
68818453
68725404
69265158
68823588
69410623
68781573
74241177
69152304
68679805
68753529
68819079
68993101
69341727
74356468
68737035
69382137
69062734
68675606
69537960
68960996
68680104
69103929
69102112
68885868
69023383
68583614
69218531
68683505
68701075
69328444
69976535
68480899
68542330
73462311
68434861
68604710
68694795
68830548
68918351
68652398
68596221
69344021
68583219
73315049
69136517
68704173
68697673
69101256
69263026
68901109
68957919
68673894
69379955
68739704
68726034
68344783
68552035
68542643
68896635
68576505
70089037
68772738
69714458
75593082
69118968
68579316
67566579
77405339
