231350205
127930816
80846237
81122836
67625388
68421664
68829069
68346149
68449345
79657089
68631346
68426325
68510954
68452125
68175754
68388492
69464599
68329285
68181171
68029168
68991988
67808503
68667489
68520178
69336958
74859122
68586528
68276280
68458672
68313139
69439768
68325114
68272921
68024101
67717405
67933519
68281764
63138545
68113844
67779996
68355648
68026806
68388769
68280857
68577081
68316028
68279874
68578290
68316356
68191360
68103077
68614708
68390025
67751525
68186456
68222117
68210061
69037218
68142361
68428307
77580645
68770433
68949510
68478337
68212399
68746827
68557624
74346980
68481549
68991757
68274788
68848937
68677785
68472801
68829008
68683214
68439398
62139186
68591763
68668124
68659553
68606871
74061172
68499883
68739735
68348180
67795266
73611590
68524168
68194647
68243143
67858934
68521133
68043785
68080461
68432458
68371020
68668879
68491216
68265182
67772860
68468415
69120545
69118628
82287010
86705296
69525701
68420090
68554735
57795871
73344443
69152451
68155521
68464235
68168167
69278156
68094216
71859042
68485602
68205322
63872111
68519309
68744068
68131673
68512325
68440869
68727378
68161238
68408806
68427604
64156860
68402145
68925211
68718462
68361719
69491205
68629552
81136602
68312222
68639013
68667069
68853629
69519140
68296509
79569511
69017207
68495252
68683191
68149031
68450898
70529972
68721593
68157216
68085776
68338237
68502833
68424895
68337458
73827064
68946257
68308876
68481065
68625421
68845193
73326177
68675763
68810022
83909272
68536997
68602470
68466506
68430978
68459518
68166858
68879266
68572567
69127624
87374127
68393539
68151502
71648987
68351642
68747993
68138528
78929366
68067087
68421225
67928243
67906841
68264054
68654324
68858693
68384865
68212770
68738093
68727157
68446301
68468943
68154161
68211563
68310338
68227202
75473606
68210879
68472183
68210671
68350739
68164129
68466066
68138314
69056973
68219404
83097762
67891052
76357717
68395824
68998429
68224367
80421319
68410800
68456161
68050661
68266579
67622798
68180844
68397627
68540807
82116352
68134379
68467540
68447248
69575360
69812670
69147635
69849935
75453689
73150079
68394301
68870309
68465108
69047363
68294092
68339801
68377533
68535534
68427004
68958284
70444065
68670532
75344953
69026459
68533282
68384647
68311876
68012230
68348568
68181600
68715301
68126664
73334421
68405382
68266346
74186445
69939660
71833624
71629529
82279209
78655812
70485358
70124875
69863083
70515739
71351319
71315051
71821926
71636167
81576633
81128773
71489882
71247232
71075474
69838532
70307362
70803306
70020689
70720596
70611798
70159980
70343608
69970952
69690236
69800084
70234471
71001518
72057751
81806405
70378619
77248323
71955500
71734489
