4395662
2429909
1188989
1132183
2016737
1625481
2199011
1584153
2223437
1605659
2228788
1577142
2200679
1983202
2215142
1768349
2500815
2081926
1962097
1624090
2154446
2237357
2258284
1872827
2251034
2258609
2256400
2445686
2305517
1973460
2089359
1929540
2300866
2200598
2415498
2073685
2437016
2114289
2215509
2077301
2198106
2177281
2443830
2129334
2277339
2258791
2346064
2112649
2248824
2097797
2354481
2357332
2435774
2107608
2452105
2097294
2436048
2079581
2344586
1973916
2323629
1964794
2486779
2031436
2424425
2491515
2371224
2067982
2471547
2207383
2256081
2183494
2324332
2539746
2370516
1908182
2242995
1702619
2304187
2215856
2394358
2432918
2516933
2049704
2306052
2208480
2311290
2088101
2324627
2121321
2179042
1982381
2336065
1890432
2523003
2463623
2336197
2325177
2163979
2109218
2458597
2159147
2065258
1637099
1708188
1738447
1752764
1946498
2202469
2124338
2156894
2016231
1962058
1884111
2149953
2204007
2076006
2014767
2206771
2036027
2031652
2053490
2281051
1909416
2096915
1959064
2208367
2132412
2126953
2131922
2381270
2222580
2318355
2270676
2380882
2238784
2188679
2126286
2067121
2108237
2157349
2108839
2093618
2278086
2219906
2052683
2181951
2207770
2141800
2085732
2080847
2151747
2104432
2012987
2110404
2050222
2218319
2086369
2137798
2067398
2087047
2110103
2118317
2172643
2294849
2088954
2181366
2128070
2312580
2080058
2162353
1990914
2177315
2076688
2197113
2176188
2098362
2012261
2078706
2192183
2251980
1991482
2121754
2278055
2198797
2215291
2292946
2139533
2163740
2072517
2256999
2478118
2433010
2370912
2300797
2116497
2365575
2181482
2345831
2200913
2294110
2195779
2219740
2301015
2225775
2081100
2172783
2226419
2284315
2155668
2272101
2277451
2178529
2090682
2339187
2256216
2292321
2058251
2284523
2237900
2199116
2102181
2403282
2259171
2289230
2211023
2323044
2205523
2181679
2218782
2277025
1887120
2438479
2160408
2298506
2104528
2259207
2051047
2244981
1969359
2094184
2044102
2187331
2129254
2204943
2127390
2160759
4226059
5776494
4542746
3692432
2014852
2451685
2415513
2535613
2495674
2454787
2334453
2389607
2243175
2403536
2378582
2451829
2424021
2367403
2249428
2417283
2449836
2341522
2407430
2465648
2428892
2436013
2284425
2411723
2409637
2281034
2392472
2455059
2373971
2463536
2284736
2416233
2320395
2293241
2315495
2455481
2426317
2376710
2377343
2322682
2393483
2400396
2414313
2405413
2420033
2522669
2408253
2318179
2297581
