4767056
2846788
2119837
1622827
1578758
2295791
1874834
2281882
1763124
1811292
1704386
4944835
3010154
1895975
1245973
2274318
1957480
2248699
1959779
2137952
1872529
2277640
1870885
2220432
1997874
2149312
1996288
2196677
2349556
2877278
5025061
3087032
2658397
1873492
2038918
2200784
2137074
1864252
2177477
1839188
2117823
2230080
2275554
2305179
2221010
2068515
2029550
2265595
2077783
2167207
2319757
2175708
2078157
2464101
2376855
2271215
2333541
2328272
2410574
2221857
2060021
2293205
2504012
2260639
2494653
2500086
2414802
2287125
2364822
2364301
2337496
2479080
2026464
2233403
2351544
2376669
2298649
2405781
2266656
2359101
2332363
2340883
2515384
2269769
2368974
2396366
2244062
2273567
2024506
2211278
2324525
2356040
2219305
2524804
2230746
2371175
1958332
2359780
2439222
2412000
2456607
2480766
2226390
2462805
2313006
2511567
2404246
2483658
2523019
2431870
2374887
2359875
2294904
2417179
2423881
2500435
2513994
2532105
2272732
2145627
2562246
2510587
2557271
2580933
2287900
2504814
2309661
2345663
2248872
2621757
2261279
2660815
2514903
2436844
2441176
2520765
2249394
2380037
2289981
2359419
2549419
2662432
2414955
2561932
2342374
2631600
2504999
2626416
2530387
2589188
2499578
2649153
2466103
2346469
2332238
2585925
2544197
2524963
2224384
2451778
2550234
2609693
2340115
2660981
2630933
2634332
2481324
2593443
2454014
2616780
2458409
2599133
2693067
2483439
2185840
2602245
2514908
2623814
2517587
2647603
2651546
2425644
2247650
2638224
2473039
2578929
2493252
2580275
2545878
2365559
2565274
2631933
2461958
2628134
2604263
2472195
2512942
2636920
2545894
2440095
2332237
2510682
2407814
2619269
2457823
2714351
2592173
2719068
2316117
2688459
2638114
2639113
2603487
2605753
2583948
2629289
2399356
2496270
2250661
2572703
2244495
2421814
2460751
2339275
2318708
2177881
1927348
1956387
2213626
2237475
2387821
2500619
2245396
2411176
2293352
2417574
2235497
2285196
2445062
2504340
2298870
2555487
2349049
2601085
2174635
2564654
2321969
2533994
2226146
2313915
2519101
2552987
2274249
2163582
2578770
2331984
2320229
2485422
2316859
2385442
2220203
5551968
4271377
3507925
2566451
2459007
2516077
2659699
2423088
2618760
2340413
2467199
2250806
2533362
2277621
2595471
2542351
2475719
2377136
2584501
2327739
2591835
2537548
2433134
2415992
2611490
2264836
2476072
2206721
2637881
2597742
2551802
2495448
2574311
2426185
2570281
2385980
2579334
2434367
2593880
