633879
963135
1491790
1344737
1491084
1220516
1219682
822779
1408358
1359551
1280321
1281236
1331495
1339373
1357265
1342192
1463954
1408713
1270548
1381290
1457794
1328383
1323111
1481904
1360366
1240146
1492554
1382144
1377935
1383698
1383333
1305587
1472819
1365428
1533240
1338607
1516296
1411829
1488758
1468339
1631238
1451770
1237920
1387026
1449033
1437405
1611198
1347660
1398633
1298587
1275359
1262157
1409055
1364764
3371380
3152467
2159043
1200059
1155311
1319505
1106839
762027
1073747
974466
1304602
1189073
1263347
1181317
1328578
1193122
1341684
1193964
1330384
1137152
1293782
1242523
1251228
1168375
1299847
1255284
1371524
1128706
1334358
1211301
1318133
1255178
1354759
1184006
1376189
1192106
1366995
1295163
1383948
1210007
1394125
1235651
1220345
1212809
1414745
1227471
1414935
1185993
1384601
1169998
1360699
1009481
1310702
1181751
1186646
1319030
1384129
1275123
1418514
1229825
1416925
1065221
1418211
1244650
1401169
1244748
1412089
1252253
1400185
1250308
1407648
1274907
1398274
1267653
1446115
1261857
1328592
1196052
1448629
1286807
1453284
1256362
1401589
1235811
1327693
1222256
1486604
1176873
1495891
1310180
1466130
1110738
1221137
1238181
1446710
1384272
1300044
1210546
1419275
1242827
1413055
1256331
1467533
1191636
1391039
1304061
1380169
1215559
1199227
1145287
1286555
1308861
1403255
1375314
1430786
1322921
1459355
1365794
1405216
1398993
1459604
1342763
1452014
1343353
1455106
1252181
1211762
1333869
1436179
1391095
1483614
1355503
1458971
1347031
1461350
1356374
1463831
1316217
1362182
1214057
3412675
1409159
658385
781981
764391
1165430
1305969
1073623
1091425
1149056
1175055
1150510
1310833
989957
1246379
1166471
1206407
1252537
1275982
1274009
1308123
1266951
1361130
1185006
1363732
1263861
1415313
1375038
1403927
1358809
1347178
1135907
1404773
1274830
1322152
1357053
1362491
1452324
1407544
1432350
1477790
1423235
1235680
1321402
1369273
1312872
1379421
1318693
1288790
1368049
1314482
1340412
1496140
1425229
1479940
1440300
1423869
1462396
1382749
1437409
1404341
1396774
1465599
1385774
1469379
1464084
1476419
1445630
1405270
1414693
1475320
1445095
1487866
1493332
1493806
1447959
1489614
1370465
1420910
1425154
1480394
1453280
1412150
1492530
1350252
1426525
1330364
1439879
1436646
1249263
1256807
1236163
1043974
1195061
1050274
1256431
1384385
1331374
1298786
1387473
1042193
1416307
1410352
1340464
1418040
1358093
