4625404
5348718
3422801
1499153
995256
1313995
1003994
1221169
1068236
1117640
952071
1339256
879339
1551180
1155665
1616488
1360181
1596242
1336614
1619334
1055612
1438271
1130939
1568317
1097607
1555275
1231712
1265401
1077851
1631558
1345824
1565797
1161792
1563307
1343767
1591765
1225226
1566770
1235926
1619102
1233482
1170510
1083574
1528384
1053670
1443644
1232997
1399948
1414187
1278745
1116122
1491011
1330881
1640939
1476388
1634369
1514773
1598514
1144889
1422104
1122327
1631137
1378392
1432144
1203604
1535747
897279
1222561
1123490
1438699
1046415
1412746
895391
1564880
1155696
1722438
1351756
1387907
1393596
1671209
1446814
1776602
1036947
1602854
1319426
1687149
1369630
1087810
1390350
1110262
998263
1387302
992618
1546257
1169538
1351346
1261472
1033827
942803
1511222
1198639
1397491
1289259
1473987
881815
1370796
1060000
1285845
1032684
1429832
1265288
1307411
1317181
1550657
1084795
1531294
1125479
1349015
1230468
1615093
1394021
1479121
1139703
1551768
1278317
1600027
1330466
1438530
1289744
1519747
1257770
1454548
1457448
1609428
1514556
1479098
1199422
1463014
1557052
1556748
1250787
1636559
1198010
1267580
1278771
1475278
1391683
1486576
1318512
1361054
1009465
1528821
1229607
1492372
1375793
955747
1111470
935418
899976
1079333
1107655
1665313
1389968
1550338
1455348
1553268
1588809
1705499
1528806
1644487
1503402
1701299
1555025
1818720
1153447
1765840
1167076
1643868
1218108
1622012
1666160
1621446
1602656
1809253
1607317
1724412
1389752
1647929
1504659
1776453
1455518
1608809
1043882
1616138
1401029
1629459
1561227
1551779
1483612
1518486
1533857
1451124
1346225
1590966
1547220
1653500
1437936
1635673
1566942
1712571
1650048
1454808
1367670
1743675
1581599
1647051
1407756
1705931
1680812
1698573
1584315
1713748
1684950
1669363
1519420
1720004
1624096
1643049
1690591
1662218
1610634
1618182
1641159
1740288
1651838
1663034
1710564
1773419
1591977
1766055
1601915
1695209
1025406
1422416
1131044
1464778
1282982
1384281
1240221
4164985
2657875
1714335
1226500
1805817
1622900
1835984
1440903
1663488
1213841
1700834
1527345
1845984
1742594
1840234
1640369
1720640
1455964
1756235
1700042
1836176
1724603
1761510
1511848
1851905
1681298
1858789
1801225
1732093
1898826
1913603
1909175
1832893
1656802
1746192
1678619
1778896
1807106
1687852
1794778
1819940
1679215
1716322
1541148
1821654
1746463
1784424
1552688
1634985
1747304
1718465
