7719879
5761133
3701123
1775859
6729693
4811712
2758542
857547
2302480
1533683
2313165
1542163
2417578
1454941
2383387
1821752
2468937
1620246
2533698
1762137
2399677
2266857
2383470
2090777
2616613
2202531
2405121
1954518
2412679
2321630
2505952
2113816
2258276
2193828
2322783
2305487
2426659
2135827
2192121
1873237
2519872
2160817
2524471
2345226
2428401
2227648
2539451
1830783
2491541
2048630
2314630
2266559
2528666
2272624
2373574
2218298
2285696
2240932
2510581
2205239
2517028
2350950
2369396
2159517
2383396
2185467
2504497
2339723
2318206
2232454
2520562
2210702
2523755
2303915
2315716
2300753
2511598
2294420
2448950
2204028
2312297
1591240
2529732
2181832
2195062
2048859
2476431
2099151
2470941
2053290
2398270
2052797
2446977
2003670
2416291
2081050
2507295
2004202
2373100
2091227
2100030
1989302
2474231
1981784
2408043
1679197
2377874
2173904
2287366
2176561
2600942
2184247
2359634
2000615
2128236
1455428
2491316
2233972
2541282
2284385
2228904
2014626
2354369
2148466
2375689
2170231
2425654
2295438
2446473
2158697
2389190
2239569
2438825
2136495
2344179
2299748
2510231
2269449
2546944
2121187
2470825
2128611
2454671
2156373
2495502
2123382
2324999
2094327
2534571
2339979
2615769
2200987
2607945
2261398
2533052
2369399
2608476
2215388
2605972
2312153
2625340
2259598
2667233
2142916
2594282
2240104
2646821
2133937
2638152
2067740
2625407
2261418
2633452
2239619
2512202
2311317
2628956
2202827
2603803
2211127
2635214
2031865
2495611
2213564
2518178
2006431
2204961
2170527
2577106
2260718
2695814
2236262
2674143
2237882
2372037
2269852
2679633
2217102
2603289
2319299
2678274
2280373
2601839
2225093
2601446
2305343
2678047
2121120
2481985
2219152
2679617
2255508
2718364
2234287
2612808
2396734
2467202
2274338
2549146
2307283
2461211
2232782
2632569
2320771
2633822
2086481
2486848
1965691
2419276
2080406
2478691
2157412
2352393
2123108
2289572
2235719
2438534
2232141
2470592
2267584
2391896
2238742
2530851
2271183
2621208
2262478
2523341
2354500
2487030
2268280
2514522
2302268
2645603
2165791
2339260
2833235
5986734
4996863
3037183
2196917
2501818
2355509
2615269
2218548
2670665
2287722
2648243
2289803
2632363
2413850
2657977
2238623
2630520
2163691
2139743
2186004
2525518
2283122
2448318
2230709
2634933
2195302
2435500
2390364
2546072
2352003
2661874
2310103
2649289
2296469
2633994
2297028
2496005
2412176
2603425
2416276
2542641
2341132
2655712
2255773
