4067122
2073331
2065931
1753066
2230798
1705200
2005824
1736736
3861034
4429253
2597483
1092488
2159973
1602182
2131272
1621001
2220860
1940568
2065563
1841436
2192752
1791049
2178866
1837571
2112681
1888120
2128119
1727944
1947058
1904789
2135923
1765998
2159942
1906599
1966405
1801314
2092209
1821979
2148201
1844178
2109124
1854429
2132343
1660654
2149762
1757219
2003663
1910418
2051364
1828117
1948274
1602864
2199267
1661526
2169508
1739247
2140048
1823892
2062069
1850822
2061845
1735019
2146291
1828760
2021920
1863420
2015718
1821021
2044979
1648260
2084121
1737016
2105750
1778277
2085530
1881095
1976158
1684979
1949509
1739008
2005967
1772921
2006515
1702637
1854153
1767646
1922322
1854596
2077159
1897215
1656854
1789914
1845111
1553220
2017711
1653148
2014794
1697060
1997822
1621256
2104667
1816092
2048507
1966692
1780145
1882836
1882299
1751734
2083330
1850425
1984124
1866389
2074779
1914823
2035848
1782932
1911932
1860221
1984219
1841202
1867824
1947816
2106419
1746232
1960935
1620848
2103383
1696360
2228452
1639341
2169146
1617921
2091224
1878116
1934458
1825030
2082008
1719685
2170093
1705734
1846506
1803328
2160684
1610160
2212907
1712371
2077516
1752032
2155302
1673467
2205749
1770672
2204757
1638056
2177629
1782683
2081771
1690236
2196965
1790987
2176018
1746291
2185397
1719352
2201092
1740005
2067413
1822302
2011491
1863346
1924220
1848842
2143196
1749324
2209167
1746818
2238573
1782387
2085935
1710060
2149114
1644023
2160462
1686466
2175522
1745405
2036400
1937922
2062216
1760791
2061096
1762936
2052612
1704791
2185960
1664550
2096671
1581471
2021939
2063275
2134032
1629682
2216651
1671517
2124628
1669109
1999234
1898308
2019094
1554674
2110197
1664463
2096029
1601262
2193958
1782142
2164229
1724629
2193114
1678234
2004490
1951111
2133734
1685939
2156423
1578476
2116920
1689139
2187296
1783116
2107936
1589723
2133504
1708938
2093673
1653141
2084826
1826911
2104334
1863039
2051606
1722025
2190304
1706569
2133645
1674961
2052265
1803077
1839034
1885392
1860625
1734030
1991937
1879259
1919013
1878063
1831377
2116986
5567491
3332550
3190729
1509175
2232998
2039248
2219439
1957079
2106718
1932678
2187646
1816926
2178168
1800389
2228083
1919628
2229493
1912498
2037685
1754211
2152026
1780149
2204855
1898377
2226172
1832909
2035865
1778237
2116175
1897311
2158440
1902052
2216664
1998666
2190066
1746218
1878115
1799938
1517212
1926102
1989681
1761182
