5195832
3244725
1216260
2208237
1530887
2152032
1581965
2078808
3322683
4653196
2787119
1817168
1382223
1954798
1709891
2195903
1714950
2056961
1680956
2196075
1840946
2086921
1748951
2048307
2042952
2274880
2143560
2159961
2172394
2085357
1976034
2203545
2076301
2224977
1966022
2224786
2111705
2199356
2097757
1883038
1930063
2132807
1900313
2294725
2017648
2267754
2164410
2005406
2063274
2250470
2185721
2206227
2084075
2057955
2226550
2256947
2026504
2282949
2043638
2280619
2182382
2238934
2086188
2205751
1960297
2259496
2087528
2279995
2160339
2283751
2155541
1986979
1998856
2305830
2329414
2283911
2182594
2294775
2319832
2253863
1958464
2218344
2101435
2285454
2136304
2238007
2127002
2229926
2046348
2250671
1935908
2218960
1982327
2376498
2091037
2224853
1959493
2231986
2207983
2106826
2191854
2247304
2098068
2181724
1975466
2366950
2234763
2345263
1877315
2307224
2249191
2385038
1970838
2479313
1962601
2201914
1898701
2327689
2237545
2372493
1864279
2145670
2001895
2289152
2235805
2286917
2079348
2369071
2239106
2377963
2098437
2347921
2288247
2335614
1953623
2447890
1982503
2364182
2025097
2346821
1906988
2226425
2079042
2308056
2027345
2303755
2083538
2328331
2097074
2380937
2148745
2350452
2205865
2361781
2094680
2372714
2090875
2389233
2038256
2399453
2333824
2345933
2075838
2376909
2192717
2407129
2142785
2255949
2165037
2385070
1967170
2389603
2006314
2382072
2077617
2393596
1947593
2329987
1979179
2396666
2071609
2393813
1987319
2418630
1990947
2287027
1732074
2256107
1941338
2261647
2192799
2264533
1955200
2356783
2200126
2349573
1855730
2267541
2188361
2227958
1941137
2438470
2115237
2374116
2155304
2184660
2073270
2268367
1997361
2314683
2255428
2355767
2147809
2381252
2029191
2405526
2002666
2346750
2178977
2387383
1994352
2322091
2204692
2196379
1780526
2300046
2159578
2235135
2014521
2216553
2117856
2280393
1999014
2229877
1901377
2365589
2081198
2309768
2047422
2265153
2056113
2231967
2238589
2032949
1919607
2281454
1980858
2259260
1775557
2122478
2101098
2258407
2104494
2457053
2342904
2433449
1969422
2413161
4243900
4471947
2548740
1888540
2198332
2152841
2223718
2197748
2299088
2291684
2214965
2312811
2259818
2332396
2301172
2308128
2162556
2348182
2244933
2348163
2280942
2347199
2157269
2360413
2252916
2344838
2015839
2354172
2061288
2341435
2111728
2199512
2249060
2153879
2165695
2244755
2092074
2347218
2065651
2347072
2199764
2233338
