1029170
1170379
844352
760596
963140
752143
731818
872485
1227242
768735
1279142
748408
1233406
1151611
1366095
1023136
1347021
899671
1142366
1100245
1330261
1317147
1389237
815550
1077395
983244
1302477
968585
1259224
1102115
1166990
810350
1131120
658394
1240199
2295231
3339754
1881678
1084320
812110
1310735
1096766
1119162
1045595
1175991
1044388
1056467
1016414
1323413
999825
1333477
1074430
1250160
1140935
1324836
1052356
1357761
556570
1439885
982314
1378211
879513
1305130
926256
1397483
876435
1148859
1163172
1306294
1054015
1150986
1090934
1437241
982045
1337477
982049
1077627
1005520
1334137
913156
1258202
1026561
1133876
935121
1263850
1061764
1443453
1315932
1286575
892487
1288554
895865
1297303
1034574
934801
788487
1304580
972321
896924
812763
1179114
887827
1303033
1008771
1361103
1184793
1287283
960922
1363787
930045
1345310
837291
1297901
1055776
1220189
935708
1355657
990954
1295580
1038147
1235021
974002
1338901
882111
1275913
982629
1281353
1053955
1291346
764255
1231030
1050547
1320140
930488
1265021
1140045
1343896
912276
1387550
748148
1270737
869065
1258389
796283
1028033
967718
1291366
828448
1143431
800684
1301227
840609
1294620
1018991
1324441
959618
1283770
956898
1206612
791053
1260816
965004
1363463
770247
1324916
896308
1326905
770716
1151901
1162885
1343151
860260
1299991
753651
1085890
1128960
1353266
1200293
1258260
925582
1290740
674033
1265146
1304606
1292352
1243943
1343757
785014
1308678
736743
1267280
919558
1267302
898728
1245086
989145
1383030
897037
1384999
896350
1437275
1052428
1425893
1107685
1301144
1031495
1332797
962934
1367525
746686
1123349
913708
1306576
806805
1184107
1228160
1204683
830677
1210290
1210106
1371159
901405
1325191
856134
1249670
1074856
1194489
937187
1256138
944778
1369406
971498
1300083
838919
1113951
1003223
1241207
1126010
1259411
1284427
1274443
927015
1341290
917477
1391296
893403
1272259
1278147
1099653
1174495
1214086
1209210
1378567
805145
1394729
1122211
1340461
1038226
1306411
971870
1477258
913493
1401615
964572
1399995
638875
1255848
967640
1302533
914027
1265408
926039
1222381
978150
1225002
732226
1231016
787488
1273728
881701
1223540
1010265
1252914
831000
1257365
872576
3279017
3714205
1998718
463799
1364811
809056
1404236
775558
1284470
888740
1457422
778409
1465180
745787
