960516
773361
1156467
1296600
1457411
1102612
1120220
1090895
1166517
981213
1176991
1205837
1491644
1421881
1386359
1162253
1490504
1338288
1345251
1553045
1562919
1444618
1462491
1335230
1548801
1449344
1737025
1385481
1647971
1693018
1642468
1529593
1525184
1596862
1616104
1712907
1674218
1643589
1609477
1533489
1538805
1229116
1561853
1368462
1547543
1327882
1579034
1380744
1579829
1485079
1598564
1464809
1756863
1509917
1556585
1289965
1496015
1371787
1655489
1607301
1617950
1545507
1513876
1075045
1622863
1688014
1619574
1499016
1510212
1474286
1663813
1301199
1621100
1354923
1638481
1464831
1692035
1449444
1742850
1660923
1478242
1405973
1621451
1651665
1573818
1537148
1451967
1406896
1530076
1236110
1656871
1313523
1610613
1339957
1677074
1501877
1576111
1253742
1572571
1531599
1462601
1552786
1523834
1667348
1670305
1531057
1644498
1464363
1547156
1503331
1465164
1549172
1405549
1390363
1565159
1399958
1675756
1681669
1605429
1584852
1671682
1575015
1702509
1476019
1555847
1621373
1707130
1642652
1670628
1533002
1763280
1651184
1573721
1762304
1584371
1741262
1677588
1657699
1709384
1714595
1676974
1398875
1546225
1327468
1491280
1404588
1418148
1717708
1541583
1670566
1766874
1654295
1719658
1742294
1747866
1646109
1722418
1770360
1555886
1360678
1659643
1539023
1673817
1705949
1700023
1608938
1736345
1534150
1872571
1607273
1694815
1581927
1763991
1813860
1638813
1656375
1680637
1618009
1714520
1779445
1799276
1779845
1798806
1782587
1714870
1822574
1696191
1854023
1740772
1819467
1686272
1710200
1781857
1631037
1740910
1559629
1617747
5391260
3393839
1804091
1609797
1709518
1680281
1514301
1631850
1591960
1585500
1695149
1603073
1576635
1524001
1620287
1662805
1688114
1662274
1637329
1627671
1674116
1704734
1631459
1707125
1693639
1653409
1589688
1597993
1786632
1655145
1671205
1654085
1694634
1713702
1624964
1636444
1680731
1694589
1682181
1611191
1733310
1585373
1551371
1659588
1503432
1661705
1509596
1692228
1670704
1555411
1639578
1628480
1775996
1633204
1674558
1650204
1675145
1653291
1617873
1570906
1561632
1778517
1586012
1657130
1722120
1606033
1755812
1655378
1677214
1710261
1672104
1721835
1626528
1619248
1627858
1639037
1656579
1689554
1763191
1639220
1735235
1608771
1689235
1608503
1680797
1794456
1690175
1614893
1710665
1653524
1763531
1560130
1728211
1632292
1706855
1619830
1657634
1671734
1551223
1674973
1679154
1670598
1601379
