2495594
1012804
1158797
1025993
1266087
1052659
1450520
962624
1271696
1017638
1218576
881377
1257991
827305
1267779
931300
1285168
1029888
1460448
1279545
1485291
1260178
1537488
1609994
1330295
1255905
1597758
1111234
1423642
1134943
1596376
1394484
1652993
1629619
1673461
1381515
1729078
1067566
1506132
1389810
1503770
1206949
1424807
1055221
1575850
1435009
1686757
1207198
1547500
1403771
1508943
1383561
1427318
1285659
1324957
1483441
1641843
1280590
1586488
1487241
1660925
1174442
1567333
1282713
1808213
1367037
1750359
1557754
1791639
1580707
1869298
1432435
1831676
1377244
1848241
1623627
1819993
1553609
1671934
1591336
1734667
1380410
1664432
1659348
1840550
1609992
1808740
1558902
1783263
1397675
1791117
1648398
1760403
1677705
1794749
1624940
1638438
1357205
1646870
1102309
1760193
1687563
1663926
1434278
1573816
1434830
1654932
1643163
1754862
1303916
1303151
1703765
1798853
1403675
1823829
1571263
1813746
1300702
1744387
1342211
1841995
1716688
1762579
1538730
1795212
1171185
1783328
1403869
1819129
1142219
1860097
1733168
1857351
1527327
1761417
1343759
1777905
1428615
1840313
1794659
1804609
1530862
1855246
1538792
1779087
1451842
1539840
1622612
1846407
1444672
1552490
1392486
1709494
1674389
1470670
1322398
1726943
1540414
1549787
1200512
1807816
3063719
1124482
1302792
1487642
1347487
1465464
1456662
1560812
1278005
1270748
1197383
1263404
1371840
1410009
1366265
1299281
1350125
1454885
1584487
1592601
1344710
1272398
1301023
1422081
1299629
1634418
1686934
1730233
1769138
1748322
1680292
1694437
1657818
1737684
1747073
4718551
3141247
1701003
1708894
1730280
1643775
1599790
1286118
1326438
1253666
1684525
1305330
1740178
1266913
1730327
1482279
1866651
1504907
1821716
1453701
1796509
1682581
1772094
1527586
1782983
1647402
1889050
1738859
1876502
1775571
1871520
1510754
1736453
1677915
1839103
1547497
1837788
1535944
1780649
1633737
1854854
1513110
1796144
1519237
1800484
1791843
1884681
1754670
1739272
1536748
1804817
1752699
1843279
1561756
1881051
1741615
1845524
1623965
1798336
1790245
1810937
1762070
1870218
1782761
1861310
1764235
1862069
1748494
1860049
1762464
1863644
1872173
1837969
1793893
1856798
1479771
1876594
1799367
1807542
1803567
1815929
1737132
1870735
1554517
1837974
1907359
1855589
1910421
1864580
1773819
1862707
1807526
1673268
1821204
1854943
1820803
1848690
1633726
1754245
1821844
1835010
1840664
1757808
1711687
