1060770
587089
770074
894793
1324763
1201954
1229391
960712
1255995
1073170
1179733
1104522
1147261
901341
1292123
1096555
1082871
1036102
1333521
1070357
1167911
1060117
1400365
1133005
1084978
1163289
1068705
1154619
1048419
1099159
1198311
1155550
1036760
1005125
1332883
1138969
1187759
1028575
1187907
879798
1182987
1071668
1265300
893065
1162470
1027997
1005361
1208057
1109797
1066020
1090842
965243
1141627
831490
3023766
3336408
1371244
875002
1309306
1322770
1406026
1104608
901778
1147759
1295736
1179912
1400910
1091533
1454928
1032070
1158684
1102379
1168046
1144652
1232550
1197201
1299823
1050362
1152690
1024681
1259728
1103640
1309016
1034445
1320248
1100904
1316651
1256848
1242340
1106904
1182400
1251917
1315837
1073239
1477519
1111646
1250077
1131745
1296030
1205719
1234170
1011493
1018166
1050688
1223253
1050069
1251980
1193730
1331115
1138611
1119694
1140483
1274450
1119101
1313311
1151255
1411147
1049630
1336877
1064056
1432098
1125628
1377580
1176860
1362792
1088359
1329726
1156815
1305508
1099684
1369405
950402
1183865
1240567
1363908
967127
1293830
1234601
1327327
1195766
1300816
1246282
1178489
1192210
1236056
1178025
1423294
1150969
1152478
1125366
1339861
1095220
1421495
1060698
1340781
1264582
1353547
1144143
1379162
1130335
1338533
983222
1278813
1108839
1312200
1141789
1284240
1183215
1318040
1230212
1250073
1096909
1238116
1354660
1333844
1189749
1378007
1048014
1201892
1255910
1177737
1062150
1262405
1288417
1251264
1048688
1376384
1088425
1140064
985164
1173700
1129677
1243570
1151163
1373605
1084347
1192939
985701
1196568
1111541
1153546
960828
1214622
1004922
1339447
1021814
1277172
855681
1217570
1073950
1370822
906475
1212942
1159085
1221971
1079169
1104434
1020590
1253966
1025090
1151122
916692
1175123
1146365
1209255
939382
1311221
1031234
1282421
1161679
1325131
1046061
1185101
1063126
1336821
1105908
1211827
899845
1275872
1107737
1270781
1061359
1075056
1109240
1242912
986413
1436133
935002
1293001
1129868
1382797
1072441
1198839
1182780
1292094
1027736
1367896
969683
1206214
1159182
1077337
1068079
1162073
822595
1038034
843097
911049
739908
1045114
967951
860059
818581
845886
854561
830911
701499
1086674
1000807
1108545
1132547
1334067
1180315
1259325
1095539
1324493
1219199
1437715
1246646
1303569
1145206
1375710
969583
1357208
1152046
1454762
1192265
1340684
895111
1311781
1129518
