7044051
5715979
3763679
1773909
2310028
2267406
2288289
2330913
2438935
2231441
2185655
2057141
2160266
2153756
2223826
2234211
2284082
2242862
2264169
2195925
2080038
2281166
2432960
2088241
2333500
2244418
2320407
2351043
2416066
2331667
2397530
2340893
2429187
2206223
2613954
2254812
2453996
2489602
2398671
2282040
2301744
2386114
2598272
2529066
2476798
2418716
2347970
2560792
2377518
2405871
2240788
2495911
2401778
2471755
2403850
2372404
2422369
2407459
2449835
2416063
2245297
2438118
2547909
2506706
2297226
2419284
2397206
2431538
2308388
2377274
2387720
2296719
2396753
2363480
2486895
2297099
2234901
2294248
2132527
1979168
2146476
2030452
2205772
2025121
2205680
2020758
2049177
2150014
2069758
2211120
5173827
5983239
3879388
2083249
2269637
2166576
2116023
2225760
2241543
2170052
1984174
2194401
1986887
2246018
2185143
2223641
2116229
2351713
2073290
2248146
1969314
2259009
2194595
2235570
2079712
2308169
2051943
2237629
1950833
2259632
2131080
2228529
2017314
2289595
2092163
2117769
1944396
2304486
2105305
2262388
2335790
2434721
2387860
2526170
2335934
2519011
2556206
2558697
2490712
2445141
2354567
2445674
2386546
2522711
2506698
2522406
2493520
2531757
2379330
2417934
2368385
2474782
2494401
2512865
2493356
2413361
2441662
2455205
2352540
2486441
2378964
2492100
2346327
2518590
2399151
2382219
2273572
2563531
2194017
2529380
2207217
2637248
2435937
2438945
2295962
2459855
2431548
2623302
2443525
2543150
2321945
2576287
2156003
2398604
2291309
2531519
2493771
2559790
2396318
2514152
2352000
2532198
2436471
2516976
2511802
2504492
2437956
2442395
2263291
2401137
2307816
2558453
2495567
2524112
2338889
2463591
2363314
2522586
2311752
2380130
2370738
2609074
2361760
2506962
2381051
2541572
2354449
2436630
2370789
2614077
2188927
2533702
2367860
2324833
2348864
2466591
2493225
2441927
2403586
2487236
2267732
2409527
2368463
2441324
2445990
2378963
2308592
2482526
2268392
2352594
2260931
2464165
2457295
2545908
2430545
2498175
2418814
2394343
2363193
2483216
2093385
2546323
2384844
2529880
2458715
2413706
2404630
2494406
2452695
2541577
2446710
2543752
2383264
2503586
2408880
2471029
2456328
2513212
2380734
2406327
2074645
2320012
2238220
2490766
2388330
2542687
2411865
2450937
2244711
2357627
2261871
2330699
2391281
2387719
2309899
2449370
2258431
2371621
2462819
2383379
2182210
2482391
2261272
2325716
2289193
2444491
2371323
2418060
2350283
2401384
