1980769
1288516
1237149
1122069
1445279
1406752
1301147
1473866
1603252
1460680
1543033
1354392
1431857
1471689
1597315
1431873
1539868
1631162
1472423
1655196
1642851
1568183
1593901
1597614
1587257
1592183
1676667
1604892
1557695
1675841
1567191
1457659
1433029
1668904
1625220
1689276
1649038
1602555
1637812
1599840
1702347
1669783
1657032
1661449
1675772
1559980
1404502
1503358
1407330
1773278
1649321
1481534
1612201
1328727
1571522
1593386
1512623
1799801
1735613
1779346
1749337
1661375
1648611
1673197
1739807
1533807
1616810
1568822
1621035
1589186
1535251
1719565
1798917
1566651
1680397
1649345
1757269
1699290
1760571
1750180
1563352
1461124
1387610
1665577
1669067
1532776
1845605
1643626
1612042
1626866
1745644
1657786
1782929
1648955
1744669
1620030
1725077
1629739
1634700
1625087
1719538
1601671
1735837
1552872
1587576
1593636
1665580
1677042
1588155
1682047
1648422
1682280
1593047
1640138
1625914
1648478
1700465
1524495
1678683
1651104
1703300
1629708
1579080
1647237
1672181
1525028
1690560
1455222
1699466
1653680
1675235
1684203
1633146
1670377
1732767
1673985
1662872
1523248
1671837
1660236
1680477
1625012
1556237
1638036
1765917
1685102
1663221
1502980
1605995
1644265
1625617
1513949
1421814
1417620
1263346
1565295
1747887
1717122
1792778
1733871
1739681
1689757
1690351
1819987
1833392
1697783
1829358
1674242
1840814
1789902
1745302
1774116
1725247
1595415
1781563
1677278
1840254
1633943
1639698
1796548
1755461
1696309
1513876
1791819
1716938
1701269
1737192
1793763
1865948
1684518
1715986
1428737
1620912
1688070
1680111
1688185
1689042
1640794
1544903
1784471
1639173
1830938
1659530
1763455
1600056
1745412
1694190
1724531
1642006
1776313
1819453
1716187
1625787
1700965
1741911
1729972
1792727
1543794
1712519
1701426
1513595
1230824
996619
1233113
1288591
1558467
1216437
1234139
1151205
1460200
1344733
1509532
1402425
1589177
1555288
1530895
1181007
1597880
1225596
2818492
4575804
2876998
851831
1659837
1662006
1545401
1480804
1707880
1549581
1552131
1621299
1428487
1535894
1514019
1594736
1511455
1673147
1606799
2034111
4915601
5507679
3655549
3756568
1799813
1655233
1589461
1676865
1755963
1708086
1711807
1632363
1742967
1736190
1641966
1547989
1497545
1440499
1678393
1614100
1636566
1619300
1688712
1482364
1554101
1504390
1308269
1362425
1683411
1603749
1662906
1696209
1674380
1726997
1591882
1624037
1696966
1664107
1638267
1616665
1560862
