4185890
2218813
1502276
1172926
2055705
1351151
2215130
1712507
2143407
1550301
2034752
1838383
2153546
1633181
2103562
5213046
3668177
1714861
2156507
1973959
2455099
1891516
2475489
2464098
2445097
2190490
2388248
2114104
4276835
3714960
2525448
1573911
1874530
1711798
1356423
1356332
1618070
1544697
2084730
1868502
2330020
1702400
2208309
2026136
2270223
1976136
2365648
1883257
2283853
2013813
2196490
2031487
2193465
1990483
2281830
1758394
2285136
1860529
2023029
1780634
1893012
2129261
1916348
2190010
2102970
1879141
2209871
1978808
2213665
2126407
2208231
1691309
2218069
1824820
2173421
2007427
2175292
1769871
2163443
2101455
2148893
1835655
1993398
2197329
2148325
1904123
1564491
1536260
1864516
1638915
2001609
1870304
2367917
1615418
2365943
1684447
2277108
1746461
2336523
1742100
2250010
1683096
2302309
1794450
2058504
2025076
2411894
1599418
2295124
1686367
2323631
1708195
2322094
1937853
2368709
1746453
2292296
1572678
2282870
1988616
2350954
1661073
1784716
2045741
2201669
1839537
2035669
2074615
2043308
2064068
2230237
1932157
2227955
1828321
2377807
1971513
2420083
1923926
2425221
2091252
2447069
2102088
2396193
2102278
2431073
2116594
2260163
1386573
1885030
1771179
1885071
1729629
2066133
1924036
1947820
2119394
2044818
2200506
2073486
2231651
2344157
1659925
2338279
1600339
2378038
1607939
2318013
1735299
2349936
1872589
2246868
1897174
2408673
1797790
1717271
2154647
2072162
2104990
2265906
1669841
2273540
1985663
2329766
2142944
2102575
2369054
1920164
2499995
1989403
2248349
1999736
2015126
2310568
2099694
2335309
1974069
2278355
1862269
2456572
1834985
2343063
1863002
2405670
2085757
2041995
2314660
2237506
2331320
2210626
2417102
2184051
2464451
1959266
2461444
1942214
2383037
2107976
2444138
1993888
2249496
1762074
2173315
2337056
2015876
2406211
1738400
2432103
1952065
2415304
2130803
2489079
2026494
2159885
2231143
2257360
2206443
2416343
2093558
2374718
2120614
2405682
2001324
2523672
2011404
2552426
2062670
2345372
2074534
2455223
2168456
2120569
2075831
2505074
2115388
2295410
2289200
2440101
2162901
2453106
2130058
2281510
2071034
2256979
2166195
4550356
3892477
2337333
1831555
2457559
2254357
2436232
2180825
2502269
2146994
2501099
2372037
2287198
2097210
2493239
2407927
2318095
2177820
2427258
2356936
2214157
2252575
2436955
2365034
2420777
2153320
2359491
1928881
2352304
2128222
2385898
2124694
2342367
2123823
2388270
1964848
