4005853
2054901
2263294
1345601
2208320
1643320
2374992
1813898
2198825
1839874
2239567
1711548
2369007
2135965
2351666
1947046
2089354
2043168
2469414
1896369
2258784
1705221
2396873
2069260
2100995
2032893
2271989
1998494
2239213
1932279
2377018
1856784
2182168
1845672
2092928
1786836
4925161
3678647
3075946
1278653
2132600
2210469
2310834
2284658
2192032
2190320
2330632
1925600
2434994
1986847
2393207
2237409
2378103
2149455
1479250
2168499
2410364
2136729
2369661
2111058
2146655
1995726
2344763
1967319
2321128
2186977
2354053
2325458
2444010
2025417
2329478
2062894
2396445
2196794
2280142
2237037
2267863
2218992
2402684
2017701
2342813
2245057
2195135
2063014
2427553
2119737
2404725
1786585
2439580
2116479
2529085
2088324
2342153
2167585
2400283
2047648
2459053
2112357
2522570
1925823
2490229
2064395
2393774
1861008
2314887
2217731
2468515
2360624
2520796
1899632
2528372
1994790
2519189
1913543
2361407
2283093
2423777
2209522
2506395
1904366
2501078
1931112
2476305
2164345
2096305
2204692
2156299
2356197
2334098
1704056
2483029
2002883
2507424
2010224
2387407
2133621
2441503
1803168
2425650
1825243
2250096
2193778
2259195
2216046
2271148
2035864
2509925
1858559
2388069
1789813
2496455
2248352
2515759
1890668
2392408
2054132
2556439
2213877
2672240
2335008
2604689
2113387
2648640
2356528
2620940
2142318
2569376
2015904
2632163
2309897
2635320
2187462
2564601
2039564
2463260
2119771
2258702
2394718
2518622
2264774
2619996
2180622
2580301
2319607
2507245
2306987
2519967
2445014
2642212
2203888
2618612
2544311
2619560
2267269
2704071
2217673
2702862
2306482
2741837
2295939
2655583
2328998
2748693
2395583
2512090
2274699
2629530
2590479
2621326
2086986
2396847
2452759
2627760
2261716
2398423
2282852
2566839
1756734
2375599
2217486
2275915
1736099
2171802
2019044
2181676
1908779
2237277
1741656
1987370
1589081
1807788
1854750
2038825
1885413
2081629
1555690
2112488
1858762
2619752
2164061
2606379
2265037
2609943
2260152
2538661
2224822
2586892
2146297
2536730
1966689
2592675
2544852
2705942
2178754
2690955
2379877
2743257
2231714
2753411
2454334
2698687
2227736
2630739
2317997
2579906
2224406
2739903
2446424
2651756
2008320
2629829
2333760
2627849
1921600
2681667
2367820
2635230
2251184
2541917
2227788
2753743
2327858
2645386
2104475
2143216
2031087
5779583
4959336
3028261
2093070
2115537
2409524
2504175
2304763
2620205
2201096
2664422
2193916
2576575
1969059
