38827677
36916934
37387185
35470683
4898477
3602867
3271913
1277203
1748521
1466015
1747393
1460892
1713593
1169728
1883978
1449648
1751133
1639286
1896209
4408348
2898531
1005224
1840866
1578562
1568945
1126128
1711641
1677519
1854482
1424252
1840536
1826772
1852706
1687721
1770306
1368460
1831297
1360435
1853443
1383527
1759921
1671597
1456625
1337220
1802797
1153724
1876544
1757738
1416803
1031123
1734677
1404616
1392309
1200534
1543006
1037471
1268847
1286366
1632733
1142162
1532860
1300193
1421071
986017
1397501
1408737
1441321
1060175
1496797
1392663
1456306
904679
1188054
1365736
1417384
1059747
1367121
1083979
1426448
1389598
1547113
1333426
1522777
1143773
1526219
1357783
1633822
1313823
1653255
1206382
1461447
1239285
1504653
1138416
1554684
1221001
1722735
1294210
1638034
1234670
1696920
1261925
1654199
1147523
1684736
1279719
1572632
1265883
1719226
1326338
1572733
1132914
1649774
1362242
3332051
4179141
2157786
829640
1665270
1230337
1618585
1314147
1664906
1261208
1690085
1263705
1197065
1225981
1620589
1292045
1587763
1190984
1662739
1003199
1485032
1016966
1356612
1166662
1507352
1166360
1701214
1252028
1639620
1709690
1475124
1112925
1614839
1096922
1650725
1248806
1676199
1256328
1684917
1313356
1444164
1257931
1749176
1264356
1622769
1252540
1663785
1215435
1688175
1205418
1735287
1326362
1633551
1247586
1541235
1560044
1359913
1220561
1312361
1221138
1409937
1162990
1539593
1150280
1580289
1185258
1705620
1217374
1562385
1268809
1590473
1197441
1527608
1171838
1603335
1200205
1515667
1312211
1498204
1316015
1531781
1233627
1475109
1136480
1411154
1174694
3666038
1683824
1356307
1334679
1483538
1477231
1505127
1522320
1508722
1507304
1501222
1464088
1518077
1533476
1374216
1537351
1355988
1313043
1476867
1313011
1232361
1123125
1273750
1352277
1486297
1251890
1398290
1215758
1372352
1047399
1390364
1382353
1406003
1557192
1464098
1630989
1584590
1276940
1747481
1463569
1652774
1520424
1486398
1591290
1745128
1716112
1663113
1635326
1830148
1712368
1807763
1730720
1646551
1697470
1788374
1690005
1774293
1694350
1731410
1689876
1747261
1693645
1669520
1696366
1767657
1674880
1733041
1159334
1718807
1608725
1624965
1295749
1562473
1232450
1721505
1221917
1837613
1525124
1682216
1664860
1417347
1709640
1497100
1665705
1414301
1541286
1477497
1265246
1559370
1357983
1549579
1365996
1769661
1683570
1536668
1633174
1415203
1686563
1652150
1569405
