3850545
1901450
932142
1048859
1492993
873817
1506474
913705
1532352
762280
1438396
1252087
1480026
1361026
1573086
1407151
1704175
900176
1587332
1409230
1588712
1598438
1699942
1476845
1641515
832594
1716329
1421569
1539985
1391892
1363305
1516249
1719316
1288123
1622158
1252447
1491360
1159082
1549211
1130471
1701903
1255126
1574607
1211072
1560281
1324358
1531541
732229
858809
679909
933898
679347
768406
742127
1084590
674321
879905
664180
1091454
618269
1195199
683078
1242734
690357
1592646
781397
1430129
709642
1378388
996691
1165244
767557
1395788
1024246
1320076
999337
1474150
726033
1521625
946993
1373231
764522
1147009
1178950
1281534
1141069
1297428
1104708
1468207
1076094
1426189
823078
1246286
896832
1036844
660495
1320160
776895
1114784
781662
1000293
738143
1252558
1130030
1325694
1126532
1184437
1007647
1469053
1238223
1447599
1379904
1478513
1401163
1407713
1276181
1412504
1109440
1423358
1382102
1395257
1383749
1458659
1432699
1477724
1448944
1349958
1309855
1458452
1417201
1505346
1412975
1425345
1241495
1437390
1416144
1412159
1310826
1530934
1381912
1451088
1108151
1198571
839218
1313697
973759
1269782
1206850
1040718
905673
1215958
958332
1391858
1430240
1752322
1555737
1758187
1473226
1766257
1418215
1793194
1480024
1783212
1616513
1729703
1365138
1688341
1453386
1791743
1685052
1802975
1734590
1707013
1632778
1596627
1743496
1823015
1746186
1828359
1697895
1792304
1743293
1845846
1700338
1725989
1746339
1717793
1686603
1653225
1172085
1711123
1354872
1798536
1538007
1706315
1566577
1818218
1824394
1617904
1703823
1686420
1848428
1816989
1745349
1837285
1725764
1856746
1702768
1700653
1841155
1805760
1764144
1807879
1822444
1775010
1745330
1826534
1718375
1857570
1833368
1867551
1786474
1714927
1668649
1826178
1819267
1818110
1779014
1806020
1536510
1745757
1459560
1744132
1579624
1678994
1421038
1719699
1792518
1788221
1724243
1799365
3224109
3846490
1921186
1778398
1811837
1803376
1730610
1784285
1404741
1753813
1720249
1788962
1762310
1787310
1757928
1827075
1695673
1809484
1747017
1783277
1765284
1750179
1817890
1799510
1722703
1781459
1712915
1805940
1699913
1761589
1768745
1845252
1726625
1746273
1715402
1804535
1711026
1809943
1730845
1810659
1778241
1832480
1709236
1636308
1412661
1450466
1578503
1631135
1827369
1543764
1814397
1787899
1541237
1797737
1599395
1798545
1773740
1790464
1534411
