1375981
1171282
434161
1202260
1458165
947781
920029
1273222
1334137
1434927
1373126
1402736
1280351
1443154
1279834
1440155
1220628
1255580
1086572
1360149
1263018
1377843
1356388
1488267
1200471
1407524
1292831
1335606
1375423
1204547
1344750
1441438
1141089
1470582
1208128
1378246
1169919
1062356
611050
1095506
1729820
3103585
1997736
765974
1103358
1373407
1342264
1384292
1330428
1340036
1241291
891556
713146
1121605
961120
1172924
1075636
1382142
1165640
1193915
1266389
1454118
1270815
1415393
1176691
1286210
1435309
1457509
1430119
1371369
1268938
1324962
1230802
1255028
1287682
1373033
1354538
1317496
1119044
1300882
1003889
1320841
1138614
981170
1229059
1475168
1549702
1301438
1428519
1157145
969377
1406247
1068297
1543456
1156223
1483221
1245125
1371577
1292300
1297029
1048440
1397115
1197463
1317751
1364752
1369690
1206284
1388371
1106194
1261801
1159017
1359324
1222933
1285855
1194911
1325796
1198534
1223070
1207078
991101
1243265
1442409
1105938
1357125
1159353
1259865
1275205
1398791
1206266
1242387
1490974
1481105
1174154
1181503
1525349
1351934
1226813
1304864
1228230
1317988
1430497
1425050
1194552
1334463
1534543
1335752
1517943
1247519
1373227
1295383
1102904
1305238
1122002
1421281
1493748
1346754
1528309
1469859
1184282
1398057
1455399
1557624
1419745
1364359
1457575
1453855
1075695
1339695
987277
1252920
1408011
1328551
1224359
1364404
1333319
1328984
1055234
1343432
1195835
1230883
1502743
1305146
1127745
1535673
1114121
1451354
1185266
1406758
1223623
1284990
1552504
1439768
1115412
1466553
1433723
1553025
1220242
1337834
1498275
1364392
1163019
1350828
1455290
1494180
1474475
1469165
1493299
1296417
1478381
1395247
1310919
1436312
1486203
1468876
1453913
1394610
1517966
1386031
1253504
1177932
1582562
1561866
1420457
1430442
1414206
1441178
1434132
1543014
1439971
1274302
1514841
1336512
1326142
1421835
1406522
1434518
1503880
1543226
1535504
1366384
1025678
1459900
1050558
1366279
1066404
1486731
1259008
1372660
1009217
1377129
1225502
867957
1250504
1268884
1145906
1358309
1105958
1265197
1192697
1325739
1100283
1352106
947434
782921
635972
816386
653998
756880
617335
839010
625535
516137
589349
891187
829745
719157
592237
888157
738594
739543
632638
794936
895994
744314
621201
889680
752308
740474
623132
792292
937525
1590341
1744034
615157
712185
806016
888453
759345
784376
908464
