1692645
582940
1379091
1403728
1157061
1325029
1202603
1200058
1315282
934083
2840181
2814492
1889084
881202
1654052
1051020
1564018
1253977
1330504
1118734
1294460
1142409
1431325
1188630
1525280
1235933
1235319
1299748
1306641
1251657
1407851
1247134
1605860
1323742
1569375
1256163
1497416
1346466
1329657
1224523
1411718
1309435
1591754
1308085
1308991
1095717
1540107
1542954
1542509
1359872
1621969
1294314
1699390
1202328
1710132
1682708
1695551
1608479
1616865
1252874
1801225
1433726
1683710
1285290
1729669
1417796
1695733
1232208
1579382
1467270
1670188
1497280
1636662
1276246
1614691
1366980
1618373
1585289
1631575
1668221
1735814
1486742
1651035
1266113
1605270
1414727
1632193
1663791
1610478
1466984
1712003
1367643
1740983
1493362
1690094
1438480
1731480
1414860
1712330
1431523
1673552
1516209
1577197
1552560
1548936
1021055
1685981
1661106
1703999
1441760
1662180
1381127
1621625
1588996
1725557
1534349
1714742
1305544
1525803
1168565
1692530
1259594
1834088
1435113
1652000
1388502
1639415
1505162
1666158
1173525
1772638
1781500
1648864
1712522
1594501
1529989
1686176
1442226
1566389
1583661
1532979
1652113
1497861
1326060
1757586
1417939
1806409
1463433
1737676
1356360
1838328
1390809
1532940
1447248
1756463
1764196
1687443
1590047
1739947
1689690
1626557
1721427
1670497
1723640
1737117
1653855
1865970
1069444
1335322
1658490
1432659
1511110
1648500
1432226
1769837
1609106
1409551
1313519
1549647
1506482
1875337
1429021
1542246
1651090
1458067
1454831
1450984
1431424
1544867
1630625
1579834
1496926
1635687
1617381
1597704
1570538
1685612
1442276
1294824
1453583
1646873
1706306
1479302
1433737
1819099
1446908
1504888
1736488
1648266
1464638
1540135
1616559
1814850
1666145
1690022
1579085
1668985
1641245
1740187
1527197
1660329
1585480
1430986
1729051
1753387
1743290
1848778
1683153
1847113
1546943
1769665
1674012
1842955
1628845
1897884
1609913
1625781
1617626
1526959
1540780
1684256
1642131
1834490
1602451
1788838
1510886
1589542
1580434
1656406
1625411
1714765
1417294
1743484
1259948
1270674
989540
1359788
1322876
1476252
1532009
4712509
2827471
1402645
1419347
1927569
1725382
1813708
1479719
1667991
1711482
1738761
1602322
1696452
1560285
1861239
1808127
1687314
1670806
1760960
1530444
1796334
1720595
1619762
1609797
1761860
1662526
1600308
1609056
1580172
1539213
1573508
1514089
1788464
1373118
1679085
1728669
1797478
1820284
1646542
1552034
