2844797
951623
1544168
1258433
1349371
1318731
937942
3359249
2391284
925768
908228
1524098
1349145
1408751
1395790
1327925
998705
1356631
1420146
1404598
1343444
1412391
1228340
4025372
3675537
2397480
699120
1731323
1194179
1779766
1587751
1689218
1638260
1786425
1394859
1824120
1475350
1824950
1656067
1343765
1664203
1591938
1563792
1585874
1400478
1585076
1541257
1644860
1681694
1629055
1140218
1512622
1365384
1611013
1389601
1486822
1717603
1517048
1074730
1755924
1542069
1814745
1728437
1533620
1551481
1625749
1389371
1392605
887487
1129489
733021
1420805
857413
1535272
1193890
1737194
1471379
1715441
1238594
1711420
1469608
1709941
1571595
1787965
1305205
1802759
1668349
1484282
1457770
1489736
1142502
1856672
1362212
1721013
1054943
1764004
1387760
1713105
1566648
1645459
1218889
1642079
1417178
1457880
1095413
1672362
1528592
1342750
1158619
1333655
1475967
1267234
749517
1638569
1262300
1149589
843340
1542494
1337630
1432181
1033582
1720484
1120966
1299175
976163
1514918
1414671
1189397
1118419
1310040
947885
1564997
1344564
1544855
1641842
1731444
1335395
1538293
1417767
1531561
1728717
1614418
1722708
1533578
1106838
1844264
1325467
1679199
1749684
1536972
1346501
1623530
1391596
1446232
1354381
1705048
1727220
1470381
1484785
1696153
1326228
1515419
1274215
1431587
1580756
1259880
1228204
1357300
943883
1086105
1005584
1257153
1124634
1199528
1040975
1198746
990470
1227566
1151305
1274462
1060484
1247930
1245556
1274697
1267827
1290109
1243745
1278485
1206310
1283774
1271537
1274722
1215712
1276570
1198286
1419982
1179765
1508112
1242155
1509736
1272799
1505955
1168643
1524224
1267548
1352483
1203261
1413437
1322515
1466499
1283953
1498913
1272157
1573014
1240781
1536153
1214571
1552339
1292696
1492668
1252150
1553299
1211674
1551397
1234814
1554988
1269818
1560380
1409603
1489644
1251634
1580650
1233651
1565501
1261318
1561866
1392397
1459258
1314232
1356393
1194079
1323597
1294617
1325751
1337020
1347727
1177999
1374216
1197874
1547414
1445442
1550174
1441424
1506227
1234813
1404687
1291121
2166340
1883464
1647626
1386939
1557097
1329028
1416032
1384109
1415408
1419802
1466191
1430822
1504357
1406428
1585067
1426449
1468599
1557613
1462643
1416469
1595939
1425619
1432196
1434290
1427028
1400600
1423615
1518389
1455198
1439305
1456021
1428956
1542092
1392660
1465408
1418645
1790891
1572592
1470807
1419554
1576237
1398214
1611039
