3319077
1358010
2156922
2053775
2348484
1591851
2248856
2036661
2417242
1584568
2367597
1672495
2278116
2143809
2354056
2336504
2338160
1498104
2452399
1950598
2365910
1820478
2305698
2167146
2357008
2276557
2287454
2084650
2407918
2207181
2493738
2287779
2494727
2122537
2320281
2170886
2347422
1907352
2404065
2162946
2300202
2183427
2369673
2225377
2418523
2138982
2316798
2224333
2423449
2068271
2174628
2033010
2195921
2070311
2281623
2408369
2397358
2247661
2454297
2048561
2424643
1887041
2435360
2604154
5505773
3474187
1836886
2183326
2594551
2544541
2615372
2596091
2598545
2450289
2497088
2508007
2271661
2195147
2527809
2541776
2631987
2449859
2547560
2510766
2435940
2438135
2530855
2589858
2538237
2457250
2391019
2358247
2441435
2666858
2627731
2681670
2534970
2672569
2558054
2482690
2583650
2463731
2527422
2640608
2621920
2395819
2584801
2507737
2542020
2615481
2627115
2482701
2622618
2678842
2552498
2536431
2515260
2253227
2297149
2206536
2291048
2048761
2277482
2203640
2258197
2117755
2282394
1894908
2359519
3975828
1585444
1766981
2028250
2193552
2151829
2185536
2004486
1932047
1890939
1944837
2144364
2131043
1946644
2160620
2124585
2086868
2144720
1921944
2165830
2100332
2097537
2103525
2162998
2145660
2165696
1912003
2156051
1859181
2275593
1973326
2191126
2038942
2101258
1956262
2141313
1915592
2291933
2137671
2149838
1915454
2149942
1912539
2145650
1975072
2144184
2084206
2031343
1967462
2001443
2017324
2187112
1946183
2235982
1769263
2230347
1947625
2272991
1867503
2125880
1968048
2273378
1898691
2203896
1637333
2321463
2057421
2236446
1856670
2380355
2045555
2246098
2042862
2263326
1950785
2240071
1883569
2281553
2016232
2243582
2094413
2278466
2039835
2245443
2073464
2260370
2069982
2262212
2039879
2016066
2207687
2202613
2192719
2315682
2249182
2270288
2170411
2391616
2178903
2367451
2265841
2491694
2287882
2457783
2331374
2559396
2243354
2465916
2240281
2570526
2033894
2393302
2199953
2449930
2201062
2423339
2214297
2458753
2231229
2535101
2121485
2427789
2345873
2407596
2387205
2419415
1998139
2428429
2378278
2452626
2347756
2435160
2286511
2340341
2389319
2521556
2357859
2417279
2274831
2483936
2358127
2585511
2350634
2470690
2462075
2530636
2367438
2489456
2313938
2519140
2237122
2387615
2363358
2486536
2301286
2480811
2400269
2552658
2299258
2502341
2351966
2427724
2356277
2455096
2348754
2581401
2368578
2504470
2326642
2535296
2364159
