2030998
1609452
1591855
1452128
1388811
1456329
1227857
1643079
1546654
1676513
1420822
1315463
1573829
1299178
1725256
1539306
1687063
1668336
1635060
1789067
1622919
1826256
1624637
1853131
1676362
1795113
1615159
1813034
1568116
1816670
1690922
1866438
1687426
1800573
1642772
1861404
1727977
1873313
1593813
1445040
1754974
1832227
1724830
1707963
1859638
1869936
1875634
1846886
1846697
1874129
1728790
1867066
1827178
1857777
1705529
1835444
1797130
1791267
1709176
1807184
1699593
1957007
1576991
1732892
1651868
1537660
1699523
1742285
1385076
1672389
1616289
1739629
1567337
1733792
1548509
1367476
1532079
1814901
1670982
1873672
1803085
1847539
1660728
1891271
1687757
1900088
1817841
5178409
3219748
2240286
1820658
1827207
1786300
1791922
1788910
1644711
1749045
1797631
1562942
1798465
1807460
1795923
1764185
1569348
1505850
1561593
1728730
1706892
1714442
1449579
1594539
1472627
1538100
1542618
1610092
1652605
1918010
1820784
1482527
1758428
1514159
1650667
1785359
1774065
1637453
1819036
1682891
1840622
1699766
1785435
1786782
1817408
1801386
1822125
1695473
1750605
1763461
1813705
1731745
1812200
1683736
1828858
1730420
1821738
1764499
1755058
1767391
1823290
1804454
1794421
1694163
1857642
1768169
1780994
1740193
1764551
1753250
1837776
1663121
1840933
1737035
1671025
1547145
1622602
1577859
1603881
1687086
1735056
1461967
1769901
1643758
1809860
1678524
1765952
1740828
1839163
1782369
1831734
1692083
1748016
1800300
1850629
1671227
1825991
1747372
1833060
1694162
1834924
1736704
1826104
1664477
1829180
1788751
1818796
1774042
1761976
1780895
1824960
1735876
1822544
1779409
1787511
1728843
1829492
1724840
1787999
1738732
1863385
1761144
1872080
1750925
1866727
1728806
1841446
1769238
1865780
1806508
1771995
1848513
1806685
1861493
1891507
1708840
1870037
1712023
1829540
1846509
1866423
1779925
1873435
1704658
1805583
1773231
1874090
1772169
1871319
1801950
1870683
1699348
1827937
1785958
1872919
1847925
1806770
1855379
1799744
1699596
1858064
1764589
1877365
1852554
1870790
1857293
1890051
1703696
1718726
1688709
1785963
1769809
1776576
1770063
1859146
1767330
1859350
1726170
1826533
1848752
1836855
1857863
1858743
1661334
1773772
1768736
1852717
1806029
1830129
1629778
1854137
1711842
1869354
1806201
1878023
1817954
1855120
1812307
1828639
1762085
1857202
1805628
1752234
1645849
1778294
1759637
1777535
1767566
1855022
1816078
1867194
1804324
1871003
