2861531
932523
1657507
1629146
1671756
1414163
1536887
1558606
1513493
1617330
1630587
1732091
1644373
1733032
1672444
1563011
1533102
1779252
1440497
1793555
1644642
1722061
1527862
1634580
1522862
1622741
1546209
5968474
4128240
2290639
1037753
1700270
1506951
1800787
1576646
1672957
1730379
1563846
1654219
1724307
1290746
1643792
1627457
1810893
1786094
1535576
1631015
1783383
1742608
1739786
1579917
1801571
1779720
1744715
1473868
1682877
1510187
1631472
1714127
1482565
1045950
1555663
1507225
1763119
1616530
1240509
1490243
1765862
1595977
1761723
1512002
1805421
1738758
1701106
1651869
1802133
1707808
1755124
1478985
1779174
1727633
1682183
1577821
1809752
1702759
1698985
1605643
1646670
1647048
1766690
1604299
1774297
1737887
1701441
1572310
1765787
1708011
1686388
1576071
1807943
1735453
1777468
1506302
1522507
1630601
1809038
1542652
1315850
1682458
1440981
1276490
1134160
1358339
1381360
1349710
1142194
1198571
1228355
1372106
1221512
1127533
1122610
1142288
1156975
1041809
1281315
1235099
1331190
1315855
1433552
1384472
1546412
1476956
1545346
1418965
1539327
1459254
1647098
1554127
1541967
1456050
1657701
1583082
1584360
1634302
1558216
1611093
1589984
1625645
1608332
1591301
1591414
1525946
1683344
1578016
1676915
1553440
1679551
1548902
1676856
1467742
1690996
1486935
1671922
1542470
1663591
1526811
1686430
1502673
1688366
1553392
1691587
1531796
1596332
1632037
1563657
1578026
1532219
1749210
1403715
1449175
1413376
1548760
1487243
1451406
1491435
1550770
1490519
1498142
1439937
1487200
1611764
1611379
1588673
1613093
1571996
1617681
1586525
1597725
1597306
1495002
1647661
1307300
1679634
1514882
1662726
1551715
1679217
1554977
1680817
1552566
1682886
1556104
1698943
1489596
1699597
1535424
1696221
1555297
1674737
1523038
1693896
1550920
1680028
1510220
1708140
1460975
1646251
1496376
1699225
1500610
1695198
1511271
1606526
1515837
1409500
1572437
1511484
1663097
1597629
1561086
1603810
1642346
1599342
1588516
1598968
1642767
1590927
1573866
1593112
1673833
1606277
1569567
1609857
1589371
1589511
1529804
1450966
1415361
1582566
1642316
1599086
1627972
1600767
1541098
1492720
1522969
1611731
1580252
1602747
1553677
1596078
1610122
1702554
1621843
1477076
1603836
4998201
3117142
2232389
918134
1403929
1603586
1744427
1497217
1539723
1709616
1741597
1697186
1655326
1695570
1796477
1727696
1770821
1645735
1597141
1700907
1742435
1676897
1700024
