9988536
8027888
6053894
4800843
2815143
1686673
1389113
2323538
1695863
2358313
1838443
2347379
2023160
2258778
1811126
2383369
2094661
2354505
2090830
2216684
1650242
2431380
1638071
2220872
2197058
2436214
1946730
2473124
2475202
2544809
2437861
2501951
2169154
2395212
2272473
2403422
2484069
2337163
2282717
2347412
2312066
2359791
2216368
2200942
2187548
2531067
2285947
2239728
1899292
2626538
2359933
2311921
2270029
2197970
1859794
2423454
1896748
2428848
1885758
2532146
1802308
2615573
2026001
2016740
2354282
2420232
1882964
2289670
1889959
2387969
1673802
2567201
2229498
2271114
2271168
2442969
2095198
2282862
1979434
2138494
2157384
2312404
2227653
2464151
1972460
2399699
2054461
2404374
2050819
2460395
2154676
2445541
2001160
2193911
1927179
2471971
2374375
2445569
2126625
2441721
2051171
2333104
1633934
2317071
2271084
5769537
4544751
2594849
937419
2514679
2430793
2560602
2360476
2423063
2477615
2495056
2372058
2366442
2338667
2343351
2298695
2447137
2274758
2514293
2282942
2192967
2365130
2358496
2104425
2295128
2369787
2495552
2347127
2347025
2500506
2424585
2335869
2507122
2393510
2473169
2382440
2447991
2372444
2326249
2365135
2452488
2522698
2533806
2384953
2456743
2414397
2395618
2309323
2402451
2395606
2332527
2321183
2246026
2225820
2377229
2407304
2344240
2283762
2502691
2488862
2342183
2275768
2383067
2281662
2394453
2160956
2428045
2191346
2292040
2349394
2335788
2086371
2224666
2091979
2147541
2006731
2091026
1973566
2028260
1860313
1992807
1909769
2027128
1784210
1869219
1204026
2095494
2087284
2030950
1821068
2068227
2100558
2213870
2213598
2354672
2396751
2401254
2286907
2432741
2457168
2535679
2410504
2357976
2329839
2443394
2316451
2374920
2336636
2504471
2318370
2503068
2258892
2450780
2277077
2368523
2425893
2490069
2555200
2420784
2486241
2496999
2380057
2493201
2233356
2472801
2394325
2512442
2284139
2498175
2416630
2501755
2458715
2594680
2451190
2525659
2338568
2514440
2374484
2502969
2454589
2483081
2477241
2451429
2328933
2456490
2419070
2503669
2092180
2528439
2617428
2577650
2354546
2463698
2343660
2382665
2408881
2448378
2475709
2408098
2189988
2639032
2436439
2594145
2220948
2654845
2484046
2612505
2391436
2605926
2294883
2468373
2369197
2495515
2484954
2546118
2428066
2572833
2259614
2538774
2415113
2555953
2488931
2468125
2431958
2462477
2317519
2478315
2326229
2524533
2485064
2512878
2333699
2466460
2444310
2524383
