8530167
6192039
4391837
2625796
1590388
1958556
1669049
1876191
1595784
1940113
1526139
2014195
1482323
2294314
1528849
2312326
1678867
2003956
1680832
1287306
1878993
2064101
1798656
1706897
1798024
2052165
1740989
2234099
1828734
2230148
1700216
2367948
1542512
2121458
1821781
2321271
1844394
2323337
2032074
2363555
1779098
1879312
2261454
2083857
2393378
2270878
1857499
2480967
1889667
1987641
2020128
1567075
1772628
1376055
1678113
1776807
1727139
1706492
1811595
1832498
1537880
1712887
1557237
1778809
1967952
1804340
1588165
2186649
1749204
2177383
1707093
1974952
2061148
1957849
1692013
2181071
1810223
2175398
1613448
2264154
1965877
2094853
1692503
2174320
1986757
2088073
1578963
2264575
1798754
2162539
1814015
2000711
2058107
2129338
1662660
2254145
1760254
1986670
1831819
2007727
1547519
1735063
1583667
1636592
1475679
2010413
1534107
1960574
1709401
1975417
1889681
1979367
1850079
2035911
1731488
2180860
1962515
2205254
1907164
2372891
2125601
2259136
1852185
2217779
2293794
2081603
1576761
2298140
2024401
2318060
1984280
2161474
2470858
2247613
2424102
2253759
2246391
2421766
2250009
2415876
2177473
2243419
2238679
2241806
2315701
2431733
2223715
2418811
2299200
2428132
2296984
2328933
2441222
2269129
2133786
2404639
2229058
2411559
2228579
2389929
2144122
2240608
2303600
2426022
2263814
2411232
2158001
2262823
2397418
2351704
2323731
2251189
2201049
2356719
2255980
2400621
2398428
2412421
2347015
2163392
2178508
2176195
2305425
2330077
2450708
2325515
2075608
2465362
2286420
2385418
2146794
2373798
2484804
2335495
2117803
2453992
2237860
2429358
1955241
2249826
2015613
2346330
2219985
2493652
2452856
2402077
2204669
2456009
2339296
2398975
2222231
2454043
2406592
2289370
2363480
2423465
2226931
2455009
2238446
2396418
2452392
2274406
2184223
2381646
2383497
2383874
1979341
2514912
2181774
2340911
2262192
2249081
2339315
5802772
4172329
3358341
2995156
2048166
2490862
2408931
2215483
2353406
2188278
2373662
2056359
2090393
2197258
2381981
2238543
2343220
2150943
2182937
2257070
2421715
2419172
2355392
2184815
2411256
2201394
2404394
2208550
2156045
2423772
2324814
2133148
2291790
2243156
2410001
2134088
2391281
2320860
2015002
2077088
1962286
1964250
2133924
1921788
2183904
2055977
2074098
2208476
2233846
2147222
2427263
2205384
2456145
2244669
2471158
2275256
2403052
2245190
2341756
2276410
2404136
2111589
2387916
2130859
2458363
2246213
2468378
