2327607
1231837
1480635
1389081
1269724
1292472
1298735
1514934
1429537
1639463
1589972
1654029
1307370
1644360
1740909
1779627
1783316
1857261
1778617
1827481
1677695
1820246
1804916
1820373
1727283
1832445
1685343
1857605
1720781
1824775
1776011
1668715
1646476
1537731
1429239
1639860
1554145
1508983
1652795
1409275
1709230
1733226
1640362
1792136
1773437
1755278
1699908
1636657
1644606
1795998
1675123
1795527
1689239
1645021
1745322
1688360
1695926
1721716
1422743
1716847
1528839
1723018
1510185
1616160
1606266
1726872
1648534
1708852
1660006
1696462
1503895
1845926
1702432
1763765
1767073
1840093
1689318
1794683
1643938
1850516
1592837
1809546
1724086
1696843
1702317
1557544
1519402
1696747
1486865
1710970
1540273
1517642
1694847
1683107
1727787
1795053
1567100
1651240
1792319
1793803
1732453
1798581
1734229
1857946
1739328
1813712
1811743
1783097
1777751
1737516
1629208
1981460
1603119
1662757
1664343
1821197
1738186
1665423
1762083
1789081
1649568
1843830
1870461
1697007
1790256
1698636
1566439
1869861
1740646
1467463
1502551
1694023
1545823
1671956
1714887
1562681
1555298
1600292
1674043
1702956
1570813
1702961
1674672
1838521
1686979
1836662
1655766
1664087
1818782
1791775
1780648
1881425
1678991
1811647
1671802
1794302
1675538
1760632
1909688
1629107
1690583
1812016
1405769
1612489
1708323
1844405
1793138
1870614
1695068
1765338
1712107
1747608
1701777
1786022
1661537
1813326
1684818
1757338
1693237
1619808
1573151
1769807
1630491
1646919
1714117
1671124
1475036
2581934
725569
1648907
1626247
1667147
1718863
1674788
1441619
1624058
1545573
1772527
1678844
1789336
1725918
1788306
1609543
1729057
1354932
1479048
1480506
5498778
3390259
1796466
1558865
1814199
1622193
1760211
1631891
1610568
1670850
1833830
1482384
1700873
1444570
1775216
1609973
3853035
4090712
2133839
1487042
1823547
1708984
1746546
1519100
1733237
1421936
1575204
1408890
1581623
1545839
1708648
1615193
1721698
1418742
1722982
1400621
1681796
1315880
1524135
1368510
1443133
1471850
1696586
1194421
1481497
1359619
1525875
1219160
1498635
1421125
1539967
1261070
1472793
1295985
1737114
1243199
1698940
1381100
1580378
1415143
1675337
1325110
1592503
1469365
1354381
1207139
1646208
1323236
1500643
1393133
1555554
1420468
1611909
1346892
1703922
1353189
1505109
1432834
1641993
1274215
1565658
1398686
1699302
1286708
1573191
1435614
1709804
1240963
1687357
1422543
1658878
1302712
1724555
