2429404
967114
797158
3637809
2798197
1486709
1084209
1234256
1428523
1618699
1658488
1617140
1504963
1529420
1620731
1265508
1465708
1539444
1605860
1641243
1515719
1624102
1594761
1621575
1589019
1385163
1578574
1321186
1437115
1249397
868960
1281236
1299978
1471373
1406879
1314785
954459
1427378
1407291
1562847
1460244
1569841
1485535
1617404
1531028
1556287
1520948
1600055
1597791
1440170
1632803
1724755
1523959
1536854
1539044
1554279
1646281
1755908
1581091
1677922
1617011
1561058
1564959
1558188
1670395
1583642
1601190
1783198
1698599
1689124
1584844
1760196
1720233
1789468
1620788
1696750
1649653
1320127
1348463
1526890
1570219
1632992
1533753
1783049
1617043
1538963
1503808
1649806
1575042
1673434
1513885
1500201
1546325
1435206
1530752
1509906
1503859
1584826
1471836
1617292
1567220
1532515
1512600
1385076
1588388
1598963
1539954
1688934
1594790
1392122
1532434
1623988
1660264
1580650
1576455
1631812
1616059
1698551
1587219
1384442
1424157
1538900
1582021
1646375
1639225
1581605
1409151
1422996
1363029
1712132
1564656
1606704
1716078
1693307
1695224
1643410
1226993
1592345
1634083
1689977
1614201
1502337
1409851
1675519
1658338
1764816
1652376
1825439
1762517
1794190
1747220
1819201
1744177
1806310
1671438
1885106
1741581
1810457
1737598
1736111
1703934
1814093
1618662
1761932
1776393
1815396
1719225
1785947
1760491
1800282
1626136
1858927
1685631
1784842
1794473
1790354
1782608
1683180
1395685
1438615
1715768
1727985
1623912
1755101
1737923
1780437
1675237
1756373
1622536
1637773
1556890
1705909
1711733
1698161
1454173
1611410
1649952
1792693
1606606
1597355
1616085
1707754
1651259
1700944
1640081
1671790
1637440
1768127
1683818
1673610
1621009
1754207
1677251
1753908
1709012
1760186
1701587
1753076
1699458
1776247
1700444
1760027
1755552
1756936
1702805
1796589
1730420
1738286
1692211
1745956
1738124
1769822
1704448
1767612
1717286
1763583
1694156
1767805
1730547
1753482
1690482
1544409
1479961
1350519
1377428
1587938
1500571
1628549
1472384
1797553
1695994
1753409
1688489
5537040
4117750
2074820
1066905
1843767
1813076
1649994
1569654
1833806
1709332
1810787
1622656
1575939
1856168
1838340
1830898
1832647
1748653
1812804
1632697
1824492
1729546
1834120
1756463
1823131
1902641
1765147
1666552
1833012
1700794
1827945
1761167
1868045
1826358
1903532
1729363
1885760
1732108
1881198
1721713
1876738
1736934
1871149
1733253
1891228
1735548
1895533
