2265598
1417032
1341557
1358786
1092393
1382337
1046167
3571875
1709462
1976664
1085369
1853865
1391897
1685233
1664829
1593789
1475276
1657364
1510606
1715315
1342308
1535304
1433449
1379430
1510752
1479907
1558553
1558649
1425055
1614619
1479684
1632390
1354305
1635690
1270184
1662668
1380127
1627996
1498768
1238923
1475508
1505919
1505294
1564233
1365881
1553514
1411236
1554160
1452503
1530180
1491019
1512967
1455600
1578277
1372606
1423523
1483464
1532110
1505910
1509462
1316395
1753337
1264344
1549791
1461161
1547650
1460439
1687135
1411440
1552016
1229839
1716269
1280457
1481148
1498106
1484902
1439871
1551610
1356639
1626607
1422398
1753773
1341554
1613151
1479286
1654227
1358983
1763336
1366486
1634904
1396886
1758691
1267188
1784562
1459389
1493332
1426885
1571628
1454760
1521214
1339750
1556864
1432688
1600080
1451577
1495682
1469034
1526060
1515775
1516682
1396315
1707122
1443202
1669900
1312040
1291127
1402312
1479081
1384206
1462963
1417701
1714448
1147313
1552201
1536233
1620558
1604851
1611672
1658629
1629473
1435684
1649256
1504711
1660424
1676527
1604913
1636014
1649614
1455726
1618104
1423042
1608418
1731842
1724364
1671607
1559371
1532552
1750430
1621504
1649867
1601948
1657715
1681445
1646273
1371777
1626243
1448969
1662688
1570364
1590525
1458811
1548830
1362350
1510301
1418346
1551793
1528050
1602166
1419260
1595912
1319923
1633546
1124453
1672314
1441947
1719912
1660754
1755235
1404816
1849559
1624129
1809343
1486419
1848829
1623260
1748953
1558443
1835996
1625589
1805188
1586962
1822445
1728660
1543607
1413458
1798755
1633121
1797247
1600618
1831907
1740027
1803534
1432639
1797242
1467058
1841764
1572750
1791596
1492214
1788388
1496815
1659423
1501698
1834095
1481984
1856683
1528743
1838185
1677181
1842694
1584395
1843079
1412093
1836448
1595938
1756017
1685265
1781729
1562537
1831881
1662960
1830335
1517034
1822130
1644906
1863271
1522891
1667200
1506382
1462498
1365049
1432046
1343284
1609886
1444103
1541900
1378216
1536935
1421716
1530630
1264417
1633843
1409158
1512811
1430832
1409720
1435707
5282284
3291763
1444210
1541296
1664024
1742499
1658975
1541630
1664415
1471971
1629540
1372425
1654456
1403370
1646209
1677172
1884893
1586491
1783494
1764803
1845215
1739984
1883605
1643870
1878099
1706935
1843138
1770097
1830969
1602262
1889265
1791275
1873838
1821770
1880050
1733331
1884352
1697547
1869228
1684437
1874394
1728282
1891449
