3995118
2032509
2179240
1546968
2337636
1729468
2397915
1596255
2403363
1760976
2323177
1784600
2400082
1796335
5765729
3803057
2108656
1730358
2330821
1707576
2423119
1838731
2330009
1853146
2466382
2032638
2281242
1884448
1611463
2359463
2171407
2087694
2271509
2039428
2064039
1789350
2348631
1774286
2382053
2053974
2131895
2310342
2167516
1937472
2442930
1962228
2263482
1923602
2415465
2074321
2313118
1983611
2269557
2031332
2419366
1854186
2489634
2026749
2262356
1899290
2589341
1988509
2380211
1922400
2494563
2030807
2377252
2063487
2357613
2019783
2238182
1908717
2477250
2010401
2505836
2046659
2351023
1941051
2517463
2134975
2331156
2197186
2316860
2069666
2561507
2014174
2543135
2133305
2370132
2132478
2205155
2157885
2318852
1901396
2460243
2038819
2362813
1976746
2340988
2083284
2579676
1872276
2540090
2100729
2519942
1780313
2645253
2129488
2547409
2114090
2539496
1946776
2534114
2083465
2682407
2180147
2552316
2255483
2565656
2015375
2660117
1889648
2257869
1902369
2348633
1960570
2501598
1975001
2664573
2101518
2746814
2343616
2567416
2254082
2747744
2532038
2639974
2149510
2764634
2257430
2688848
2226951
2705513
2464393
2621621
2325061
2672407
2366742
2554286
2370542
2635612
2566405
2599926
2135984
2628280
2427703
2624607
2282391
2656157
2499254
2623826
2333998
2557839
2376922
2643700
2230358
2560287
2547397
2605277
2320342
2624174
2232200
2547745
2259035
2594802
2439024
2619712
2347887
2662267
2246201
2725960
2021047
2725678
2222669
2723159
2233094
2671303
1881292
2677988
2394471
2543382
2291469
2495035
2352698
2565184
2240239
2549840
2233117
2523103
2230182
2692045
2406022
2649381
2274391
2643326
2168800
2677071
2507295
2639602
2521262
2625322
2379613
2676461
2096059
2645407
2286196
2678277
2425884
2618971
2344047
2641051
2306701
2644185
2230465
2687273
2433903
2605176
2324739
2699628
2220204
2567059
2408378
2412354
2410258
2561815
2366143
2618996
2186684
2679187
2315109
2475738
2368776
2237209
2125371
2502078
2115780
2466976
2274271
2469283
2269352
2382316
2346351
2279981
2304950
2529204
2306767
2599661
2349708
2580241
2156164
2414238
2245072
2441843
2774422
5713386
4206082
2639079
2084726
2601465
2450188
2597139
2080750
2626720
2184908
2641717
2154896
2655833
2095289
2498836
2439908
2517215
2318446
2668456
2069802
2498374
2307848
2686117
2370172
2697710
2410501
2582908
2329133
2625123
2307472
2687738
2375809
2691934
2331459
2571633
2408948
