1305443
1109619
1198873
1209413
1405224
1211154
935852
498270
1186056
1151852
1059514
1168798
1310444
1023709
983841
1075652
1234366
1235219
1387469
1162283
1273548
1104477
969956
1070359
1183281
1174773
1216523
1057746
1114153
1124787
1153048
1206677
1290260
1283700
1307841
1158098
1173055
1200891
1163176
924676
955110
1099218
1140489
900365
900483
938752
1047906
990921
860249
743178
883372
922327
623136
701856
858154
805594
809123
609668
583426
739384
733221
831163
1022228
1013522
928160
925190
1069638
902507
896158
1030572
1076141
1165593
1156407
1057319
1173087
1119173
1241103
1055366
1084720
1026803
1180551
1110220
1157021
1108252
1171144
995754
1163849
1085645
1224455
1069145
1150874
1089634
1114939
1142293
1105595
721365
866600
1080998
1184706
1045007
1117653
1003488
1091010
1118933
1146108
1112507
1129537
1146119
1000442
1101679
1049373
1192371
976227
1009806
1004988
1055772
1117038
965507
1005884
1027798
1052567
919175
987834
1027200
968098
1017832
1030011
1018073
1079560
841374
1082367
650989
720184
984071
986548
834472
1085366
1058055
1030069
1006345
1057387
1031759
1102263
884862
925497
1090739
1019605
1001216
959121
978375
1002019
892326
1871573
1670549
1505091
961257
1082865
1030523
934533
1115357
981072
1116164
1035608
1005387
1039138
977721
1114446
992575
1019852
883643
1087543
1029878
1070838
875477
926696
911830
934177
980484
1021868
1019126
908715
889145
1034232
985562
1013897
913204
1119959
1000336
1028491
1084357
999210
970028
991591
991156
1089323
1049683
925277
977234
1100492
971857
1031632
1026488
1094644
1046624
983729
1057714
963621
1082218
999335
988935
1056742
1058521
1098478
871073
953754
924426
1022327
1003100
1112180
902977
1105365
794472
1078321
975046
1123331
1002218
994783
1089003
979043
1019639
1088852
908028
1068597
1053349
1015395
999903
970647
1074447
1049018
1049324
1030170
1104893
818035
823809
1021305
1054068
948386
988003
976494
883738
954035
996570
1028042
966957
1046183
1008756
1220110
998126
1102296
944994
1102318
930167
1127805
1008343
959252
793403
955853
875919
859864
764083
1054954
1100679
1044877
979962
1068695
1050692
1186907
980548
1151877
742605
870738
1033717
1073098
875000
984151
977108
1025990
916791
1055464
1015881
960919
1049255
1090559
1017252
1058724
948276
959985
1003665
1020765
979155
