2723672
1061752
1119366
995157
1574120
1995388
3551396
2536899
1118457
1412861
1441687
1449356
1490856
1628439
1743340
1690379
1754706
1626288
1401443
1463422
1738847
1665750
1799913
1603598
1611362
1427366
1694929
1433956
1748074
1484896
1711205
1536468
1827030
1338294
1742257
1701686
1633473
1516371
1571853
1514631
1738404
1728400
1815825
1808400
1815671
1791768
1809245
1694389
1811770
1739200
1823934
1744857
1825584
1705907
1835256
1733949
1843564
1699783
1863779
1590963
1671409
1699924
1832099
1767651
1715613
1662393
1730729
1482581
1549848
1710385
1730770
1613612
1725029
1613209
1730066
1704953
1726273
1512781
1584872
1633990
1646328
1569429
1821781
1763744
1742070
1667647
1602780
1657947
1731759
1721955
1817409
1748233
1818870
1650400
1764482
1642822
1692653
1659813
1880531
1697089
1888022
1686453
1889979
1436407
1843065
1763618
1834723
1806930
1836065
1758530
1791245
1701840
1844928
1695523
1693905
1566133
1751214
1785808
1744598
1723090
1899095
1857929
1635902
1762598
1714009
1796530
1831931
1589763
1771847
1812075
1875881
1552502
1799158
1772801
1754004
1675037
1803071
1725280
1680540
1612408
1889945
1885536
1799372
1786336
1786057
1781190
1884975
1767036
1881115
1841675
1875885
1792754
1880601
1810981
1793615
1762520
1876165
1853891
1892297
1743131
1840633
1763713
1884015
1797516
1898469
1822755
1903462
1842634
1638698
1626603
1796620
1774059
1867710
1787084
1785360
1848262
1878431
1755234
1716408
1659907
1766179
1780964
1895999
1818855
1795924
1760384
1872918
1797765
1877491
1766344
1882428
1848968
1876069
1795081
1862915
1800563
1875716
1809832
1889940
1852726
1689296
1626133
1631418
1691594
1699960
1662558
1878465
1767844
1863674
1804555
1836861
1798664
1874375
1694922
1850209
1726298
1773160
1733207
1868777
1809490
1883046
1811419
1873135
1685277
1868880
1900876
1884441
1802163
1800256
1741999
1881060
1661181
1757089
1676372
1678897
1634348
1615919
1735167
1746989
1691136
1904988
1759038
1871530
1615643
1769885
1693535
1635329
1766049
1880501
1634822
1891460
1855201
1883409
1799678
1850919
3073762
3689649
2109146
2022794
1689959
1978210
1857737
1924691
1895682
1892536
1652933
1919441
1806213
1917770
1904126
1929159
1848011
1873481
1578778
1822304
1767070
1827486
1826289
1761563
1576788
1822780
1543577
1714049
1609098
1689643
1529487
1557619
1664664
1894432
1537072
1902769
1646392
1889796
1632311
1892111
1861537
1887101
1696433
1902542
1717173
