1312873
1216611
1335033
1507973
1569324
1608208
1469719
1464920
1225270
1610456
1359047
1549987
1432694
1361051
1545333
1575675
1570907
1702630
1558456
1730503
1600280
1686596
1623911
1696060
1669356
1717094
1630939
1695195
1642168
1443009
1114795
1660656
1661838
1398600
1469139
1672636
1573042
1590782
1653876
1679204
1610032
1688873
1622671
1676630
1618758
1704880
1520940
1670794
1528243
1611922
1591889
1702072
1721193
1754489
1617842
1745328
1656592
1697923
1674922
1664891
1731843
1673577
1634901
1777690
1701850
1784635
1738870
1749973
1712579
1765269
1687900
1732229
1651182
1724337
1704620
1768167
1706436
1820641
1745067
1566916
1777890
1861599
1801961
1774331
1732889
1810415
1741522
1849999
1676544
1778240
1828578
1805468
1760838
1696855
1581309
1670296
1683572
1806072
1684822
1783022
1723363
1762637
1666065
1797134
1690220
1808434
1722630
1639083
1702647
1825775
1574375
1765701
1559315
1737584
1658872
1680027
1636258
1769462
1689461
1704274
1495886
1867591
1683541
1788498
1769424
1772128
1672142
1834792
1660387
1677996
1422554
1771862
1803082
1854790
1731319
1810228
1663419
1795729
1696204
1752897
1699287
1776601
1665790
1808192
1695681
1768624
1644397
1755743
1632065
1850729
1740623
1792293
1644439
1841035
1586929
1846235
1689101
1766247
1734607
1772264
1664143
1808564
1620070
1819038
1734743
1781134
1690369
1766713
1729474
1731544
1685826
1814314
1727056
1759853
1725277
1757027
1691461
1789715
1677215
1847664
1198242
1680182
1697470
1616777
1632412
1699717
1697952
1707393
1510674
1736587
1734067
1725612
1561965
1700931
1660956
1772436
1554604
1691111
1834734
1729039
1553139
1732587
1689748
1696547
1597490
1757924
1734247
1681718
1666256
1685251
1647539
1735763
1472284
1637999
1686823
1778008
1527644
1733413
1650446
1718233
1536905
1735427
1640062
1735477
1420003
1731553
1451269
1728803
1598306
1747811
1737752
1772697
1541302
1708911
1689312
1753337
1509554
3583859
2025131
1896954
1309495
1781314
1728951
1752163
1609962
1773582
1691527
1772967
1557879
1779764
1780433
1771847
1754117
1773452
1695513
1740475
1608066
1773194
1773384
1791573
1589268
1781075
1644891
1775338
1579325
1768964
1744362
1763618
1609836
1767858
1693803
1769264
1601526
1724965
1781445
1765028
1619730
1713382
1660446
1763446
1583806
1781365
1700136
1775588
1802520
1767105
1630072
1760594
1531981
1782337
1757817
1774365
1625815
1772963
1645988
1775588
1548964
1518514
1522814
1542325
