1019922
1153294
718248
810111
962738
1197229
852615
1168358
1035310
1163854
985833
1303515
873189
930635
1001357
1248239
1036509
1066200
1138970
1207942
975587
1210238
1089041
1283504
1064048
1280870
1118553
1375893
902798
1442760
857114
1386791
1050677
1346483
1051485
1205899
1076208
1321651
977395
1357949
1068967
1314684
1174665
1350659
1081312
1100472
928913
1307562
1024520
1453371
1047301
1300846
964349
1224960
1157301
1303168
1089450
1310654
1150689
1369556
930919
1205490
1072757
1261969
853683
1275507
1056122
1439757
902370
1305611
924207
1363880
994126
1316057
1055563
1315761
1042227
1396255
946424
1380542
1082062
1372426
1096701
847627
933828
1317663
920145
1181692
996507
1315543
1079373
1251990
904119
1340186
944006
1317599
1157735
1324504
981243
1379879
880210
1315143
963831
1237296
1062745
1406495
939200
1311113
992245
1282630
939074
1330228
989587
1261671
1050422
1345865
1014292
1337094
1046150
1266377
1092533
1425134
952115
1409451
916904
1321284
1002186
1318063
1092994
1231982
906847
1342704
905674
1425384
800537
1373169
1015603
1322018
947787
1384969
949640
2307326
2281603
1366595
1081057
1248163
1039744
1298202
989147
1209412
1131884
1315692
1008203
1350676
1136284
1317900
1014858
1298298
1058739
1337928
911903
1311528
1122314
1420245
880114
1252537
1076367
1281498
981868
1131175
1074752
1380316
958340
1379851
865009
1385150
941093
1227162
981280
1217266
1045582
1460221
829933
1415809
818756
1304478
968990
1189345
943026
1204956
907282
1336133
901783
1232266
807507
1319787
762990
1374639
908668
1102353
1129258
1289027
906081
1236797
844665
1234936
954824
1252220
1048943
1306571
962845
1236218
972360
1367313
783140
1060004
986224
1231896
1010816
1088794
873514
1323382
947177
1171095
882545
1434591
1039572
1313498
936809
1129495
1012487
1290255
853903
1345735
901544
1236150
1001707
1285567
896105
1252530
1017683
1218449
925964
1302328
806896
1328012
925401
1241122
850924
1153754
933994
1407113
939149
1269797
973609
1363629
943360
1320732
998197
1301142
987015
1196682
1062531
1345644
761858
1284087
983727
1206884
834718
1150820
840069
1417823
852722
1418157
954351
1328269
978951
1309967
926010
1255665
895125
1330288
888400
1315388
954696
1052066
947460
1389403
818592
1345662
884452
1491148
871865
1349374
818953
1329878
932804
1456221
954383
1114100
