712949
1003486
623578
1007147
609014
1280613
995850
1318251
714250
1331246
933646
1135918
809563
1264159
807138
1293299
803149
1150761
911000
1262555
1406239
1258246
1253606
1388470
646058
1413316
1006944
1171896
1028069
1141968
886695
1254834
917390
1357181
1304175
1354256
1253877
1248910
2189805
3489521
2087059
508161
855741
1473442
1109646
1298142
1409579
1334231
1282288
1399548
1202810
1347739
1134842
839003
1043979
1376389
1062432
1269115
889639
1464754
1298914
1410445
1276792
1421968
1300110
1284209
875451
1439922
919195
1379793
880583
1207718
918102
1326459
628216
1411749
1200668
1408183
971404
1410651
872449
1370382
976877
1210229
803219
1354771
879924
1412344
936942
1338193
919336
1373933
1015893
1274300
1093951
1396825
988830
1423630
852265
1449146
1092032
1318421
1323170
1411609
1430786
1420457
1215407
1432026
1122806
1337993
1112016
1393029
1428249
1434823
708331
1405239
1231729
1208979
1093093
1402378
1035412
1323129
1127874
1384168
828936
1348768
1152822
1225607
1014635
1457200
1060632
1271221
1189680
1359624
1371430
1308125
1261824
1377291
866955
1395328
1370844
1375560
1102683
1183333
1141561
1314573
1129423
1074467
1106431
1260370
1247221
1303685
1160887
1314676
745585
1375105
1163905
1325041
975503
1418553
1120043
1284994
784833
1419864
1059011
1330298
1185261
1432265
1037739
1384190
927406
1402415
827860
1427976
1149962
1365799
1060408
1328977
1061469
1387482
880971
1456328
1110737
1294064
1369220
1401525
1008817
1474868
1047912
1327021
1218464
1347296
1097677
1433330
942175
1443880
959753
1166666
822159
1228863
1287914
1114044
956720
1355281
1286390
1427785
1108432
1333446
1119666
1392619
1324383
1391393
1042872
1419285
1355564
1285354
1356216
1360605
910430
1461679
1045373
1363118
1238553
1416822
1248703
1432985
1030913
1386795
1354584
1488271
1266963
1267214
1340416
1410185
1451496
1515190
1294311
1395195
1381772
1444145
1283614
1384042
1198822
1397820
1205557
1366236
1265147
1340755
1239539
1438336
1191445
1358364
1271773
1327988
1482670
1467752
891555
1406115
1421049
1320700
973111
1349958
1291860
1512827
1387710
1457057
1032045
1374729
1385795
1528581
1382756
1374459
712552
1493187
1368474
1368630
888332
1400789
915241
1463967
961049
1404668
1001897
1452582
1344820
1387172
1062316
1365685
1282159
2006806
3229744
1846435
670429
1359829
958360
1385365
916634
1405488
1042591
1311973
