4431913
3222188
2366622
1159259
1741159
1446129
1917840
1429713
1997744
1331926
2179751
1367893
2305749
1662372
2090402
1932497
1945047
1924206
2139090
2126464
2216275
2090284
2023934
1965621
2070308
1957441
2175739
2038743
2254572
2095029
2221972
1962907
2153698
2050136
2206892
1972345
2195674
1896290
2266622
2008957
1834105
2053952
2242123
1994913
2379021
1853480
2312641
1925382
2175217
1953091
2237319
2043279
1765243
2245222
2151444
1920485
2310276
2234945
2380418
1841004
2329728
2189885
2222193
2137573
2359563
2062420
2325151
2071024
2193364
2199565
2258937
2103867
2097262
2213156
2271580
2156735
2210244
2173264
2225829
2078919
2516434
2217221
2479759
2222111
2388543
2019143
2405397
2055306
2390034
2143159
2326146
2141784
2376513
2301762
2411161
2178711
2451064
2124410
2531949
2246199
2524688
2133114
2435299
2115988
2274539
1938966
2495421
2350433
2428920
2231548
2391644
2308773
2320814
2284557
2384888
2301976
2388804
2146656
2364163
2275565
2477709
2294549
2382214
2361713
2213658
2105128
2483031
2284031
2502039
2332606
2300061
2296245
2446054
2381748
2313222
2279978
2363605
2279641
2257409
2282682
2043741
2012417
2384849
2256522
2492655
2264320
2503422
2240071
2373011
2275596
2299478
2367043
2291218
2224256
2193834
2495687
2319136
1873618
2489135
2346013
2397084
2388360
2163713
2053707
3177246
4992882
3128602
1598329
2186410
2032018
2191250
2269128
2393247
2159099
2347859
2187515
2106354
2111119
2362651
2261751
4174687
4999375
3163240
2092203
2159520
2177268
2415532
2208684
2277221
1888673
2302402
1888856
2366704
2294312
2463994
2279546
2443501
2279313
2391475
2209031
2374492
2274727
2330271
2273241
2263827
2072693
2121099
2191272
2223734
2220442
2345556
2250440
2199350
2083391
2391524
2291651
2383581
2280427
2390537
2272357
2223203
2191206
2441659
2340854
2317116
2238205
2394298
2239676
2378472
2235832
2403768
2321373
2224822
2133781
1972422
1925768
2389193
2264585
2336245
2039400
2171844
2210044
2336554
2345152
2207909
2178279
2399969
2241653
2408352
2281857
2390112
1930230
2066497
2329562
2421491
2172298
2355900
2258765
2238723
2256235
2405742
2299467
2392271
2248170
2372695
2224335
2319206
2220922
2418013
2252062
2196212
2143085
2217224
2237207
2238900
2338651
2383493
2138333
2328910
1733316
2299369
2079283
2226236
2298218
2286203
1930546
2401525
2031542
2313175
2124409
2264062
2054239
2079380
2255471
2191615
2182656
2214805
2094877
2345958
2139219
