2477943
1168253
1655809
1333264
1289594
1129457
1310491
1327375
1635413
1541866
1700182
1588413
1454997
1401051
1507171
1285919
1655945
1530708
1273063
1073421
1730264
1502333
1747236
1502490
1715111
1524536
1752808
1453816
1583142
1629188
1743368
1753786
1734900
1501121
1746893
1505144
1717272
1609343
1559392
1578621
1807375
1508886
1613096
1187623
1567206
1012000
1748097
1367494
1677922
1342068
1667323
1560858
1656531
1265703
1712853
1488925
1616995
1504865
1666331
1638917
1624416
1267325
1545072
1242196
1781575
1718234
1792561
1716970
1669931
1650415
1751538
1016611
1816165
1528785
3580910
3159759
1214308
1346069
1287335
1294685
1646165
1459831
1683153
1411930
1651678
1425103
1591637
1421120
1591713
1619029
1597709
1687804
1792676
1383610
1725529
1485599
1665338
1516720
1569704
1686457
1753711
1312559
1704350
1316737
1442450
1014730
1759314
1536902
1594842
1692180
1757095
1868257
1911693
1032722
1727072
1668843
1889931
1666436
1602895
1841377
1875257
1883121
1825367
1662989
1756971
1861030
1932740
1862167
1660021
1638743
1683064
1361753
1573489
1358931
1622053
1682966
1638603
1469766
1579696
1142776
1544027
1392205
1590380
1205243
1439480
1355859
1674784
1179567
1842500
1778943
1924285
1606145
1807266
1105375
1905381
1496079
1726393
1586767
1875546
1600145
1861449
1701114
1913788
1695900
1816560
1474760
1843266
1769874
1932124
1805206
1882037
1705130
1849247
1453730
1743045
1696554
1877820
1698287
1819320
1512377
1881221
1570912
1841288
1881879
1831726
1830281
1760979
1436742
1831703
1708070
1842637
1694867
1884843
1811662
1737224
1669750
1875653
1534158
1881106
1461437
1935320
1935663
1862312
1628799
1809056
1536372
1829570
1750779
1848946
1771301
1897427
1527238
1862315
1601913
1763098
1710949
1843730
1708706
1887832
1363624
1973634
1855646
1774445
1833983
1790650
1968914
1934230
1774845
1873961
1502034
1902411
1713013
1863022
1736314
1773276
1686570
1700564
1621805
1840514
1680173
1754399
1321015
1658833
1414873
1868525
1509408
3855207
3599462
1896789
1227144
1124979
915299
1591960
1143187
1825813
1148830
1598875
1464779
1569838
1585606
1731216
1217995
1682947
1319365
1652583
1309963
1732071
1497756
1463125
1376946
1726925
1292442
1751447
1239509
1718033
1222591
1570512
1402875
1373302
820167
1528107
941707
1655867
1257121
1720243
1405805
1653275
1502683
1516646
1340139
1763425
1379031
1748045
1394201
1564296
1506561
1698699
1651463
1549908
1295724
