2153730
1428442
1230409
1239208
1501644
1539835
1146672
1597052
1373846
1302391
1612878
1459681
1648964
1584808
1586636
1607843
1605493
1619969
1415819
1683989
1452846
1645452
1666879
1632051
1647484
1629012
1639749
1590869
1679484
1678961
1652770
1643534
1569949
1640036
1620188
1712536
1625258
1634285
1640116
1468535
1708076
1519729
1714090
1704434
1729121
1737360
1550375
1717481
1705153
1788021
1704014
1667565
1684866
1711722
1700813
1698844
1381255
1429701
1605844
1596402
1762174
1822162
1586120
1558497
1639186
1795847
1676977
1646359
1676255
1777001
1664413
1723088
1662490
1748723
1677955
1753171
1795032
1723292
1692059
1754792
1679380
1744532
1688271
1783676
1772906
1843748
1689476
1762264
1428260
1636510
1657943
1728611
1705894
1555480
1475820
1731969
1486505
1689984
1711502
1719671
1666638
1696803
1661694
1754162
1720174
1718585
1665999
1640477
1414026
1465963
1805101
1837702
1644640
1644378
1770036
1803722
1844911
1858792
1767876
1865879
1781697
1718954
1593620
1621299
1398656
1586443
1517890
1275111
1477598
1359972
1630844
1555119
1500031
1629593
1583379
1549161
1510339
1680376
1511905
1448999
1491060
1393102
1444657
1429552
1470904
1521483
1476382
1516919
1539441
1434387
1517812
1401844
1533009
1495038
1447372
1411611
1397294
1503726
1452170
1170731
1537132
1554984
1427120
1470123
1309803
1396987
1487328
1497603
1489117
1406405
1492533
1422974
1580272
1441483
1515358
1496079
1469512
1459114
1516203
1346237
1578216
1338132
1534049
1442316
1377547
1435687
1441992
1500778
1436468
1419033
1410146
1478572
1418377
1260169
1525309
1383158
1437364
1345843
1269286
1171298
1345971
1371838
1441028
1358555
1401328
1321442
3539912
3097244
1836313
1708242
1613403
1595999
1659116
1605900
1549386
1749627
1619708
1760662
1681536
1762472
1791321
1776623
1711977
1780161
1688892
1692334
1654925
1691576
1700390
1529249
1642878
1626605
1665616
1792831
1722921
1727448
1782228
1796442
1763840
1669951
1745955
1813311
1794676
1819682
1782988
1822272
1841146
1836984
1741307
1847198
1715885
1766921
1723671
1780762
1720411
1878446
1785151
1854335
1781488
1900748
1762800
1728727
1763972
1745937
1623233
1796546
1767941
1768777
1854489
1925069
1908714
1839246
1782325
1937913
1805258
1899122
1861951
1923688
1844888
1853737
1809841
1842854
1806395
1919780
1836414
1818613
1853113
1919273
1796786
1752761
1858172
1929068
1912603
1886828
1892319
1915924
1684750
1879019
1821408
1931853
