2276102
1005753
1456159
1490853
1282024
1561433
1530046
1590285
1217814
1369453
1508804
1619324
1061662
1642649
1400477
1835681
1788409
1797832
1666765
1827951
1751134
1901638
1716690
1898941
1792457
1902742
1790634
1821941
1683620
1905949
1385434
1747210
1383696
1804707
1510760
1828277
1686671
1691483
1473978
1549715
1342751
1503277
1602807
1592318
1611888
1813596
1641587
1577748
1512757
1805649
1624976
1813320
1720040
1761312
1723114
1649885
1524786
1573395
1455287
1834137
1553224
1817839
1472157
1448677
1297705
1599218
1391492
1581001
1385876
1552810
1553818
1526016
1482222
1529960
1300771
1664811
1634449
1681699
1605934
1666179
1495193
1638615
1443701
1486497
1558408
1400050
1611794
1618881
1283134
1555932
1480490
1610654
1412773
1475442
1595005
1564728
1459467
1625319
1434192
1681549
1473667
1903886
1640499
1688271
2985270
4667573
2978690
1037401
1748937
1742873
1739570
1770882
1384335
1623621
1723263
1897361
1814605
1903428
1794479
1907787
1841771
1832387
1788480
1834521
1780322
1807593
1735620
1844298
1763976
1901377
1775541
1839242
1667365
1676631
1674559
1894213
1795464
1889516
1441762
1833253
1808266
1886978
1769474
1798435
1794917
1883818
1758895
1913351
1731441
1896827
1771904
1916871
1796827
1829174
1735752
1817195
1734059
1920627
1728787
1749647
1605586
1776617
1430591
1690821
1457703
1607228
1553458
1594637
1405336
1683354
1459657
1646019
1443270
1488618
1652079
1599525
1482847
1600225
1170198
1597524
1400230
1606614
1518710
1447271
1533110
1606928
1475086
1647832
1270230
1558178
1578473
1602963
1521244
1514477
1448979
1591945
1458523
1584662
1529979
1608093
1522187
1603929
1482194
1473932
1472396
1616279
1429731
1664365
1608167
1601024
1475306
1589287
1472212
1481147
1614124
1594438
1665679
1563289
997462
1627965
1346555
1611918
1559119
1515405
1519098
1602283
1482030
1656006
1310510
1668027
1613359
1553478
1416317
1282949
1386326
1675629
1374396
1672606
1604255
1611445
1373543
1563124
1467663
1380991
1398314
1456400
1536429
1445721
1436692
1355830
1307675
1356617
1302985
1371176
1312645
1400135
1320179
1497147
1232075
1402030
1229384
1268471
1225356
1297784
1329982
1404732
1507563
1567279
1448703
1664200
1460934
1649479
1536766
1652455
1491638
1648651
1540025
1648483
1565786
1568042
1363144
1404056
1320094
1355292
1129323
1526002
1299269
1521567
1343349
1525621
1520051
1513309
1684097
1822854
1709282
1570968
1514402
1528108
1140863
1526697
