1563806
981258
946739
829124
1149005
887481
1561085
1304635
1434604
1367512
1508958
1312151
1481469
1258563
1608281
1268342
1627637
1262428
1534020
1285017
1557027
1481159
1512872
1079606
1379196
1499960
1640631
1297278
1661587
1573648
1652777
1373796
1716211
1290747
1658674
1286993
1680286
1381868
1601326
1324109
1687516
1006163
1532154
1031924
1662275
1286821
1394060
1041330
1522830
1325344
1481431
1371585
1584150
1223429
1682754
1204314
1653631
1300580
1678489
1306651
1600743
1237937
1683481
1030857
1638857
1323638
1638545
1167857
1678961
1242528
1705825
826968
1649733
1179207
1690112
1546841
1575102
1136527
1728061
1331444
1692083
1391586
1695592
1124058
1790418
1511074
1592107
1278169
1699322
1348043
1412472
1321294
1652261
1157500
1707391
1555225
1515032
1540178
1597193
1088295
1756545
1726125
1512515
1302565
1669852
1333707
1512941
1304229
1577711
1660523
1710379
1460849
1568046
1287558
1627717
1710068
1634463
1702642
1640781
1742259
1717246
1649866
1651673
1585741
1654445
1520946
1717138
1590488
1629085
1493251
1571885
1287189
1536441
1508171
1564950
1448825
1597734
1507990
1607803
1437837
1557030
1474534
1526293
1494531
1545269
1446991
1275123
1104184
1157513
1058401
1349616
1503411
1633681
1406560
1600895
1332565
1398186
1539167
1652366
1310545
1555279
1287075
1601308
1139511
1607298
1295794
1571973
1119284
1556850
1506840
1423088
1097954
1577075
1454340
1563273
1412251
1648967
1504430
1533776
1243541
1535382
1899141
3604423
1861931
917751
1338049
1617701
1322490
1587776
1139903
1589641
1152293
1664726
1185490
1536541
1496993
1586901
1451473
1674532
1109638
1438875
968104
1441259
1391393
1562535
1502352
1467785
1348150
1609071
1266719
1580045
1176101
1607391
1282218
1568646
1325850
1621256
1219497
1577268
1438714
1615787
1143046
1565090
1247877
1762129
1236767
1600336
1509460
1650347
1251578
1672181
1302731
1600085
1329665
1582494
1474220
1619281
1355345
1595443
1097533
1497232
1325426
1612837
1512366
1518828
1224729
1560647
1215424
1586633
1278477
1479494
1276612
1549194
1168697
1343874
1080057
1147157
1164176
996087
895580
1193008
1228742
1273925
1011818
1272315
818580
1062745
895772
1385953
1251941
1246060
1366006
1545146
1066424
1319709
1298536
1617429
1332160
1690156
1439265
1737443
1430884
1631089
1363572
1544717
1434699
1613856
1482079
1718929
1275400
1653457
1351589
1674569
1536629
1604509
1502934
1652877
1381067
1679552
1606158
