2026917
1342781
1409888
1095380
1478853
1221409
2245988
3715814
2038123
718116
1325236
1442796
1483736
1678009
1669218
1736975
1649167
1330943
1370276
1496057
1563388
1594155
1734993
1438811
1450574
1485966
1578918
1488272
1036599
1519842
1387449
1340048
1268245
1265226
1487621
1631087
1407282
1394293
1481865
1565724
1483886
1420186
1487800
1585689
1469758
1529331
1634916
1571764
1550421
1498652
1647940
1526776
1720807
1709783
1347961
1655582
1572488
1496187
1663021
1423091
1439718
1549714
1716870
1455282
1648397
1498128
1219013
1167282
1194074
1156369
1302900
1322994
1323318
1325707
1260568
1332695
1321313
1369045
1439995
1283320
1297358
1397414
1350269
1351319
1486462
1299747
1350967
1369921
1437798
1466591
1396473
1471188
1450740
1462289
1358406
1217902
1514366
1322078
1527743
1288477
1494912
1182561
1701803
1364616
1413116
1395681
1511453
1431349
1714872
1387314
1728114
1542982
1684202
1524402
1619640
1467209
1526176
1482175
1692479
1502380
1588420
1503762
1449128
1472295
1557911
1494540
1758074
1479833
1414482
1458797
1748253
1480610
1604400
1472071
1592422
1531728
1720563
1471173
1691289
1525341
1728218
1521363
1455963
1385795
1457951
1483045
1672231
1487472
1602524
1469491
1736059
1527285
1581855
1534229
1430948
1410650
1632633
1496238
1606925
1417184
1746074
1572229
1741645
1504102
1602117
1533158
1652117
1721043
1719285
1530424
1796973
1529339
1801386
1570872
1648732
1534257
1784360
1571480
1753616
1473445
1756746
1571753
1660636
1562100
1660006
1579832
1772682
1489102
1615245
1573031
1687080
1395229
1779700
1566341
1658930
1477569
1767274
1599870
1635717
1455811
1761920
1565301
1751235
1608318
1695923
1560494
1767514
1637520
1768854
1750234
1801056
1642640
1762716
1582939
1649477
1599265
1720645
1696813
1798126
1874588
1852012
1513708
1760724
1718650
1815371
1752721
1801440
1847048
1801905
1677308
1824121
1656052
1804007
1858382
1809371
1866597
1841621
1679710
1792331
1732200
1918708
1890503
1782676
1749344
1596266
1601171
1643005
1640636
1835782
1831053
1838632
1794522
1847978
1765890
1790440
1607131
3432852
3980139
2248150
1835703
1850746
1791320
1850383
1819241
1839846
1777375
1875162
1749650
1841022
1846298
1792020
1789098
1805712
1730806
1830876
1803353
1797535
1809713
1829772
1802671
1866248
1716109
1799251
1809597
1889758
1857582
1867517
1854919
1801921
1750339
1872043
1769171
1862939
1848692
1818036
1805611
1865142
1635097
1745860
1511979
