656228
1015805
1142365
1380646
833239
1166092
483344
1206270
1171724
1493611
1162645
1320152
1091918
1417898
888969
1313880
1051357
1399503
920927
1272334
1018726
1258000
1311911
1383871
1057224
1429290
1123787
1434185
893350
1468838
1310104
1247409
906254
1305008
1163555
1299314
1136635
1310808
1004264
1266126
867209
1205128
1266192
1393332
1197397
1354287
1043127
1321949
1268474
1225196
1273843
1400771
1236792
1433373
1164185
1126019
1077211
1148199
1180212
1511680
1154085
1383833
1202214
1469683
1233138
1440578
1314951
1428056
1411599
1378926
1309593
1255391
933261
1326618
977133
1316094
1011950
1440689
1243672
1405001
1401354
1342323
730329
1358473
1140322
1533804
979555
1452227
1244482
1407051
819290
1362351
657509
1427788
1041500
927705
744437
1360514
812540
1098036
991369
1244975
756165
2507538
2412153
1940152
549672
1397278
876209
1245037
1213015
1386444
1021780
1421190
1045968
1539946
1114171
1403179
1223406
1371220
1357057
1334789
1035700
1420079
1295091
1443716
747924
1272322
753704
1296417
849888
1063063
957986
1331653
714909
1438489
755052
1420729
847997
1346544
814621
1236370
902280
1403825
707864
1279887
970186
1385450
1246382
1450662
826781
1316233
926479
1009737
695869
1256158
790964
1184242
987333
1186205
828441
1138951
882628
1167071
930194
1300191
800991
1333577
861355
1210823
815824
1246196
1026722
1263247
1077980
1368322
1037385
1368542
1021888
1223747
931534
1223186
805099
1196685
1144628
1246456
721015
1199954
1109753
1231296
1135349
1338399
1045451
1303071
1061043
1369228
911468
1257978
975707
1467013
1036079
1296017
798278
1128934
1060267
1288934
1033380
1168720
880922
1221384
860371
1262457
885266
1218796
927220
1344787
834097
1292558
1061553
1468198
954288
1254107
1039987
1258936
998210
1189771
1020648
1267667
1058897
1315954
946090
1124115
605015
1260926
728002
1068068
757897
1192081
937923
964429
607852
1179381
634619
1301501
670179
1353680
1023458
1376538
735644
1214276
790237
1206146
967574
1212015
884985
1320612
855665
1391201
561336
1016263
639342
900146
694525
1378374
855932
1371238
649873
1367182
1121936
1236390
810101
1123555
673810
1218391
962873
1337492
529614
1310608
919392
1169410
775665
1072741
590293
1293717
793420
1276593
641502
1206745
843393
1245398
784336
1128506
863877
1277865
711099
1340331
903868
1300957
748243
1416880
