2318729
1242306
1629857
1399691
1589119
1168508
1609277
1030452
1691115
1398369
1697751
1396973
1698635
1312249
1502283
1260516
1587091
1145265
1565089
1333468
1757621
1154967
1620800
1494631
1720665
1429559
1801988
1383450
1740297
1403562
1718916
1508406
1593978
1457051
1729399
1578282
1777364
1407738
1754151
1545618
1811699
1520696
1755216
1483587
1733186
1386310
1706758
985974
1843918
1448220
1836619
1448104
1803315
1609616
1753790
1167223
1727089
1531315
1723412
1441972
1765503
1643299
1743012
1201658
1664471
1373618
1695207
1593788
1800424
1555948
1754373
1374613
1798373
1485074
1783776
1453112
1764961
1453419
1787456
1116430
1826464
1595514
1647428
2232870
1569959
1386114
1806493
1408322
1784883
1262409
1750340
1485676
1730352
1442779
1753127
1447364
1759063
1439673
1799814
1380785
1736411
1670971
1851455
1541982
1831293
1527470
1751456
1435056
1784003
1603889
1793412
1519485
1805970
1498833
1527626
1400155
1733796
1627557
1686091
1657751
1757180
1554835
1711184
1414743
1739319
1634973
1800083
1674611
1718492
1723499
1734926
1703309
1784049
1643659
1708973
1669888
1642824
1604146
1771901
1684943
1773342
1627054
1649906
1352965
1656223
1548808
1619635
1542731
1628619
1610518
1751068
1727601
1688471
1590563
1751696
1683795
4997951
3291936
1898249
1503305
1781037
1778935
1806220
1658070
1671931
1652391
1680114
1725455
1748073
1739720
1771620
1623640
1734032
1862165
1707901
1662198
1735622
1764652
1817111
1651602
1793056
1757021
1627009
1697434
1768922
1682992
1683607
1568053
1762504
1806198
1741016
1666987
1832944
1466875
1769196
1589422
1745029
1679696
1634581
1672672
1802909
1609558
1816655
1515096
1770233
1747979
1798672
1581713
1768560
1566309
1741462
1751090
1754021
1617329
1653139
1578017
1794247
1614016
1727273
1668524
1706311
1587338
1768974
1611289
1739899
1718290
1749665
1657754
1769413
1692657
1888175
1553657
1742046
1779269
1739766
1708813
1709656
1707844
1788437
1594779
1793877
1686333
1741618
1563445
1791814
1750069
1788452
1165694
1079108
1644744
1695477
1505373
1786811
1612430
1749824
1447823
1699819
1448502
1700971
1523059
1774931
1584373
1737360
1492092
1334637
1408411
1752546
1389477
1775127
1512760
1709916
1461600
1740767
1549968
1751052
1489039
1746273
1396775
1747742
1445551
1748987
1542306
1795534
1510694
1764582
1508196
1739825
1544580
1727554
1575951
1785491
1507050
1771043
1407193
1704465
1597802
1787171
1530451
1693522
1450814
