2846761
963040
1381899
1637695
1617141
1293710
1775693
1232863
1520317
1008473
1777179
1471283
1759070
1437412
1761655
1433688
1676195
1112746
1369304
1231510
1670518
1325728
1690965
1071653
1731496
1360171
1794030
1576475
1603959
1497723
1730064
1488660
1774096
1290500
1742531
1362037
1792326
1488085
1685899
1592017
1502619
967505
1564014
1255920
1695415
1719470
1726725
1458646
1575009
1177549
1577553
1297527
1750947
1441832
1718179
1534719
1831681
1476833
1701820
1327712
1733590
1387503
1598926
1219664
1617099
1461681
1731235
1344550
1640179
1646561
1770159
1712447
1840626
1524465
1819988
1527397
1844674
1631704
1583642
1434400
1807957
1557653
1696912
1717302
1838717
1537020
1846914
1655575
1932222
1863750
1921733
1724851
1892055
1759597
1759808
1494322
1923967
1832892
1940098
1718801
1843114
1669571
1789495
1719930
1927563
1846037
1958737
1735515
1797323
1052555
1672263
1571909
1820142
1683030
1774376
1557056
1733595
754216
1446610
1160810
1403441
1295542
1317861
1308312
1219643
1289636
1386228
1263557
1305108
1313947
1601552
1424507
1432303
1196184
1285745
1156779
1431864
1060760
1426329
1204630
1195536
821597
1506349
1343318
1230678
1381602
1554282
1316610
1449860
1252189
1351322
1316652
1411706
1450843
1638096
1503466
1566170
1395768
1291181
3065239
4154641
2174104
1537438
1503590
1413828
1271645
1382862
1239296
1541268
1235691
1680152
1706155
1726392
1691739
1685153
1585532
1441334
1535350
1453203
1642977
1737206
1682446
1736472
1422239
1397660
1575485
1430297
1618446
1645730
1628664
1668283
1270998
1564119
1685342
1461217
1546859
1754846
1694666
1747417
1597094
1444807
1438143
1416757
1578078
1836820
1465763
1748572
1610486
1518507
1625156
1389513
1555614
1680108
1360658
1475213
1358653
1423227
1391115
1131793
1333204
1616874
1540240
1375979
1431947
1706566
1331666
1544102
1656335
1803632
1691792
1745468
1604179
1490357
1249000
1592720
1624100
1772045
1516497
1432533
1319658
1539284
1569504
1420806
1160038
1707805
1540267
1474155
1343201
1549514
1573044
1533061
1412463
1604710
1414447
1596411
1456479
1580894
1356378
1542164
1434363
1562814
1442253
1372008
1315535
1554386
1400988
1592444
1422172
1552113
1438089
1547250
1310641
1683214
1291971
1595909
1402456
1597780
1437276
1602640
1679251
1729758
1451976
1433717
1387348
1720341
1487447
1500693
1303257
1651914
1454288
1518620
1385037
1550100
1355778
1598314
1318381
1718186
1459594
1569588
1417612
