2078383
915293
908530
1176338
967073
1215805
924240
1389125
1248141
1456807
1115742
1577927
1054680
1277557
1107035
1330220
1286685
1628261
1128453
1375972
1393565
818124
984093
1206835
906843
1018874
963611
1317637
977774
1419806
1091685
1205576
945234
1248957
769478
1047107
718181
1388661
954468
1086899
707012
1192724
851729
1399491
799646
1393095
1042192
1179522
847724
1333363
977020
1417225
1348040
1228477
1625622
1468838
1354223
1329045
1315706
1221264
1288167
1211138
1452057
1416200
1531289
1266698
1165452
1441513
1709432
1656885
1366458
1495551
1715340
1672168
1347368
1340173
1358499
1526079
1409260
1462858
1380150
1447313
1109828
1494537
1449283
1398238
1398499
1384671
1429384
1463999
1400962
1356690
991811
1655246
999566
1212945
910602
1475533
1152363
1563894
1382745
1597107
1366689
1652645
1365135
1517105
1192069
1417914
1314423
1526219
1325214
1453846
1375307
1603897
1441984
1496501
1219880
1218109
1229014
1614534
1372244
1632627
1473877
1746628
1542020
1700870
1708124
1715555
1542634
1909301
1484644
1669215
1513996
1778843
1606503
1637587
1649973
1231109
1359242
1709060
1337031
1569749
1516114
1496211
1428712
1566173
1420509
1330046
1652047
1651803
1615912
1762256
1666952
1778033
1526280
1624414
1496397
1748514
1729650
1691798
1334391
1734065
1561361
1593176
1656547
1127212
1619315
1597521
1547296
1671352
1358616
1849210
1741519
1782955
1596623
1630138
1561444
1798167
1355859
1774936
1463753
1734960
1430456
1553956
1427438
1579153
1437731
4952544
3503861
3048472
1415546
1749566
1621384
1652758
1431311
1555014
1342790
1680246
1519876
1754705
1657279
1803488
1559182
1731862
1454846
1687943
1559879
1727815
1637941
1801998
1423939
1742012
1507145
1724509
1573370
1584885
1692585
1683130
1340173
1763660
1608557
1773961
1404743
1770014
1647788
1707759
1516319
1731049
1568302
1427296
1249010
1704207
1509114
1793732
1454471
1791925
1482858
1839281
1553815
1937649
1515866
1826078
1621062
1859166
1387769
1654433
1382765
1708729
1599370
1813241
1612850
1797919
1488862
1845409
1774428
1686630
1513564
1808450
1663438
1826846
1438591
1932592
1716666
1841677
1574869
1624089
1670278
1680132
1548613
1791989
1630599
1872952
1648490
1865946
1578322
1680334
1649722
1847353
1777360
1800196
1583482
1832896
1599958
1812719
1519175
1603906
1744491
1797503
1481454
1743484
1533166
1730336
1545612
1492938
1489251
1461480
1262654
1651997
1552693
1851106
