395443
1198564
628386
1049604
641386
1149171
945400
1247300
700406
1115386
778968
1318948
859212
1197522
823453
1227456
833494
1258925
646606
1041486
853886
938987
624903
1277113
550825
1305618
863836
1229974
950470
1256386
768650
1328468
955875
1216703
698623
1363898
852264
1229252
793074
1300110
737764
1332831
823159
1272740
1007075
1014375
746391
1310367
861179
1382193
818961
1262227
1037135
1124873
784842
1173311
974471
1178883
636828
1227157
680712
1340602
744339
1450746
1094928
1400118
981832
1269269
768381
1282570
992849
1129525
758241
950517
646458
1219332
731197
1209816
864817
1341159
891292
1056305
1122822
3784286
1906415
556536
696157
1403264
711240
1396203
775435
1301497
1001193
1177395
913096
1295053
988489
1268327
745872
1314819
735787
1441249
892174
1237368
921309
1253973
1005931
1295017
754628
1326778
652634
1420259
853455
1264230
809263
1368631
779395
1227537
694130
1458371
844972
1239048
878260
1308975
730491
1481108
850842
1245210
579235
1395732
852237
1396854
909682
1051169
888538
1391144
783163
1443344
820467
1336605
807525
1271158
805980
1232046
905209
1352060
763693
1125062
656459
983089
588396
1257369
718060
1189082
990379
1297298
691878
1373995
734013
1402052
851115
1312144
873076
1178095
548680
1339054
744705
1375820
672974
1418058
836285
1128337
882912
1328559
762872
1422843
909727
1266046
924918
1354483
934598
1311003
758221
1292906
737361
1338806
633314
1288957
830396
1261600
797496
1290387
656186
1280739
770865
1401886
844230
1262225
736080
1445924
879511
1252837
773979
1414229
817543
1407288
880883
1449710
875124
1341089
890500
1108206
831439
1258751
889510
1337176
925392
1371064
729699
1440382
902856
1248752
807218
1232570
936446
1263066
922390
1419426
839151
1225787
967745
1298333
808200
1317967
708524
1279083
722184
1339364
759348
1351687
1048034
1207759
809220
1239347
774503
1369019
772752
1327954
855154
1380932
755707
1247268
573962
1165774
754575
1388432
897101
1388632
740742
1329796
662816
1198744
787936
1351996
927575
1295242
751609
1366791
616988
1212848
779942
1321517
780082
1364822
723145
1391676
713999
1258103
755714
1196507
801273
1301137
832574
1254813
845309
1217943
822023
1368394
825251
1314090
816835
1309938
786700
1204354
895220
1069591
733153
1115155
868385
1504788
