1330328
1207017
937313
887838
1065317
1438616
1270835
1295674
1313995
1267056
1465778
1331695
1463043
1271403
1505847
1498890
1507540
1388069
1508297
1484301
1456665
1487541
1348437
1468178
1452045
1383363
1543544
1377140
1337656
1155007
1218567
1253217
1363191
1463365
1485825
1414788
1320298
1426953
1417961
1520139
1494273
1583469
1408274
1439806
1419833
1216122
1322377
1434380
1421855
1453658
1503644
1468104
1525674
1355451
1510550
1355743
1554369
1358043
1565559
1579677
1510187
1519845
1549959
1321647
1494367
1361922
1476979
1466398
1542435
1469203
1556250
1425935
1520404
1493388
1438927
1436869
1540332
1528745
1429355
1446183
1415362
844075
1086623
1249617
1303523
1065339
1388109
1261760
1272128
1446799
1325251
1285219
1363662
1522346
1169271
1380072
1216677
1305023
1138720
1565141
1312289
1324560
1320373
1551909
1491070
1478645
1522919
1288796
1419754
1212528
1564352
1482207
1464541
1463070
1378471
1306167
1456222
1392582
1288993
1186841
1423449
1381224
1325397
1498010
1189230
1266692
1178974
1419630
1138175
1454078
1236818
1349242
1453102
1338793
1517082
1340892
1545345
880754
1366622
1285806
1337013
1355549
1208459
1456377
1220465
1147260
1333817
1340668
1181957
1472804
1285043
1397379
1224321
1407764
1286880
1487960
1255256
1413478
1093342
1343872
1203502
1204363
1234649
1145263
1189932
1303728
1040790
747140
1311730
1142221
1236360
1281194
1227612
1348137
1093015
1252870
1309530
1238092
1251762
1207324
1259241
1332618
1392364
1278163
1354517
5426768
3561438
2448965
812767
1361339
1360409
1477904
1299432
1410392
1267651
1297101
1309722
1454440
1246991
1397139
1422685
1398177
1362212
1357958
1349120
1381278
1371676
1281495
976976
1007994
1063924
1234069
1363558
1045177
1326269
1123547
1309371
1015598
1290823
1234256
1256283
1336353
1296564
1329868
1289539
1248487
1283823
1311069
1235076
1295202
1311509
1240097
1279898
1145424
1484665
1049627
1180611
1287865
1192932
1285958
1118097
1070963
1186752
1286509
1256881
1153151
1320810
1044979
1269814
1122685
1393369
1207507
1310724
1157971
962864
868309
1159625
960450
1315733
1050840
1385039
1065720
1358409
1136555
1277583
1036981
1127277
1001735
1196412
909707
1146210
1116947
1045200
1263872
1149518
1022845
1002961
1245297
1273372
1232857
1378821
1048676
1363893
1070557
1294093
1264322
1165026
1225329
1178131
1025940
1386475
1309746
1273922
791268
1326841
937309
1095335
1169955
1131051
874869
