5232031
3301541
2176161
1774525
1110245
1939872
1683640
2185098
1660951
5588597
4379998
3655520
1676856
2266398
1757595
2193244
1518547
2334068
1794700
2203289
1591389
2233992
1826482
2400942
1978212
2272167
1744687
2537579
2100091
2165748
1615465
2317335
1762427
2293778
1387015
2149592
1675008
1961780
1393657
2067716
1489295
2068684
1425232
2123517
1558992
1834947
1622578
2185028
1557073
2099771
1440281
2031810
1604322
1832520
1396195
1468098
1619514
2205314
1398385
2086083
1281237
1841198
1452975
1946589
1367262
1922445
1232164
2021737
1349179
2075892
1188030
1779709
1339185
1950141
1456331
1912368
1416532
2327683
1506936
2320099
1316575
2148792
1721420
2001786
1537920
2074279
1465001
2301915
1359661
2016075
1555732
2029349
1531850
1952460
1370561
1411317
1443184
1893928
1482677
1725653
1186745
1529657
990907
1492483
1481586
2006998
2222798
2243235
2131417
2232475
2100417
2374122
2174405
2340135
2237401
2407343
2192707
2365729
2191745
2400269
2032909
2171198
2111780
2242562
2179144
2380550
2184076
2437527
2215342
2349436
2244783
2423905
2191977
2473984
2320948
2381514
2284218
2476360
2183767
2548913
2199132
2432405
2340691
2103117
2053587
2149824
1863450
2300594
2261845
2268079
2061736
1808935
1264501
2023181
1576878
2293289
1833985
2357837
2070521
2243803
2103633
2227034
2312508
2322639
2243219
2328394
2190308
2272993
2201203
2281329
2119470
2136517
2133766
2147964
2224568
2325999
2313864
2402034
2187353
2288569
2096647
2312205
2297113
2415306
2336689
2321400
2251274
2229793
2345850
2346318
2220084
2171940
2149193
2333222
2133391
2218178
2108641
2400119
2152457
2486263
2361293
2373423
2280211
2421425
2227272
2390288
2175866
2451550
2380518
2437952
2252092
2422738
2255301
2315489
2327933
2412500
2313571
2315215
2125958
2495704
2186759
2498701
2193901
2229243
2195892
2219518
2223018
2377580
2179962
2473434
2235902
2295168
2283425
2276844
2246052
2355524
2276752
2461560
2178694
2190658
2058782
2223863
3664646
5092121
3871506
1967447
1947415
2429554
2359999
2203549
2077642
2328509
2328478
2505297
2311313
2360324
2336683
2447285
2365029
2592027
2220639
2510660
2299529
2541281
2289769
2440782
2268668
2381540
2242807
2632631
2208118
2475384
2199068
2480450
2206558
2554801
2305371
2555521
2299415
2510111
2333358
2537720
2284058
2571834
2291209
2553061
2415109
2511255
2231782
2549495
2162288
2562966
2203274
2572701
2428789
2496514
2211563
2515031
2268513
2434095
