6221503
4266601
2285910
1752248
1695853
2200320
1824914
2209751
2111214
2251641
1968130
2359531
1917814
2337276
1963994
2629683
2000185
2635134
2251551
2436519
2215619
2478276
2001139
2735370
2383789
2380419
1983877
2305115
2403309
2537681
2177122
2432872
2266995
2450404
2285852
2564437
2216914
2594453
2226290
2592823
2391817
2289441
2228011
2598994
2112618
2603808
2387482
2581245
2187899
2590805
2240770
2541441
2496679
2522915
2131455
2664376
2225577
2583517
2235073
2645951
2234364
2429269
2414126
2520655
2427727
2536610
1961606
2542907
2195273
2585846
2166290
2496702
2367358
2412127
2133983
2681459
2233862
2642629
2290043
2562375
2355592
2406024
2328068
2595172
2196471
2525782
2165144
2612728
2326451
2506495
2295630
2382122
2478184
2488794
2243195
2595969
2354504
2533957
2330145
2395603
2268530
2302655
2289393
2435592
2270686
2569822
2360433
2554112
2439269
2560763
2406855
2430912
2379254
2491689
2356098
2541331
2169521
2416719
2192288
1943807
2130018
2390851
2141563
2566006
2322552
2586263
2230056
2482222
2087388
2731490
2275873
2583217
2393722
2516476
2469739
2659303
2462864
2532794
2338463
2558441
2274922
2514707
2339481
2394987
2284639
2497190
2114052
2600018
2251830
2360126
2208911
2384050
2089654
4786490
4537590
2947786
1575252
2640407
2471415
2561335
2424209
2549225
2447060
2530090
2178510
2472238
2292676
2512031
2438334
2588489
2435538
2585197
2123049
2662083
2305986
2583535
2466138
2515295
2403089
2486011
2213935
2511841
2300477
2594598
2438459
2571407
2251264
2593287
2227743
2713899
2309944
2554001
2464446
2582157
2386818
2576690
2159608
2625092
2470057
2578400
2417102
2551395
2393818
2508940
2183339
2641068
2448385
2569472
2449143
2586238
2300221
2556972
2348723
2564846
2324262
2330835
2190705
2597938
2064193
2776611
2441563
2480413
2517010
2567334
2103357
2656313
2321144
2569041
2201139
2290344
2436069
2459767
2328487
2513468
2327881
2574508
2369438
2582456
2500235
2562660
2332634
2599897
2340862
2584307
2173610
2711853
2432677
2558994
2457709
2452099
2348778
2552475
2429825
2529664
2466353
2589402
2213731
2610050
2282811
2574261
2184581
2117536
2386254
2404237
2192549
2245161
1976275
2464445
1943000
2289392
2353144
2342981
2345415
2332276
2205059
2537891
2352765
2595876
2387222
2417561
2335657
2525563
2241465
2594345
2467970
2600132
2273766
2609695
2383176
2410779
2339863
2409065
2338172
2609843
2329473
2505614
2392857
2576428
2287841
2613605
