1969091
946776
1345622
765558
1421771
1474004
1581997
1418800
1601672
1715538
1782343
1577783
1625940
1132254
1782239
1482009
1818885
1665806
1870084
1406512
1865271
1076785
1626385
1051517
1600677
1506565
1573614
1412334
1490130
1328524
1914127
1227374
1753601
1329416
1601957
1311777
1693501
1532634
1795585
1405463
1806971
1681121
1882396
1232078
1932478
1554475
1823726
1214905
1843900
1462503
1893699
1631718
1802880
1538471
1808503
1474783
1895502
1203134
1848298
1606031
1893540
1471579
1781071
1640264
1865671
1631102
1916668
1398575
1919671
1641762
1716649
1543071
1593613
1245563
1900966
1651648
1775798
1615935
1621984
1728745
1797138
1032011
1906800
1551829
1871895
1657797
1868242
1644842
1908789
1542516
1906247
1353886
1678043
1433346
1919128
1543460
1916095
1157985
1904989
1363004
1891084
1657948
1656584
1017858
1831352
1351187
1927525
1645817
1846839
1291355
1922521
1178102
1719499
1021924
1788525
1521739
1814863
1641165
1888716
1274173
1874375
1317959
1842343
1609353
1794548
1535894
1778190
1307783
1881105
1349094
1768511
932547
1489738
1591924
1913485
1582412
1871395
1482735
1815948
1539776
1807994
1591628
1904562
1552565
1891556
1532946
1794176
1258682
1775641
1389991
1827396
1366846
1782135
1465573
1800641
1342619
1631551
1141974
1826290
1496350
1828584
1478819
1629364
1216944
3697677
3023488
1555931
1564164
1901747
1704948
1819041
1301340
1794653
1063365
1678579
1443030
1815049
1598344
1687937
1498802
1916395
1551607
1719403
1260216
1863410
1542725
2016578
1548903
1925618
1442144
1806147
1613372
1902630
1585135
1898698
1505973
1932184
1508673
1746038
1505299
1887898
1460383
1892600
1506102
1916391
1603393
1811620
1511343
1944107
1575752
1921147
1528693
1924205
1589354
1880030
1553079
1787278
1638607
1927867
1598520
1873995
1486568
1884236
1313609
2007722
1612714
1671112
1063141
1751479
1670183
1752672
1170771
1632532
1272089
1713628
1605687
1907801
1563282
1810062
1664606
1840327
1501026
1912444
1594365
1798669
1589462
1804164
1486582
1900947
1523441
1857024
1560213
1895897
1589514
1884209
1593998
1795130
1444420
1021343
875166
1785751
1037560
1782611
1107572
1709725
1064516
1568190
1069367
1524803
1154793
1762169
1224691
1579097
1074882
1806821
1634488
1836346
1529401
1922995
1420350
1819660
1537119
1916890
1543496
1900916
1424284
1922081
1366928
1964874
1668713
1891994
1486302
1894203
1712912
1832090
1662554
1882031
1541025
1946730
1523153
