2233561
1039456
1540847
1252197
1498653
1594728
1469042
1390627
1670833
1651413
1450343
1478533
1748612
1433003
1501314
1410032
1817195
1497000
1753063
1424470
1713203
1594766
1711098
1422919
1681369
1508225
1839621
1669358
1667658
1441581
1738216
1779227
1713663
1683792
1695863
1730799
1674693
1466763
1531539
1671408
1595482
1464827
1695974
1500110
1700314
1508300
1398555
1642928
1581369
1488352
1698144
1381585
1798854
1686766
1919956
1814663
1864376
1737688
1748233
1661960
1840304
1570819
1827149
1793473
1909741
1800594
1773878
1656681
1823596
1659042
1854339
1809711
1868175
1889655
1907099
1537286
1892134
1726304
1986251
1800157
1898816
1850650
1711894
1767372
1793615
1578777
1718123
1527866
1739864
1802684
1721102
1358300
1791214
1764347
1790383
1653744
1764532
1525333
1487582
1517827
1260504
1738575
1875006
1727633
1727254
1610152
1574565
1582572
1758629
1378180
1580153
1724362
1741333
1792912
1887240
1515294
1990741
1510606
1869665
1862106
1852428
1849620
1767363
1552444
1761347
1597393
1902167
1907729
1810385
1792045
1997196
1725815
1896120
1444360
1826654
1945075
1813560
1617653
1808548
1541651
1990525
1843985
1921055
1366269
1833456
1556337
1785161
1440669
1513920
1148145
1601900
1212173
1636386
1412801
1848821
1597171
1854708
1583221
1758677
1724964
1852028
1793173
1846396
1635393
1859534
1738876
1697002
1593043
1673475
1425712
1639125
1330608
1792913
1579867
1847354
1554262
1846513
1789997
1770948
1665124
1621576
1563233
1946801
1344744
1899152
1461699
1672173
1336984
1573609
1568602
1844103
1547231
1819439
1418495
1849346
1541066
1802668
1605160
1523868
1516700
1808438
1788233
1899674
1478103
1812605
1680443
1748759
1675447
1869754
1721522
1839004
1658545
1851064
1553900
1841946
1482454
1756434
1728196
1749365
1714628
1953247
1576549
1834562
1621667
1836945
1849599
1876456
1643563
1760664
1404150
1924079
1574617
1664908
1485965
1717611
1646273
1756936
1285799
1717987
1606309
5199867
4316045
2358511
1272919
1933802
1483482
1834124
1514404
1359815
1609247
1843303
1482659
1832153
1763091
1860426
1545533
1831751
1683748
1883539
1682070
1792567
1628967
1758928
1633523
1871816
1656221
1789813
1684021
1915608
1827020
1844906
1701097
1855838
1591777
1871924
1646491
1839303
1834063
1909860
1761702
1835575
1532229
1935391
1761140
1856923
1761792
1815151
1558726
1753724
1492322
1870317
1633933
1804179
1626092
1823079
1647976
1933377
1468176
1677968
1602141
