1961558
1528575
1579309
1591066
1327876
1572470
1696135
1472940
1661683
1565382
1834989
1763582
1687812
1735164
1830366
1802980
1835773
1770129
1758680
1718969
1741719
1756076
1634329
1800322
1869974
1788935
1881436
1854463
1867200
1737823
1871362
1811544
1856191
1763879
1547593
1703429
1839372
1725823
1675040
1756155
1480623
1533271
1689119
1786326
1896361
1771416
1843140
1776753
1804632
1874663
1789771
1777245
1769986
1557621
1506404
1712629
1546745
1637030
1714040
1621666
1825179
1788302
1574883
1759795
1820515
1718615
1569472
1711632
1468030
1472441
1762348
1641251
1817324
1811988
1380220
1722912
1810256
1759619
1679130
1774276
1816794
1707602
1566503
1648190
1806093
1751233
1693397
1803730
1825407
1707694
1569444
1760405
1722039
1757289
1810132
1711379
1681530
1785862
1824376
1747099
1536594
1634729
1723684
1692745
1710243
1658675
1701664
1546010
1456157
1668386
1831986
1776285
1815500
1797519
1823933
1798802
1823948
1650383
1815865
1721235
1818102
1803322
1833196
1804256
1812942
1639183
1801524
1728785
1728762
1766338
1689585
1583495
1454904
1426675
1686512
1603277
1683636
1590092
1616670
1556432
1425853
1613993
1570920
1711471
1829573
1852765
1882488
1831015
1869981
1748975
5797094
3835250
1912512
1731783
1651429
1836085
1868232
1740037
1885418
1723507
1781795
1869398
1857649
1841657
1797342
1889994
1880991
1764570
1915810
1816352
1880844
1741031
1569134
1751988
1721547
1614570
1736689
1724064
1729503
1725330
1873532
1840079
1884168
1807064
1872998
1878653
1859960
1794270
1801422
1817925
1879825
1799449
1881488
1874540
1878962
1828748
1875232
1866944
1886392
1767379
1885459
1782755
1894228
1825265
1876193
1838953
1883579
1756540
1864002
1895768
1823642
1788940
1869282
1845098
1871685
1722893
1887258
1887031
1883682
1774121
1896344
1792034
1882176
1807785
1802983
1867870
1871408
1808336
1897708
1860642
1875878
1861990
1872978
1877174
1873659
1732909
1727409
1665117
1819911
1859868
1863007
1886908
1884868
1789289
1872585
1835368
1884635
1807150
1649015
1799119
1878282
1723560
1824877
1859695
1592983
1771909
1748285
1778622
1654101
1491244
1727823
1773279
1860965
1874435
1763451
1772709
1767306
1787320
1647363
1763789
1792219
1845141
1509100
1416747
1474694
1589374
1202951
1400236
1518485
1590564
1569319
1691672
1769163
1774456
1540843
1852014
1903903
1799090
1893800
1672109
1643442
1834568
1661667
1856438
1810202
1801958
1885543
1800525
1889233
1844638
