2383633
1167272
1139937
1438258
1275967
1281353
1049101
1252436
1316962
1499946
1333035
1368227
1118315
1608504
1384478
1424199
1382480
1669135
1493270
1430554
1616866
1642890
1426032
1714618
1533107
1662235
1510259
1765703
1478848
1745718
1493422
1716322
1274127
1808695
1400597
1760357
1550274
1567594
1519772
1740827
1290497
1737978
1533954
1824779
1581823
1588090
1256855
1656166
1492475
1669986
1696616
1662613
1555662
1628071
1590042
1630111
1339199
1636175
1542148
1657427
1553620
1643321
1261172
1742158
1541333
1542705
1346531
1740624
1634642
1649569
1520451
1602124
1544676
1671222
1505125
1742528
1544860
1683952
1561071
1647231
1505475
1748472
1546861
1653345
1513216
1745664
1586955
1644528
1571446
1635485
1522036
1657506
1538856
1789180
1605546
1647672
1499970
1672235
1554312
1687090
1550331
1635835
1541807
1780944
1604855
1642431
1365628
1739382
1569003
1648503
1597502
1630851
1330122
1755092
1562165
1534079
1361588
1704622
1594634
1647225
1552483
1511621
1472975
1728817
1518119
1660331
1534770
1614406
1546189
1781694
1583672
1756443
1545860
1611177
1597441
1633325
1574050
1632301
1544160
1795629
1601770
1645403
1470798
1767692
1564896
1645230
1372373
1764363
1477254
1767493
1507701
1748642
1563500
1636181
1537411
1772639
1315205
1738104
1562943
1655667
1551860
1728123
1231873
1676319
1356520
1610237
1442282
1762162
1526139
1658392
1804784
1434219
1544330
1259842
1371304
1381044
1353831
1293983
1253930
1501289
1263076
1200476
1347271
1280821
1187754
1446401
1340249
1413590
1240660
1532289
1378727
1571157
1203722
1329348
1429336
1589394
1909784
2920257
974878
1469820
1135932
1514070
1317951
1202666
1443989
1420125
1297413
3692627
2765691
2316646
1175862
1566776
1496925
1496844
1601537
1653545
1483990
1571154
1308311
1531826
1451149
1687731
2680712
4482964
2577208
1847108
1589412
1779848
1599621
1793504
1566257
1751399
1546712
1735140
1540099
1758896
1548012
1652071
1538505
1714532
1776496
1819138
1771373
1781099
1715326
1813155
1724062
1820684
1731062
1813022
1841196
1866851
1715659
1746704
1755641
1828183
1642571
1820647
1801277
1823439
1760245
1821880
1766089
1783030
1760182
1817793
1839008
1864315
1699164
1817773
1759126
1817309
1772022
1790796
1836081
1866934
1722029
1815323
1722583
1821518
1781789
1823993
1847560
1834614
1722636
1823793
1757899
1836458
1740804
1820148
1833925
1832051
1720758
1776676
1761433
1816803
1599649
1819200
1831939
1832017
