879442
1329583
810187
1357431
870692
866220
1095112
1417491
1112791
1421585
1090108
1587444
1210223
1168782
1136419
1312048
1224532
1421265
1244197
1160952
1296998
1307874
1114697
1359043
1081558
1360387
1231711
1462834
1113204
1453182
1144217
1380725
1295853
1545515
1179282
1342194
1227893
1431333
1151211
1529906
1217389
1299604
1244470
1366403
1083001
2401470
507173
1344113
1136842
1418368
1194456
1318873
1213368
1308041
1004570
1322013
972323
1334559
1045849
1342654
1069979
1285796
1080320
1179018
845324
1160658
1039937
1311562
1061271
1370566
1170898
1327166
1001394
1279252
1080337
1436187
1333008
1380798
1207848
1393679
1035457
1382634
938949
1253148
1059377
1317309
1257515
1354778
947502
1338486
1095842
1363794
1182307
1264228
1020519
1368973
912745
1333959
1045690
1376897
984595
1368123
1037595
1365548
957363
1370878
972384
1363910
1013487
1257847
954341
1319023
911414
1180456
849179
1290521
995807
1383079
996630
1369763
977266
1430214
935231
1223652
1102519
1358485
1069079
1311093
955982
1322254
932240
1432638
1062051
1313491
1081225
879196
984948
1319420
933624
1370254
988226
1369966
1045834
1154619
1030913
1378437
918112
1451896
998429
1367914
1040233
1403756
969845
1159793
1013919
3394075
2142267
1797088
832653
1498972
1112427
1545916
1260621
1353235
1095220
1529725
1171604
1522359
1177692
1487799
1113671
1490458
1215083
1376820
1052758
1217509
1052577
1206274
904358
1383803
1169241
1312104
3844117
1874086
681997
1241583
1058119
1266672
1055425
1309830
1328765
1312529
1237893
1401988
1184806
1382408
1012296
1475767
1242411
1494019
1333998
1480726
1366408
1320766
1131343
1480125
1147339
1513382
1177776
1430110
1137315
1505983
1180682
1469008
1053740
1472125
1139143
1346879
1182126
1623421
1135772
1373670
1041331
1265673
1151909
1426268
1161278
1460444
1093782
1439265
1061221
1448214
1104474
1326188
1247842
1351487
974924
1537155
1132375
1357134
1023983
1350528
1365374
1264252
1101195
1478797
1195379
1456635
1099455
1497536
1242755
1531868
1052041
1372609
1228579
1546476
1265999
1563179
1251152
1452690
1065201
1355030
1082654
1168846
1019039
1246023
1189800
1506618
952241
1429678
974754
1483098
1251282
1336343
1279397
1535620
1232827
1595955
1476415
1584659
1350803
1602342
1591672
1612712
1365063
1577172
1290262
1579477
1339366
1552982
1500717
1567446
1396853
1554177
1329064
1578440
1403173
1501403
1307819
1589546
