5896126
4263156
2225707
1521183
2294894
1913596
2294263
1747043
2356624
1759173
2291451
1909958
2306755
1983937
2318775
1838228
2047696
1805884
2402731
2023529
2245434
2099355
2322540
2065930
2334773
2092645
2317270
1775908
2263511
1902857
3778270
4682681
3625809
1651665
2275239
2130241
2188106
2031279
2134814
2028868
2205991
2119071
2220558
1936306
2274768
2085811
2249061
2095106
2246149
2127579
2148690
1933909
2261808
2115857
2257021
1949348
2230991
1721181
2146066
1859146
2129605
2115182
2131129
1845873
2129967
1969244
2061175
1995873
2255816
2098809
2108594
1895171
2255272
2106929
2249227
1882220
2250832
2157431
2135770
1773606
2232244
1740232
2202251
1898473
2251327
2072505
2253001
1691290
2013585
2121071
1960127
2004602
2201632
2085780
2251205
1869987
2255166
1919587
1904074
1930582
1995967
2020239
2083416
1666105
2075929
1786866
2134028
2019673
2359412
2325282
2110129
2237742
2370768
2313693
2197137
2011848
2251842
1881278
2263501
1792316
2120777
2307837
2084349
2361582
2324402
2077400
2305865
2177761
2256442
2243436
2125900
2322803
2295909
2293028
2167050
2031185
2122322
2046679
2057684
2169287
2094326
1853433
2250156
1931504
2136749
2233697
2159448
2432265
2275567
2307938
2216691
2386990
2277102
1979067
2287692
1891202
2280208
1896428
2269966
2282507
2300688
2428324
2395471
2372173
2282132
1942004
2295758
1982175
2319266
1987203
2257454
1910999
2344431
2450279
2222542
2373683
2359685
2392322
2357973
2335958
2294916
2027993
2347379
1943601
2307839
1969883
2435276
2516005
2203357
2322985
2229814
2285088
2234831
1998707
2310902
1943182
2330668
1841965
2277062
2287321
2224288
2400760
2195232
2045785
2308293
1976642
2292302
1996299
2294063
2282102
2131546
1967504
2269296
2395179
2408323
2332309
2251008
2353123
2341064
2366130
2407664
2449800
2232851
2349709
2314935
2228882
2268854
2049464
2250868
1915333
2108419
2192214
2256335
1554324
2048138
2039125
2262728
2253617
2184090
1992838
2034828
2030487
2220452
2063235
1960776
2004285
2138295
1953869
1908692
1751284
1646775
1908366
1613923
1233411
2115170
2051985
1992567
2035019
1928627
1577695
1623500
1365241
2233537
2016757
2005118
1790369
1901864
1780992
1975271
1352116
1942748
1983913
2090072
1856361
2182177
2012955
2041808
2122075
2098185
1942308
2028785
1894977
2131937
1951577
5257113
4483369
2526775
1744317
2336448
1612646
1407561
1453644
1742611
1735027
1933589
1648690
1937529
1922828
1934641
1632795
