1323176
1236822
1396114
763338
906177
1159603
1415841
1535465
1500773
1526298
1356876
1499733
1369735
1283645
1322682
1181235
1353996
1405618
1443842
1235501
1390491
1350181
1458912
1305973
1375703
1354092
1419004
1399255
1469264
1390978
1323438
1379657
1315705
1336082
1358530
1503678
1404412
1280062
1303245
1350769
1466167
1443093
1370663
1549005
1460533
1470458
1423623
1464838
1514803
1628817
1555929
1439463
1551398
1577554
1467869
1025999
1560270
1567261
1560886
1595183
1527562
1396045
1601640
1544744
1518059
1440012
1632554
1436382
1159719
926373
1226766
1339997
1319958
1473943
1388626
1345281
1416151
1106033
1359550
1324890
1260522
1212659
1264287
1147544
1161799
5636958
3155932
1644348
1158477
1471528
1395988
1296473
1341186
1459084
1356521
1422749
1378662
1209802
1347745
1341564
1395762
1114290
1333464
1329245
1370497
1181415
1281200
1274820
1400788
1338595
1361282
1231639
1388473
1313975
1396664
1343803
1418247
1378949
1461668
1379234
1381695
1457366
1383823
1359977
1315579
1459397
1394529
1369614
1484140
1422529
1407616
1428712
1374157
1368701
1379396
1393666
1397162
1340981
1404132
1202605
1306900
1322251
1361026
1375852
1368531
1298094
1277146
1053068
1268581
1344562
1444305
1446344
1374754
1418754
1398416
1254980
1213186
1383182
1421581
1422483
1447642
1445594
1230524
1141716
1263604
1272210
1255776
1386487
1455062
1383058
1399492
1411841
1390358
1450593
1364720
1375407
1440864
1406272
1422024
1372018
1402574
1373677
1410630
1379147
1359821
1398954
1369434
1282013
1284612
1439218
1376217
1389111
1428216
1314192
1393683
1159719
1420237
1423398
1404299
1268986
1435837
1389587
1391855
1429131
1394431
1450102
1353594
1374115
1389017
1208424
1458653
1375314
1348453
1399671
1363761
1360104
1404197
1438118
1442988
1371365
1313489
1299999
1394550
1182965
1393161
1462312
1390245
1406297
1476505
1138087
1368291
1402171
1407925
1389098
1357885
1334053
1320849
1185413
1321440
1101735
1377066
1340506
1355897
1367961
1357002
1132526
1453159
1314498
1325196
1425502
1420399
1295166
1345787
1326119
1356285
1318366
1323678
1100707
1307995
1162287
1267929
1169500
1301425
1207424
1317609
1071948
1313357
1287917
1355271
1368412
1271829
1298198
1378363
1325544
1346871
1085233
1289248
1344652
956622
1304756
1312797
1273315
1318956
1334192
1348977
1361975
1151603
1403705
1294600
1399975
1311479
1246102
1259715
1372417
1173768
1275750
1158740
1400259
1331877
1325540
