1267259
1026663
1166550
1168915
1050067
1224228
1196376
1212328
1461825
1350405
1333792
1585844
1407795
1437912
1537419
1386836
894936
1180527
697758
993652
1247196
1122814
1433032
1309678
1484685
1342777
1050325
1500783
1295494
1503173
1453377
1580376
1543292
1540019
1595016
1539040
1579700
1514289
1236504
1519282
1588557
1554754
1075811
1593344
1480632
1626170
1634580
1479755
1433783
1593684
1609876
1333163
1332337
772885
1193101
1173341
1152164
1210706
1228685
1265026
1327547
1326576
1139425
1250550
1046249
1256074
1127171
1127875
1435371
1400772
1368737
1457514
1452960
1391672
1415602
1453724
1482769
1430837
1541253
1580974
1455378
1564201
1525329
1615880
1435738
1619588
1537713
1554643
1488048
1622943
1599886
1605655
1373256
1597866
1560910
1588877
1499268
1623542
1460466
1660504
1604708
1656661
1562964
1414601
1763928
1549111
1350091
1341131
1412053
1593654
1448095
1505617
1300052
1451449
2261473
1911798
805181
1187660
1280321
1200516
1103703
1192000
1291231
1307126
1073825
1250306
1378282
1151305
1324564
1296584
1317012
1290263
1339250
1306647
1495997
1363790
1444958
1388285
1424316
1362663
1450353
1362268
1342035
1306191
1382187
1371288
1318466
1156375
1357173
1240009
1410740
945238
1151587
1197497
1283026
1540929
1161262
1146965
1080053
1382857
1168420
1174067
1034916
1362928
1323072
1369807
1335840
1415158
1560503
1318213
1447362
1454451
1090144
1846522
1767368
1694242
1698716
1643435
1756527
1592277
1350277
1302950
1299359
1359516
1434043
1511088
1531664
1442642
1377277
1413023
1226604
1624373
1750916
1680018
1538009
1549670
1474488
1569334
1527340
1594169
1516368
1519340
1586297
1516959
1560789
1501048
4625987
2719542
2614609
1330888
1824984
1770686
1881824
1737678
1739433
1777568
1697332
1772192
1741238
1634265
1715671
1707151
1841497
1856356
1840544
1865913
1878473
1678406
1802373
1787020
1885180
1749970
1866402
1759358
1869883
1737602
1853283
1744425
1841924
1756092
1889369
1711832
1741990
1695972
1764064
1662190
1750323
1713828
1299759
1736178
1749421
1855813
1666825
1789949
1745623
1585497
1674808
1208850
1527209
1612285
1534437
1504143
1428553
1549996
1346801
1594973
1528792
1571754
1616101
1540141
1565175
1550720
1404484
1587008
1504361
1618091
1535273
1705505
1583115
1502637
1564750
1548120
1589624
1447317
1587760
1637237
1605180
1630711
1371525
1593051
1442127
1525439
1502044
1506677
1450445
1476479
1490524
1493909
1409033
1506737
