4403652
2464147
1479521
1573923
1913830
1744761
1820110
1890588
1837109
1961366
2123462
1962584
1910748
2149377
2106823
1879026
1849362
2077256
2295671
1939937
2001302
1991122
2191896
2075480
2338952
2392359
2279985
2306280
2107730
2164687
2535946
2189168
2490379
2517132
2346967
2298436
2137844
2139329
2276800
2228484
1843298
1831044
2178408
1917915
2447192
2055106
2234068
2495092
2355480
2233194
2640243
2204305
2356811
2187722
2027537
2298501
2365571
2227041
2461733
2230963
2481793
2178755
2497800
2475481
2521491
2331664
2295610
2331694
1956825
2258262
2474413
2519331
2492090
2255053
2426580
2322450
2215906
1879214
2349372
2266374
2488094
2396232
2522639
2348313
2386733
2126622
1940123
2228402
2147382
2133558
2578396
2022118
2685113
2062389
2055854
1926412
2208232
2086456
1940794
1911375
1998116
1967460
2138326
2010884
1885994
1834252
2341212
2736684
2251949
2258526
2008654
2424054
1818735
2328822
1802935
2150270
1967432
2244179
2363676
2118261
1713814
2460325
1830564
2440240
1748975
2140233
2541209
2190468
2625409
2118767
2186233
2206948
1953869
1951928
2063153
2186307
2259389
2154595
2482915
2159599
2359718
2047766
2371518
1247157
1284892
1469348
1177246
1734838
1703808
1899469
1451169
1603097
1690384
1709792
1992475
1554425
1871967
1727905
1615362
1793266
1933933
1748599
1928762
1695497
2092597
1760609
1980097
1705427
1844682
1872484
2040442
1843486
1989795
1788223
2028461
1773315
2030539
1778983
2008780
1781099
1988036
1700081
2013350
1823765
2159832
1848195
2174122
1846934
2165562
1875832
2171032
1861748
2161001
1839474
2108877
1847885
1940873
1836862
2161886
1835445
2164420
1891326
2112117
1836145
2162176
1859047
2038337
1905482
1946859
1944446
2023835
1725862
1773628
1654819
2157215
1626240
1966458
1808385
2094737
1763162
2025047
1680077
2121035
1690573
2120147
1495534
1905082
1749773
4031729
4689554
3439988
1417952
2054240
2161372
2065220
2196916
1988252
2049399
2026454
2129150
2068015
1913187
2019538
2113242
2103426
2056375
1996293
2077445
2200627
2118787
2101136
1988614
2167858
2064531
2179212
2075990
1959828
2067540
1932863
2038685
1997780
1890794
1966967
1953623
1883897
1992313
1784532
1960603
1876923
1773359
2112194
1961208
1884917
1940262
1897071
1700148
1669143
1804232
1796479
1701302
2001645
1721454
2013910
1702355
2033640
1842776
1792230
1518059
1862302
1614406
2067126
1902239
1756358
1921382
1915327
1738439
2038619
1847507
1954027
1978949
