1208952
1239683
1628093
1362907
1637732
1543074
1263577
1143030
1453325
1288451
1507141
1373725
1430825
1502452
1477063
1386418
1714392
1475985
1414007
1263566
1488224
1461979
1570668
1307928
1557121
1420907
1381384
1288526
1393422
1567988
1578700
1381495
1343587
1330964
1451178
1501305
1459309
1499322
1486359
1291153
1408910
1585335
2169455
878308
1497169
1465674
1481274
1491369
1370846
1587943
1108411
1695023
1496184
1740232
1694886
1651029
1535013
1629720
1552332
1649086
1520599
1721107
1819158
1784072
1710972
1650464
1696387
1767341
1628288
1690180
1738298
1685508
1716243
1573329
1450620
1641964
1588644
1794673
1819654
1775058
1609307
1858847
1689030
1769106
1726547
1790636
1899390
1833030
1684196
1698937
1783785
1778706
1647292
1803091
1781110
1694873
1677922
1767100
1657489
1704662
1610679
1811596
1737216
1741531
1679902
1728868
2299613
3540167
2048411
1699031
1741621
1753928
1724577
1768728
1652949
1821177
1683953
1654833
1537423
1903709
1848239
1809491
1707193
1794681
1755662
1808957
1730372
1749858
1736492
1784398
1724626
1807530
1652439
1887020
1840625
1678279
1825621
1763181
1787267
1839076
1587271
1788879
1669036
1760477
1699647
1480256
1631931
1836484
1428062
1714892
1462756
1810235
1813745
1812410
1677632
1800543
1786257
1914797
1749271
1786861
1835011
1809274
1637832
1780226
1600113
1726852
1794251
1756307
1784801
1781121
1690160
1727893
1752042
1770471
1722647
1776226
1956123
1812900
1673650
1768448
1747112
1895803
1709677
1777597
1792751
1666447
1627212
1785391
1784957
1789519
1807870
1825127
1799688
1802801
1703679
1933152
1823204
1774185
1593344
1690640
1610553
1798527
1683388
1794498
1824710
1765184
1665320
1742282
1793756
1912482
1745231
1776001
1734456
1808711
1731691
1619693
1450870
1731126
1517839
1768327
1790669
1773567
1491990
1829991
1663946
1477550
1583229
1802916
1787331
1838150
1698447
1773302
1712168
1811892
1742248
1686521
1683113
1864391
1717869
1744168
1653793
1749851
1724828
1804450
1600573
1642053
1667895
1928278
1678232
1644572
1446950
1120211
1563868
1794775
1721836
1812499
1699066
1707613
1636667
1774806
1691836
1859920
1729388
1648237
1657569
1657727
1601394
1574685
1514664
1853206
1799110
1856384
1709611
1796475
1685843
1832062
1864690
1659151
1796721
1858394
1728012
1740992
1707832
1787378
1774055
1840560
1714362
1785645
1787116
1673352
1773401
1740400
1766982
1802314
1445704
1603368
1650726
1499855
1651706
1686576
