3450061
1528493
1734162
2013156
1959107
1930563
2007986
1901005
1705427
2061833
1948059
1856654
1645622
1851417
1694316
6019834
4520248
3711173
1748794
2033664
1678008
1836714
2085434
1879952
2179847
2128442
1832792
2135113
2044873
2070979
1983612
2000496
2157663
2124346
1802559
2262099
2035737
1997253
2021511
2074325
1968028
1978296
1872730
2388398
2165943
2110515
1906076
2314489
2052373
2185862
1897465
2347759
2061649
2211649
1997649
2006502
2230604
2278507
1786005
2372272
1917931
2103760
1949653
2282336
2192873
1964292
2011080
2041676
2198199
1834353
1847622
2320421
2075268
2299441
1937263
2359418
1831386
2019578
1821141
2231147
2121020
2308867
1953751
2268594
2216292
1957002
1967199
2145402
2239160
1968136
2029794
2024605
1979852
2274061
1841623
2273412
2104803
1960806
1949759
2256163
2053493
2148691
1868938
2301752
2083628
2292912
1917396
2250221
2175821
1990158
2050477
2016135
2235425
2042991
1952873
2376641
2071278
2134122
2061768
2188602
2098384
2292629
1773365
1841107
1728058
1939096
2097718
2299010
1944188
2321114
1795432
2327492
1962051
2159439
2113102
2008150
2196130
2294502
1823001
2269064
1743003
2138225
1972952
2150937
2011983
2185579
1981075
2200859
2132362
2052671
2077284
2062631
1964874
2129005
1885905
2143596
2079636
2187800
1831221
2305311
2021493
2155481
2143532
2077259
2056918
2086302
2096920
2243895
2064512
2307960
2046824
2277331
2049262
2153308
2059687
2116531
2037508
2231504
2007784
2414241
1887283
2267488
1780001
2038852
2124042
2286149
2063506
2307806
1990028
2130416
2072290
2069159
2134234
2224405
2100178
2300672
2141468
2080032
2101632
2256612
2046008
2379878
1981204
2308141
1971116
2154187
2106459
2282181
2019064
2375931
2036134
2400633
1974001
2019223
2087214
2048006
1822690
2331376
2026528
2332451
2058263
1941382
2084988
2110799
2032316
2329339
2033905
2352448
1856783
1900406
1850563
1944121
1849922
2170354
1920749
2317079
1985616
2051163
1971927
2144034
1990446
2156676
1825129
2133742
2023965
1894633
1818198
1984941
1751982
2088952
1975581
2258610
1977750
1743788
2058913
1916720
1919838
2229037
1864273
2270086
1908465
1890536
2035529
1948179
1893735
6095438
4491171
2537732
1298151
2043433
1949934
2005993
1876442
2014580
1885828
2104662
1819427
2004270
1726609
1896514
1665348
2072340
1885065
1951440
1776877
1890293
1737504
2012706
1959370
2138822
1845453
2082197
1832142
1868923
1855795
2062986
1943242
2006077
1881226
1959078
