1434836
1315093
1572148
1230527
1350767
826960
1752248
1104413
1349467
1321014
1638240
1366179
1360196
1383644
1774856
1097799
1496613
1373454
1342837
1160759
1461698
1372873
1602665
1172099
1330865
1348773
1661975
1174938
1683343
1196406
1725774
1221498
1662866
1674270
1625073
1335533
1666094
1395559
1655884
1365715
1512568
1735926
1674976
1430296
1745142
1569474
1720027
1175259
1705113
1578220
1671999
1577316
1689782
1252593
1714778
1339487
1710878
1543511
1699593
1293899
1647486
1377663
1685766
1498274
1462307
1341277
1482123
1409378
1315432
1172201
1642968
1597233
1704398
1626201
1596601
1307534
1701649
1290802
1655876
1584456
1544949
1619299
1698102
1305554
1686664
1351746
1667742
1619833
1651663
1465579
1670236
1318326
1695523
1489862
1657192
1302586
1649758
1732225
1618445
1534581
1591526
1548299
1597148
1573230
1554908
1594841
1590227
1614135
1483516
1668979
1597261
1695056
1599477
1585529
1679655
1640668
1405347
1123100
1352799
1278464
1561294
1641665
1583196
1604107
1282806
1101821
1709506
1774379
1760749
1464896
1310327
1584610
1754321
1783702
1718464
1794672
1767176
1812379
1728881
1690414
1796052
1768886
1769145
1654099
1895659
1839302
1781123
1849484
1862213
1873451
1842842
1863840
1776528
1854542
1770801
1902515
1859815
1906085
1861692
1656340
1864671
1903347
1853097
1566784
1870923
1868946
1531614
1134828
1512412
1309011
1665259
1703956
1754153
1816026
1749683
1807401
1794714
1860255
1804308
1617775
1560301
1544612
1795547
1880667
1728490
1683899
1823077
1845606
1825412
1885141
1745960
4355436
2346356
2576048
1554445
1402218
1832697
1903797
1833213
1850432
1825981
1885792
1786196
1890277
1839398
1896556
1854992
1899908
1874354
1839082
1784141
1898813
1829972
1892682
1755502
1876247
1703366
1372448
1604595
1497068
1779257
1720265
1600432
1275558
1753564
1692267
1779753
1889223
1825237
1575148
1855721
1883012
1651573
1497909
1792421
1910502
1851851
1749902
1833132
1849142
1774932
1514438
1750610
1433047
1602275
1673519
1606831
1471324
1812319
1711638
1580576
1657297
1540915
1644473
1743874
1737470
1611272
1676746
1806263
1792134
1801651
1604549
1861802
1851925
1663685
1557419
1791923
1751112
1820122
1725922
1766020
1838542
1793204
1418563
1697944
1760115
1784177
1745930
1642005
1722246
1660903
1648869
1649275
1814655
1786101
1645589
1616140
1759477
1655691
1723986
1777656
1644154
1766438
1745766
1654558
1754453
1855481
1749937
1770171
1484317
