1608019
622876
972711
763571
1105141
879932
1285962
825668
1505174
836846
1212689
1122888
1284937
1289896
1428627
1310407
1405512
1165282
1447303
1154723
1511222
1418504
1572783
1210410
1406812
1234877
1574091
1512808
1541720
1391672
1553589
1306427
1518287
1506248
1581677
1498609
1622140
1575697
1533353
1448474
1536188
1230211
1526073
1487907
1534947
1421436
4101235
2932374
3343210
1350250
1285135
855803
1460648
1305022
1303407
1303421
1424750
1253802
1420951
1061668
1160341
1217515
1287555
1307761
1423316
1231468
1416964
1326950
1456637
1224076
1371743
1273450
1434578
1195290
1423392
1137221
1393524
1437974
1479149
1363748
1431499
1106741
1449952
1173573
1434525
1287767
1572020
1445531
1400285
1243772
1337334
1486638
1496473
1336315
1678055
1333243
1528267
1502869
1329697
1105211
1567879
1538771
1499100
1401594
1558237
1356425
1683596
1323547
1628469
1543869
1541954
1399905
1655722
1359412
1674258
1362405
1660562
1374349
1528063
1413447
1728904
1476586
1533016
1283769
1574029
1427540
1696880
1460510
1635129
1443732
1611798
1340138
1663142
1384438
1660956
1367836
1667443
1490528
1575557
1376924
1655909
1278864
1670997
1305541
1713463
1391855
1402331
1520621
1551313
1053527
1383776
1309825
1735784
1503309
1538722
1489740
1600211
1387613
1724005
1513775
1521089
1572431
1610149
1443683
1635853
1363076
1681709
1486723
1536782
1542171
1611370
1562332
1665962
1268380
1578336
1518690
1240836
1181467
1578726
1274903
1592095
1464632
1629336
1333156
1599951
1397378
1661014
1403529
1620889
1260970
1549218
1459730
1571671
1192629
1681777
1439363
1721967
1437908
1646518
1469874
1655312
1490907
1677023
1497130
1657390
1568820
1672565
1484894
1655702
1521722
1652755
1550113
1652081
1588691
1697621
1435459
1681376
1504664
1688376
1324251
1266900
1413911
1417583
1283511
1535716
1229075
1625403
1284466
1471700
1357798
1331274
1389865
4833881
2936621
1458679
1072456
1654907
1627997
1694237
1666066
1692660
1575860
1680829
1285970
1615815
1334674
1669874
1557931
1817851
1232006
1585645
1257680
1607494
1526645
1525141
1567096
1732653
1466095
1696211
1667589
1667881
1820439
1720391
1573368
1617074
1485070
1766137
1749483
1566330
1580734
1588065
1576345
1747902
1471161
1385837
1527688
1749694
1576735
1733435
1590222
1672776
1608371
1729588
1612716
1699669
1574112
1823832
1592369
1668553
1499718
1771939
1570730
1743337
1442593
1662753
1571715
1691255
1493684
1590443
1485799
