1549404
905426
1074237
1368698
851784
936713
1430659
1038595
1299772
1022170
1063380
796832
908114
916757
1183558
951558
1308047
970681
1249268
971188
970332
1220020
960674
911428
1427083
1012702
1400833
1195092
1076181
864437
1192031
1050900
1214735
867547
1439202
1015466
1382244
1061859
1265283
900714
1256367
1185445
1654131
1304270
1390159
1050126
1278571
1096592
1195719
1075269
1529606
1264646
1609411
1322126
1316979
1051387
1391677
1307650
1602454
1278349
1471339
1205312
1240526
1536791
1489890
1174805
1275482
1127892
1432580
1252006
1391276
1333158
934184
1141571
1592747
1346992
1712313
1596274
1749492
1619816
1721304
1581306
1714113
1601398
1732291
1707438
1753908
1632384
1748037
1409196
1526668
1419257
1753929
1504996
1790395
1596133
1785504
1634981
1439561
1197192
1111205
1632319
1785415
1675818
1672027
1238730
1653624
1699115
1778194
1639389
1784508
1638067
1791373
1629260
1779255
1410723
1682662
1539166
1343812
895468
1463297
1236316
919411
1402657
1464766
1069225
1709461
1382787
1743218
1628817
1696205
1315892
1754144
1540217
1732708
1465144
1634648
1386286
1741344
1564084
1753188
1559485
1675510
1531003
1738654
1456237
1675839
1659988
1746781
1410474
1580774
1751481
1731537
1316987
1738255
1497339
1669610
1582027
1762992
1662340
1626824
1653043
1666977
1417063
1759004
1594867
1766788
1702484
1741520
1619240
1753105
1292355
863444
902982
1711804
1430493
1623657
1319306
1742333
1633844
1602954
1489343
1590519
1637094
1740860
1416333
1709478
1609544
1535273
1151496
1583677
1483911
1740374
1637209
1596213
1623052
1591130
1489349
1583221
1634407
1622462
1620154
1741174
1563798
1603678
1460076
1758524
1317662
1705450
1642594
1558534
1639421
1741787
1624097
1621317
1402741
1742987
1549661
1740314
1547849
1401822
1635747
1699577
1640957
1603887
1591994
1723024
1364086
1698509
1361742
1640658
1719893
1859259
1705937
1749053
1602522
1835743
1747817
1803568
1544968
1124725
1451297
1679271
1672964
1752490
1563784
1750973
1454963
1845692
1702694
1659677
1844394
1766848
1627317
1697782
977604
1612345
1160405
1733918
1597217
1751697
1399300
1762799
1646003
1513127
843119
1709168
1456327
1710198
1435199
1401348
1450247
1779189
1667631
1663523
1051709
1753599
1634247
1804372
1390462
1666497
1606473
1785474
1669756
1760198
1381612
1807618
1370747
1669039
1522863
1486816
1416951
1705001
1407193
1690848
1176515
1775285
1585782
1646467
1525807
