2798272
1379922
1690682
1544145
1544261
1507463
1760550
1489019
1759499
1447743
1490568
1506244
1784991
1368711
1807462
1578586
1763893
1533720
1747334
1556671
1730817
1633373
1659151
1778140
1879687
1661581
1875309
1727711
1868588
1763478
1843238
1850942
1880757
1593306
1883254
1708092
1863276
1676533
1793889
1701463
1551462
1780077
1791807
1617700
1662643
1639122
1708388
1561651
1810219
1717107
1676215
1587220
1818569
1789675
1825188
1654348
1816476
1733938
1800463
1629338
1658606
1749969
1690771
1602636
1804025
1755418
1783868
1596295
1777031
1660788
1517034
1326402
1623606
1478632
1755845
1392587
1680731
1666860
1629332
1454435
1439994
1657197
1639777
1459115
1728501
1538045
1570989
1315202
1578531
1226765
1379748
1433913
1577908
1405208
1546711
1389933
1762862
1647413
1715113
1512919
1644113
1656960
1756614
1652843
1710177
1697267
1714932
1766099
1832119
1758148
1603588
1640356
1810986
1723603
1773173
1628970
1839966
1821094
1783159
1660362
1845789
1719167
1839019
1725165
1743807
1712584
1848024
1578351
1840220
1705942
1786075
1674627
1839481
1827348
1825439
1624396
1777899
1621083
1842332
1765375
1649853
1736412
1829143
1511088
1835300
1726300
1830749
1723854
1824435
1639673
1564487
1582671
1714333
1752802
1772010
1543552
1787625
1778464
1841766
1731507
1774238
1740238
1798820
1767178
1833056
1766543
1822232
1694653
1753978
1740738
1820995
1774685
1746094
1687643
1832365
1710237
1833125
1757275
1845603
1769405
1847864
1700638
1825694
1802925
1816324
1775668
1671883
1469363
1635400
1580919
1671756
1481210
1640486
1577314
1635490
1394386
1599716
1422903
1476828
1503340
1611466
1663603
1564319
1511824
1474454
1455988
1776085
1526430
1786590
1509924
1398616
1374368
1513276
1358892
1522123
1392612
1446079
1425797
1515077
1482024
1573511
1525020
1504558
3587623
2596002
1655717
1744538
1786838
1774179
1752418
1833648
1782039
1836899
1711224
1877796
1788625
1881086
1820089
2837108
4425556
2502709
1498458
1747859
1658203
1699478
1564836
1641297
1611795
1708423
1616846
1708798
1580065
1827393
1810215
1783444
1629452
1778188
1589386
1760755
1718701
1737875
1821955
1682073
1733794
1778763
1651826
1796798
1764818
1739574
1681367
1670600
1744214
1698333
1606075
1801581
1735204
1799822
1784606
1790681
1686218
1689151
1505530
1747448
1795146
1779935
1795683
1742852
1771578
1782720
1731348
1779690
1813874
1787723
1775115
1753173
1736284
1748452
1677767
1746237
1775353
