4118642
2091736
2035476
1576471
2276198
1910568
2303211
2234865
2334302
1889641
2292860
2137428
2296517
2201604
2370657
2306019
2325286
2172490
2411445
1978248
2291959
2223791
2433494
2328797
2395904
2078135
2394908
2233667
2408365
2256610
2476720
2234590
2455188
2179981
2444572
2352393
2364102
2309299
2414805
2219535
2305572
2152319
2442493
2285662
2392558
2290772
2438385
2252345
2352831
2302913
2475850
2284251
2452783
2283395
2368237
2341599
2498606
2216235
2391865
2185488
2359351
2099513
2421781
1977505
1878913
1871426
6008734
5064096
4021268
3285911
2231755
2384812
2484363
2444539
2482541
2265710
2466274
2196738
2555367
1886349
2457916
2196164
2478290
2194144
6343463
5219405
3285413
1347118
2366387
1967400
2087268
1968476
2062212
1955022
2245960
2065294
2278128
2267125
2322657
2150246
1906749
1612932
2215918
1675890
2545300
1867070
2417978
2157149
2528868
2001003
2452771
1846967
2445615
2299402
2114125
2137016
2187165
2009471
2421635
2157493
2254348
1964695
2534876
1956439
2538773
1748495
2468058
2160386
2329120
2336308
2252295
2260381
2291864
2332286
2260854
2354158
2239481
2281306
2225285
2360211
2335901
2042455
2519661
2101602
2554835
2225861
2493015
2232475
2682205
2082257
2615577
2181531
2595139
2318696
2544007
2215387
2490521
2255915
2618393
2179004
2599682
2222509
2505906
2386317
2421534
1895594
2478586
1948209
2494485
2106287
2525539
2410074
2533801
2050434
2533156
2111586
2617180
1935253
2594713
2420919
2484121
2268021
2415884
2276507
2520006
2260731
2688970
2324626
2538375
2130511
2652295
2081339
2549067
2111242
2696748
2312088
2584661
2256161
2545933
2296192
2534357
2257207
2560149
2305959
2587479
2426885
2541229
2290414
2527120
2085526
2530553
2314002
2649813
2285417
2655363
2219995
2450153
2151777
2453448
2363669
2581556
2231567
2666040
2286996
2536654
2415784
2589861
2149899
2731480
1903611
2668356
2217437
2621201
2274442
2602017
2462804
2581437
2246267
2677200
2225154
2681750
2443974
2588297
2372100
2474653
2347770
2508393
2428129
2501372
2151995
2736466
2268423
2676824
2083574
2694746
2320617
2450015
1974988
2798230
2453269
2721762
2213464
2718212
2436342
2686978
2408950
2718170
2376124
2754914
2199682
2729763
2446879
2701038
2419355
2704763
2398508
2623527
2529727
2716590
2344132
2458788
1919742
2117945
2278498
2717583
2429013
2726800
2389758
2782396
2258085
2754241
2226961
2620065
2458920
2631509
2390508
2780262
2277781
2771590
2196356
