2292882
1586478
1610503
1776636
1649470
1628233
1739354
1615219
1872477
1487535
1831481
1648129
1906255
1892437
1864352
1707300
1775129
1714155
1864692
1804529
1869882
1826207
1925915
1693606
1878371
1600396
1862282
1923821
1850597
1791146
1872806
1750395
1915328
2223391
1807771
1676508
1698195
1708000
1901111
1588845
1555834
1550082
1731115
1674165
1735108
1667114
1896868
1568177
1790691
1573452
1841377
1615977
1839299
1804595
1788977
1690806
1577082
1682299
1809601
1638864
1907901
1757409
1850297
1687344
1871057
1907336
1759951
1310746
1813502
1744550
1815486
1847421
1819697
1815102
1959198
1620439
1818717
1718574
1798734
1927258
1832104
1809367
1837921
1874477
1825355
1587918
1702209
1785861
1920928
1658960
1879655
1497303
1828321
1776501
1780101
1899333
1733695
1812725
1935072
1558593
1799521
1752240
1889951
1771109
1790581
1828461
1652953
1813081
1849587
1769946
1853157
1693983
1930979
1825707
1733780
1580835
1714745
1666745
1692106
1686072
1710488
1681960
1858958
1672119
1878431
1679860
1905206
1816042
1852006
1849486
1818396
1835551
1819300
1723336
1861551
1806756
1835350
1872088
1704240
1661795
1756520
1713510
1826488
1748161
1617945
1447471
1518709
1405902
1443323
1333122
1519273
1571087
1731045
1376506
1614885
1842825
1718459
1246597
1761894
1657692
1838621
1545006
1704354
1713730
1873411
1682342
1747520
1697535
1783417
1739513
1702703
1505905
1730718
1697955
1695886
1622295
1698095
1691391
1863115
1652655
1724379
1587393
1728616
1748756
1565914
1603888
1801987
1597220
1726846
1376018
1671165
1431555
1528891
1518622
1752796
1578452
1813947
1701645
1648395
1572114
1624245
1554514
1783381
1648599
1704635
1594485
1611634
1686799
1655739
1659231
1629869
1654888
1725447
1549433
1637435
1625203
1687418
1677300
1698569
1672046
1802197
1657387
1801464
1632406
1756487
1557656
1615117
1686725
1672162
5137312
4570722
2532882
1779219
1751960
1901569
1803879
1856652
1839806
1873821
1677539
1958138
1692735
1870845
1731125
1875808
1842924
1882942
1657514
1867511
1874227
1896942
1685236
1885799
1613227
1970480
1664587
1878757
1805118
1875618
1864352
1864561
1798991
1870947
1583777
1955797
1657295
1892232
1794066
1901133
1799696
1922192
1670367
1885923
1733580
1877101
1726960
1768851
1679683
1803696
1504876
1739506
1590366
1680335
1786765
1869710
1790138
1840718
1667985
1923496
1756985
1824556
1514929
1782688
1532872
1753264
1420850
1705658
1602668
1711716
1437908
