1174295
773278
1191829
650859
1132448
1159942
1228330
1294813
1495506
1408213
1411855
1247871
1402091
1374390
1477423
1429579
1401072
1385168
1369275
1244651
1410167
1387870
1464342
1339268
1119323
1370866
1451503
1207251
1139834
1232481
961227
1220400
1275556
1206224
1148116
1457655
1299222
1388300
1378788
1351447
1409215
1404687
1306372
1206992
1366493
1407349
1131168
1425683
1370368
1325317
1392850
1372663
1464569
1373178
1423118
1396902
1459560
1273496
1390569
1524262
1441252
1292037
1374168
1455702
1435239
1478962
1221516
1271753
1408397
1502057
1447106
1007474
959738
1186278
1399327
1536740
1296080
990554
1534841
1379557
1493635
1342827
1379045
1375038
1225997
1296041
1371558
1377997
1383884
1505182
1241246
1267455
1426134
1214107
1469649
1173462
1284206
1176725
1315942
1512375
1383311
1364180
1365637
1265587
1383741
1374005
1442866
1319892
1353470
1256449
1430078
1497143
1422537
1220615
1475659
1248316
1339453
1151832
1101490
1055603
1297702
1203129
1159914
1113512
1330792
1383895
1218945
1083812
1239110
1049655
1137909
1245856
1001534
1274506
1357041
1088226
1321786
1139974
1225050
2700789
3972848
2467731
627855
1510743
1158023
1387867
1414247
1258336
1446524
1190255
1407521
1289842
1343806
1391809
1386052
1330434
1394003
1258495
1366416
1349486
1419223
1452748
1396072
1499068
1362272
1397404
1395624
1414757
1434529
1412799
1425682
1430071
1524664
1519055
1384248
1440087
1491796
1410523
1466882
1473978
1549528
1454110
1429202
1384191
1504469
1449344
1453554
1460528
1520634
1454395
1371420
1431181
1437933
1366937
1389711
1372692
1381825
1370081
1343889
1448561
1431381
1378825
1372398
1421951
1462553
1498713
1404727
1408091
1490629
1413969
1449460
1313927
1441293
1433159
1280338
1327750
1321275
1171397
1263772
1212589
1190342
1271514
1171188
1021453
1154212
1147753
1148600
1124820
1067544
1153058
951505
1146115
1101245
1359947
1243202
1301024
1362688
1394821
1285079
1266751
1332412
1282921
1251974
1422092
1279135
1362612
1304395
1248113
1264038
1208630
1075691
1161774
1438396
1224598
1202620
1045585
1107564
1334661
1171681
1179871
1180250
1241713
1131425
1189596
1191378
1240110
1307886
1157690
1198566
1236736
1234033
1264336
1380358
1247146
1188461
1237677
1070218
1248635
1198744
1220300
1214036
1106494
1342817
1236246
1390228
1178039
1216076
1179173
1205787
1236904
1152782
1254212
1231421
1102461
1167128
1230156
1133571
1179036
1188742
1237394
