6107183
4170506
2161950
2274614
1972671
2443092
1963124
2556814
1948553
2450533
2081838
2119131
2075604
2500892
2119114
2390278
2063178
2419493
2284823
2401273
1916180
2324527
2436181
2372431
2078945
2348920
2376385
2298964
2121364
2236414
2053733
2165209
2123749
2347116
2152373
2289079
2310525
2273255
2105857
2258290
2018138
2290563
2012147
2289098
2073421
1894747
2044861
2184899
2051814
2233750
2021677
2029514
1970981
2066176
1974700
1968481
2169034
2073174
2027844
1960670
2048143
1987386
2210820
2032483
1944117
2148045
1972701
2021298
1774914
1814745
1925551
1962615
1842200
1976121
2092907
2419940
1986748
2072839
1883347
1889327
1979354
2071570
1889545
2221843
2116012
2100474
2080418
2173802
2147921
2284850
2105323
2384656
2195168
2221505
1993006
2347934
2072661
2073509
2105473
2352838
2133406
2189666
2132104
2208690
2049848
2283854
2041616
2384807
2066787
2360414
2173775
2215478
2080851
2369781
2126669
2037263
2056658
6443835
4498214
3833724
1861875
2554706
2342180
2428023
2178197
2403237
2419257
2482791
2258017
2376225
2279129
2329421
2284950
2088039
2410511
3934030
4734795
3045706
2274858
2105572
2334096
2127038
2143311
2303775
2012200
2167239
2062022
2354381
2209763
2261184
2145699
2301976
2272775
2179623
2224959
1940558
2053597
2030953
1959341
2016226
1688920
1639484
1653336
1813253
1773054
1768116
2130059
2179917
1868198
2341077
1903236
2110652
1917881
2472464
2102107
2075436
2130309
2464563
2070452
1863658
2028705
1713817
1570503
1610830
1702121
1827544
1654055
2093602
1762168
2095810
1728850
1906572
1812197
2189191
1730044
1817316
1724817
2168930
1721887
1970188
1764066
2357625
1710694
2228688
1771206
2106449
1779776
2106559
1769967
2156924
1740515
2173975
1843509
2083048
1649027
2175011
1796808
2282186
1726564
2292692
1911488
2287352
1775947
2213712
1547202
1815320
1751914
2265714
1957686
2504717
2002278
2331924
1783042
1852510
2147344
2372397
1977058
2438397
2256690
2462795
2195024
2046573
1870917
2464996
2305631
2304704
2177727
2330286
1979977
2425523
2152424
2380252
2354221
2398715
2187807
2449904
2354082
2507765
2311903
2580313
2312788
2482850
2340941
2515352
2453816
2493709
2224874
2297579
1898488
2478296
1946362
2323290
2218186
2379507
2164401
2306179
2039667
1926273
1750144
2311831
1901031
2205345
1673758
2035920
1954524
2031751
1979261
2414274
2124058
2286180
2027473
2226489
1992970
2130433
1970501
2348856
2121219
2209951
1876950
2212633
