981757
770061
1301302
1237562
1294227
1228209
1343264
1190643
721928
826774
1011529
1182164
1254491
1231010
1351533
1210806
1319164
1115617
1339993
1229539
1365607
1263693
1357704
950510
1396169
1221580
1249131
1093037
1318401
1145450
1364401
1185053
1235185
1220031
1294756
1070655
1161950
1163913
1355606
1115795
1289389
1002064
1168704
1028049
1332534
1158328
1307030
1238398
1170464
1108673
1082939
879387
5321171
3327604
1692383
1193310
1200334
1217482
1508064
870754
1040771
661053
1094864
1018753
1325474
1033474
1070570
980267
1102053
990110
1020322
1006608
1305182
986954
1231488
1036489
1295198
974017
1031183
1061078
1127360
1146301
1039955
1029698
1097601
1027670
796399
751872
1012356
911947
887746
881975
925401
850468
1304688
1049500
1162777
900764
1165176
1001176
1051685
950961
1018223
1149243
1336862
830880
1446136
1172474
1393382
1007533
1296257
924738
1310963
1067190
1309748
1135433
1111560
1055197
1208029
928060
1256092
1035629
1296729
1098910
1430325
1101993
1256738
1132711
1315649
1100769
1002808
1043222
1246460
1037979
931874
1208374
1288093
1179654
1293217
1096661
1281711
1129281
1293964
1029164
1322873
1098052
1275310
1046444
1216378
1074312
1350261
1035127
1305915
1035266
1316300
881203
1278838
1143773
1346562
1034338
1226361
1069139
1077063
1082265
1018676
982947
1117768
945416
1342155
1047355
1167690
1235879
1041917
1207942
1211129
1066331
1252469
1092211
1171678
1093374
1182403
1088684
1170112
1101295
1166356
1014175
1220152
995402
1244854
1126137
1196336
1104074
1003579
1018983
1178971
1102172
1262978
956002
1124746
1050200
1126250
1203375
1183764
1009261
1166793
1223075
1282740
1011361
1235492
1077197
1233891
1072676
1228784
1063250
1070704
1180967
1249751
1029612
1280521
1015842
1197437
1030328
1063394
942106
1212152
1012583
1078505
1153842
1165885
1066417
1066038
1131893
1061497
1014366
1211220
967622
1228346
943664
1114161
996031
1234793
1129771
1227655
1139134
1197196
1115128
1257532
959339
1266708
1068940
1246423
1127810
1219350
1041723
1257161
989029
1237398
1113267
1194780
1227653
1332813
967966
1031948
1145016
1091338
1039541
1163678
950019
1114523
940205
1109970
1029934
1198584
1146468
1218557
1070012
1190379
963865
1249936
1028143
1224971
1066414
874096
1166615
873229
1015699
1084063
980958
1313934
1027354
1123220
1011208
971497
1162802
1077376
1134960
1214716
961961
1278838
1043988
