676200
1251391
954524
859118
941875
1144006
825475
1423162
919093
1153374
945446
1478309
1201598
1177178
1025532
1221706
898760
1308928
1094276
1237238
1112805
1402264
1248206
1267537
1200800
1239083
792008
1400609
990259
1089717
1406100
3075602
2176753
829735
945460
1620976
1454651
1538133
1447149
1468140
1453788
1511549
991550
1440558
893729
1441507
1055382
2106675
3858782
2288395
1122981
1395866
961894
1387051
967899
1251162
854815
1452660
790240
1567272
987557
1548840
1335628
1491853
1351447
1536365
1208491
1029687
1536210
1553247
1404729
1478809
1336477
1510047
1256317
1530658
1349823
1550765
1468815
1448812
1095408
1420594
1456254
1587897
1014386
1639861
1261210
1518979
1314645
1490319
1048206
1679642
1623866
1487666
1262131
1504875
1306638
1642773
1346272
1404126
1311744
1567097
1356110
1414541
1261499
1349797
1379858
1516644
1418594
1541216
1421918
1587340
1213127
1497112
1241720
1498166
1476253
1533058
1266583
1507731
1310741
1379650
1396978
1592589
1531586
1617767
1222743
1479759
1232482
1627692
1552975
1546431
1508878
1657510
1519930
1704782
1308781
1415857
1538350
1780610
1359052
1677601
1366114
1605962
1293914
1421645
1189715
1401037
1622032
1721887
1030414
1505942
1594097
1453194
1729290
1583449
1386440
1662130
1590058
1575519
1404789
1712529
1632891
1599143
1416035
1571346
1289424
1540219
1677207
1572839
1399702
1520525
1516125
1744107
1604053
1583131
1531666
1803502
1299401
1660892
1321144
1781039
1572538
1702099
1538042
1618891
1397109
1595701
1425389
1451187
1495310
1570331
1557877
1522283
1504400
1665166
1581725
1506600
1533410
1624200
1551456
1751679
1187442
1553902
1570549
1652703
1773503
1597761
1419206
1700919
1554585
1713405
1718017
1637385
1393454
1731278
1554719
1286903
1492499
1640998
1772098
1450594
1523040
1615721
1561351
1540461
1480339
1518271
1503145
1599549
1545981
1642432
1343029
1474082
1548946
1561948
1518468
1482892
1523306
1600549
1457745
1334555
1349692
1386128
1554645
1422119
1172394
1428944
1555430
1597561
1608128
1584511
1439135
1789673
1533616
1715663
1570106
1781046
1680556
1636257
1592045
1675281
1608306
1729298
1573347
1552330
1617958
1784445
1505186
1682516
1499679
1528705
1523524
1659732
1507944
1604101
1519694
1674873
1455733
1611818
1522378
3868387
3491681
2152229
1033949
1728777
1685432
1601958
1626847
1587698
1567315
1637087
1594697
1699467
1600219
1763193
1690668
1700992
1565331
1725723
