803683
750484
831650
1004869
1121609
1136085
1092599
1225189
788673
865828
1084593
1341171
1207412
1298144
1216843
1309203
1351274
1359912
1114420
1395698
1125174
1075501
1229572
1407862
1070268
1200492
1266037
1250426
1233262
1073707
1011808
1358171
1059754
1336684
1245712
1305862
1210894
1411734
1101262
1331640
1081508
1358835
1094527
1430361
1192213
1401312
1199532
1449790
1234247
1363080
1173229
1499474
1154761
1461691
1247800
1435119
1151862
1362426
1318865
1473739
1089231
1065681
1124096
1257349
1178982
1485001
1152375
1492957
1300349
1393285
1224693
1497638
1166792
1514046
1256358
1558897
1268797
1502929
1092488
1231632
1109855
1324135
1129202
1509728
1250531
1491815
1142551
1522820
1231907
1339008
1235313
1474615
1248627
1260911
1199546
1393109
1123926
1411261
1284207
1377433
1224473
1474712
1221776
1445424
1216735
1406402
1158469
1358779
1268389
1454078
1234911
1382443
1194315
1480495
1237598
1370611
1263579
1513328
1327549
1435161
1178029
1454976
1271451
1359305
1218702
1347074
1169632
1477223
1281926
1561833
1258981
1258862
1158942
1552701
1199121
1295545
1079785
1529589
1260862
1495404
1249650
1352372
1164812
1446162
1196545
1537432
1243219
1458098
1237784
1496802
1240243
1422374
1298875
1370479
1282219
1546303
1108343
1446014
1220322
1503493
1195332
1434097
1208977
1472260
1208058
1500629
1097516
1365389
1268029
1435255
1258033
1438415
1280166
1484200
1247871
1523753
1183444
1454122
1183028
1305911
1175551
1136674
978875
1193316
1031259
1386557
1139359
1495953
1166108
1425468
1284251
1391965
1196129
1350189
1106164
1500314
1161738
1348050
1277001
1294976
1056115
1201986
1213206
3532899
2658463
1739863
1022184
1201724
935533
1412182
1083395
1313227
1118165
1512414
1253240
1504157
1113192
1461120
1253682
1504515
1209165
1338141
1207994
1354771
1187562
1484452
1159043
1449540
1203236
1306354
1136904
1237814
1118219
1299829
1153896
1374143
1212715
1306176
1236370
1478161
1221750
1342869
1151167
1313116
1203797
1484189
1121657
1493256
1265436
1473192
1228698
1389180
1277213
1413209
1245119
1481736
1115881
1440619
1184251
1371009
1154147
1386679
1290078
1467093
1215551
1456612
1100000
1482787
1159907
1504986
1279777
1423637
1209600
1516266
1220018
1509420
1175720
1421850
1285896
1273402
1156709
1183701
1082977
1353342
1108456
1396341
942541
1323899
1091698
1309762
1166686
1470406
1111680
1492007
1285575
1473951
1149165
1424056
1204369
1516639
