2233235
1285824
1148876
1432540
1609446
1537499
1261164
1724351
1224551
1774929
1148460
1706747
1529948
1686245
1408168
1260042
1280751
1414034
1193369
1617043
1455432
1578567
1648718
1611194
1241816
1474868
1270641
1754233
1690393
1770108
1458854
1733197
1404882
1769484
1444079
1697500
1568102
1750702
1530476
1671971
1338982
1467680
1321643
1669030
1461039
1632005
1450390
1560569
1275016
1375474
1469525
1644395
1501447
1721537
1474267
1574643
1429940
4165693
3224571
1435099
1259489
1791647
1475374
1705045
1206113
1543472
1542688
1731886
1536058
1714384
1406465
1821780
1437204
1785305
1423181
1677874
1486949
1746590
1602110
1702439
1340880
1680763
1374116
1552926
1532503
1656280
1507588
1557673
1279753
1476027
1406853
1517067
1263317
1644539
1766906
1634624
1476857
1571899
1184262
1542504
1446065
1625178
1553208
1191428
1656719
1630592
1487955
1704924
1506407
1800721
1327250
1694950
1242372
1763824
1346421
1634994
1535517
1681672
1599972
1695032
1287139
1742714
1309232
1768440
1440485
1480536
1470453
1641448
1570496
1722509
1308141
1488686
1791251
1664259
1496861
1598088
1536377
1692076
1499769
1719706
1569501
1682932
1670759
1448119
1520935
1531982
1551526
1716750
1298954
1445139
1144803
1698275
1546502
1688100
1583409
1672050
1513814
1556948
1575065
1679490
1518269
1739325
1576402
1711681
1519593
1522324
1520116
1729345
1554685
1711170
1559529
1596945
1694192
1729690
1534205
1682375
1676262
1576125
1687710
1742021
1630657
1760124
1586965
1714015
1533390
1597483
1537951
1781481
1581174
1822575
1448108
1636590
1576499
1645245
1711974
1626116
1790637
1642644
1303038
1797172
1717500
1785817
1670622
1754506
1710400
1821211
1666579
1815106
1740450
1887500
1670403
1823983
1610249
1971029
1535478
1784612
1677082
1856589
1793047
1860675
1684452
1806258
1663400
1909644
1799805
1622652
1609342
1960576
1465320
1734109
1524019
1669703
1613630
1464466
1337685
1723663
1600407
1749194
1578570
1655075
1738526
1754580
1454239
1751451
1641693
1740553
1704200
1685324
1479172
1865828
1488452
1969625
1920651
1832868
1673873
1771046
1659830
1909801
1522181
1858241
1824506
1856944
1488817
1871299
1497582
1836900
1556931
1856459
1765737
1799294
1648880
1898085
1442957
1846976
1659990
1826451
1455349
1584324
1588000
1892781
1393375
1850050
1239981
1818491
1763050
1687197
1530903
1659042
1528435
1876361
1529765
1807480
1555090
1709754
1519287
1654333
1517235
1622124
1601810
1885551
