1885956
1803787
1400680
1748263
8137058
6197337
1566349
1392040
1266355
1423032
1486521
1819786
1715709
1646026
1289605
1581945
1680657
1594458
1501868
1677584
1502765
1742195
1366035
1730529
1532004
1704204
1576105
1703528
1627503
1706122
1752726
1756109
1418111
1757981
1632439
1763998
1574319
1452588
1288196
1514656
1688971
1591399
1368632
1709961
1614458
1611671
1489924
1721930
1657108
1777646
1416960
1441132
1518450
1728254
1659606
1567852
1540839
1669724
1516611
1661385
1562649
1707248
1626311
1748255
1587735
1729014
1665411
1647895
1682210
1722652
1616476
1724942
1570971
1865099
1777295
1722963
1701895
1772689
1763529
1760125
1744434
1845746
1522036
1775403
1601711
1772471
1654380
1742921
1697119
1778308
1644241
1645386
1666398
1791585
1649329
1906131
1794132
1816097
1766809
1617636
1713317
1919866
1527230
1817603
1761234
1871275
1734422
1839191
1837187
1805263
1847855
1937533
1880713
1803686
1822880
1809232
1496228
1668610
1747531
1850083
1863147
1834165
1774032
1859219
1810152
1871973
1707907
1818122
1773718
1827570
1703680
1851346
1708558
1835398
1796933
1849021
1566685
1569707
1748000
1814312
1664950
1626735
1378891
1878998
1861669
1920530
1907269
1923077
2052939
5001172
3805128
1870533
1746082
1878731
1844617
1917756
1758828
1910187
1953580
1909020
1742210
1848513
1905919
1982049
1839139
1875238
1702311
1757802
1884071
1862527
1786178
1960078
1820072
1908785
1636680
1804302
1867008
1956913
1885449
1864936
1746021
1231525
1642050
1870182
1633176
1920890
1513850
1722321
1691149
1800365
1884229
1888399
1403757
1711623
1666886
1856517
1900014
1730616
1660941
1784748
1631280
1945260
1660106
1849263
1703350
1826198
1631930
1618403
1431467
1827188
1625624
1845399
1572597
1818775
1238004
1821962
1826929
1808301
1803013
1800967
1888479
1944806
1716149
1948623
1705342
1924494
1778073
1857578
1848038
1972050
1782213
1873235
1723124
1888027
1785974
1897273
1526154
1908547
1720195
1910089
1709967
1776627
1483400
1929169
1830543
1911813
1800077
1948420
1798492
1863703
1650361
1841403
1799752
1957278
1799962
1893916
1817819
1724038
1689515
1910615
1590704
1973279
1886649
1877733
1731532
1858638
1768887
1844138
1845802
1859258
1821067
1762831
1803341
1925724
1722981
1863417
1731614
1893762
1834293
1847499
1780018
1780722
1771822
1903288
1841596
1938008
1689460
1838167
1745627
1875990
1692702
1937053
1669171
1846929
1787225
1865852
1824654
1810823
1673443
1974528
