6560567
4621614
3519170
1537452
1758134
1800201
1949277
1886167
1975666
1818698
2057718
1987755
1975873
1687135
1869289
2063384
2187855
2055223
2221045
2461685
1479533
1883928
2375279
2174146
1899835
2467203
2257972
2367382
1931929
1986715
2358438
2096474
2207483
1845312
2116149
2506768
2322893
2007528
2072341
2463037
2177224
1811612
1963033
2154909
2099316
1887354
2175763
1761238
2387151
1876773
2190275
2298509
2284634
1790771
1863613
2031345
2161315
1744985
2332335
1980461
1845832
1906797
2066679
1937603
2164000
1966001
1993376
2048917
2197031
2083123
2358944
1988286
2361098
2361587
2296134
2126798
2160275
2235642
2374034
2155954
2349543
2111175
1975483
2055734
2276445
2174490
2339140
2140884
2412153
2390511
2463230
2261261
2479293
2197205
2118816
2454180
2030634
2408193
2247004
2180747
2148339
2104715
2089917
2187159
2090864
1963827
2055123
2062713
2381084
1961045
2183644
2089969
2249847
2086769
1882078
2077509
2069424
2154159
2368749
2253974
2322189
2067488
2341265
2281643
2132995
2394696
2424272
2253687
2337473
1962284
2220945
2235393
2160688
1927979
2432313
2247025
1858831
1996923
2054202
2345217
2145945
2182434
2250521
2119776
2109640
2204400
2147706
2383944
2113527
2243648
2150310
2193741
2071425
2071359
2148895
3476827
5860595
4091550
3506585
1857547
2339402
2274568
2393613
2372708
2316246
2364648
2384973
2536147
2370803
2411162
2489762
2407475
2430756
2413939
2403428
2250299
2093874
1942260
1915071
2054655
2241435
2399234
4627554
2666097
1223013
1873798
2006040
1828975
1979131
2072463
2071843
1972497
1991735
2005855
1927536
2062230
2119993
2026929
1981059
2092100
2079075
2135936
1835243
1917352
2138492
2039880
2160495
2037146
2012477
2136152
2124195
2085053
2114309
1976326
2154182
2081666
2082252
2092954
2046017
2105507
2091397
2145069
2073464
1980836
2059541
2145716
2095918
2046886
2190459
2095339
2024379
2083572
2134554
1959668
2029143
1598102
2071521
2100049
1967308
2075144
2081657
2148998
2031449
2003162
2085664
2179584
2126219
2050546
2030329
2118322
2124154
2115042
2051686
1978160
2145115
2019956
2109315
2124550
2047362
2025781
2049648
1654542
1759869
2069668
1956171
1984070
1993586
2022934
2015243
2070210
1997931
1897278
1808097
1754200
1872788
2038696
2094661
2053580
1905412
2005955
1916819
2080472
2068346
2099585
2151982
2070603
2063108
2037253
1802309
2176579
2077860
2184933
2252388
2130575
2068767
2108390
2070476
2222482
1947734
1974389
