721442
632043
1181522
1080972
1356603
1149445
1321970
1046451
1236267
1075460
1141702
893140
1453202
1062649
1417290
1187190
1014321
648859
1254499
1275845
1271669
1398651
1393935
1171015
1317480
1007975
1426649
1257850
1373001
1391000
1310291
1327966
1252201
1285116
1432311
1432939
1359491
1336700
1432476
1113143
1329668
1470294
1351936
1394633
1563433
1231304
1444489
1387961
1335907
1352357
1366104
1112016
1481213
1362270
1362066
1304060
1201558
1422694
1525855
1146047
1228737
755862
1368619
1082598
1482764
1402590
1580113
1038314
1114315
951846
1462442
1323371
1355943
1099561
1264253
1073821
1395752
1160744
1373270
674471
1408529
1156779
1446019
1327046
1423896
1032030
1313697
1043498
1107020
614017
1364240
779120
1380641
534684
1029714
663010
1182327
863837
1301555
1359161
1198274
765822
1432684
632045
1437665
1119460
1314053
869054
1214970
844251
1187506
677243
1302214
641683
1221919
962991
1378870
920690
1230359
705143
1431696
813216
1450514
1003536
1333867
875547
1385191
844730
1406817
710358
1451995
1140235
1447730
916705
1343890
1029151
1330641
1162507
1432066
956090
1405723
851816
1281936
829036
1496316
906331
1281855
796800
1345352
658515
1354336
925431
1469886
661689
1023241
1175347
1407150
1121034
1307650
1126242
1413006
982065
1373710
881804
1374699
908811
1410643
1197630
1471009
1043714
1397545
1166400
1290864
1116778
1339385
709534
1452023
1116523
1351449
1159565
1359370
1087066
1274730
1010175
1149211
697520
1196874
1010419
1147448
934463
1346440
1082470
1335682
968701
1295954
1035515
1307829
989631
1381525
914916
1433348
951570
1383208
632431
1307578
1110496
1155920
1096143
1292676
676282
1410620
830416
1372430
807694
1306501
864355
1422255
900515
1346663
798560
1460680
946909
1270020
892690
1307751
730736
1203311
1140846
1452271
793109
1409437
851030
1269990
964129
1282913
736110
4199966
2271179
1073494
782380
1342520
979186
1331570
1083990
1181853
830007
1342688
976026
1192821
789165
1265157
869975
1440542
704858
1325957
848808
1414009
926785
1319924
657321
1376041
912369
1377338
1091319
1206061
868441
1370144
844423
1247015
677350
1351736
853820
1418103
760075
1408461
925227
1378671
715743
1412460
977980
1408834
1185601
1462616
863651
1268521
689370
1100994
641439
1063137
684229
1314214
860689
1328030
739051
1451490
1052566
1486220
780064
1246946
833967
