9129088
8705674
6725784
4699206
2759462
1711156
2303272
1966054
1691622
2001914
1830191
2223893
1748418
2164081
1893013
1905084
2070921
2045016
2019599
1961988
2104332
2187766
2211812
1997433
2106595
2225187
2208447
2200025
2204793
2290724
2280447
2297162
2223065
2348202
2168328
2172041
2255220
1965980
2065230
2032017
2067174
2289276
2279603
2145842
2121481
2452639
2214438
2036131
1841985
2216476
1941306
2186212
2270237
2202983
2333602
2211322
2235819
2219776
1975813
2083456
1946061
2233418
2197541
2289773
2273447
2261530
2155711
2236350
2119395
2281513
2239536
2228738
2171059
2099244
2198622
2339554
2046916
2367577
2519662
2197220
2446811
2536415
2532163
2502680
2470824
2221902
2583341
2235710
2530614
2212917
2500984
2281319
2404653
2480720
2639610
2557671
2375248
2417725
2496065
2365682
2484529
2600217
2584722
2111495
2364528
2033928
2517510
2296763
2524749
2372208
2637996
2614308
2427760
2295962
2411435
2292867
2514917
2318438
2504826
2544634
2600057
2516590
2373393
2489104
2212252
2381317
2506230
2399818
2599114
2534034
2580737
2474364
2569270
2514676
2517967
2502019
2497686
2482714
2354648
2251786
2446093
2360224
2434225
2373277
2482386
2258463
2451713
2463679
2504691
2434951
2611523
2596075
2613941
2541516
2573150
2577439
2643165
2428104
2607661
2412188
2466656
2450498
2594167
2413812
2391246
2539142
2615765
2391782
2600155
2341677
2631446
2503964
2303479
2461937
2398339
2387149
2106453
2008970
2401358
2440147
2660562
2512454
2710592
2169676
2438411
2296823
2621718
2518546
2641459
2351628
2563121
2403329
2391260
2156429
2201339
2104473
5325729
4854158
2887871
1261112
2223270
2197747
1985993
1990309
1969911
1788131
2026964
1987823
2165100
2139772
2089245
2166435
2331227
2081860
5867129
5308274
3371916
1433357
2608850
2224871
2619553
2348588
2423644
2512156
2390443
2537644
2649217
2411464
2667796
2346604
2478309
2390399
2508461
2463105
5042184
1745463
1540013
2406036
2019774
2003041
2032564
1968502
1986956
1915941
1992215
2137345
1931836
2266474
2016704
2031057
2057156
2159502
2175933
2106919
2222448
2381671
2088842
2471387
2052364
2487792
2277753
2192734
2010781
1724860
1983046
2394145
2213340
2082493
1971779
1971308
2070835
2360860
1963103
2158620
2027985
2160127
2073714
2241104
2069573
2319432
2004938
2040529
2156507
2106943
2185978
2059640
2177721
2348337
1988434
2239342
1895565
2178463
1703398
1936488
1928759
1682851
1977037
2025794
1988687
2227672
