1089989
1185716
1031014
1529678
1188424
1448276
1321242
1079297
1310796
1258401
1197465
1204833
1348165
1371853
1430097
1479754
1530315
1363425
1378126
1521384
1438180
1558336
1406672
1615264
1569256
1586467
1456562
1258781
1347827
1469837
1625166
1493752
1539841
1498640
1411964
1464527
1334907
1364783
1267287
962956
1387858
1564447
1473601
1310848
1349245
1491147
1346282
1357661
1456566
1425365
1457807
1616834
1372003
1548407
1476842
1470609
1575242
1417542
1467780
1534135
1377857
1526749
1405022
1584187
1522533
1545321
1500751
1523080
1460570
1515127
1459994
1564539
1534259
1575743
1511627
1613818
1427186
1455017
1410692
1516391
1508603
1476177
1450182
1546784
1453691
1531542
1436382
1206084
1461679
1435142
1454189
1551023
1379726
1506928
1431513
1481250
1450028
1509160
1456512
1491273
1450784
1602254
1368009
1543915
1493167
1518437
1569789
1478369
1537763
1548330
1484486
1602731
1113201
1579969
1477310
1527066
1501538
1420391
1416788
1489056
1391048
1468544
1321951
1474667
1548661
1535060
1401878
1393990
1401929
1490807
1443337
1406673
1352518
1446552
1317955
1364378
1381846
1408099
1301308
1318016
1444572
1497444
1440022
1460686
1381517
1483819
1497579
1384289
1444349
1370942
1371668
1497783
1432947
1446648
1366111
1429932
1354807
1443340
1526423
1416598
1400815
1476703
1290138
1488128
1319657
1402030
1444388
1376517
1443676
1455868
1378026
1229409
1463115
1522575
1491729
1539183
1427037
1489003
1422415
1539595
1397807
1485406
1343797
1511988
1501192
1535212
1456842
1487042
1451084
1503068
1509916
1601354
1454827
1588458
1470763
1506286
1387807
1531312
1466693
1507719
1516014
1552278
1356258
1603444
1448517
1520891
1464860
1421567
1544059
1386363
1419151
1382951
1297081
1539748
1480179
1797394
1372859
1557249
1453299
1502028
1476004
1416706
1741073
1659835
1534508
1619079
1466093
1623119
1508062
2459965
3735788
2466412
1000517
1815285
1868126
1716283
1788820
1746380
1648669
1826916
1621234
1728366
1664764
1659114
1662595
1298391
1763460
1683830
1697605
1734865
1712078
1749079
1660065
1752986
1506513
1739089
1685511
1744550
1797114
1724573
1547957
1711082
1502177
1699475
1533065
1757286
1703904
1781930
1520229
1330318
1573614
1767785
1684800
1694366
1713951
1707383
1524762
1651351
1636814
1700828
1667871
1774628
1662734
1606662
1826272
1721873
1719604
1727135
1794012
1737485
1748615
1684644
1750231
1826286
1491553
1814836
1681416
1709674
1728179
1759006
