784959
984293
571507
969988
739767
785938
658365
1213945
1149866
1295437
958551
1367785
10740206
9481288
8808437
6806956
4884672
5401275
3483883
3334515
1375315
1442367
1327990
1572392
1444599
1679558
1088316
1592828
1311516
1629978
7032410
5003883
3413636
1884062
1028265
1490578
1048818
1564005
951277
1697652
874132
1517240
1313437
1714935
1076212
1302213
1200613
1628836
1364599
1666822
1087585
1666386
1248989
1724793
1718242
1513614
1535816
1614849
1235101
1689566
1154775
1658282
1320945
1710508
1811783
1541401
1090609
1693534
1189214
1651713
1552606
1560827
1465689
1689972
980633
1736912
989017
1609718
1226288
1594755
1458004
1657831
1278309
1681089
1018873
1361350
1431384
1526281
1445356
1402625
1106478
1589657
838461
1656739
1001506
1496209
1694784
1617103
1414804
1729729
1019681
1695609
1566034
1775738
1706847
1470566
1709106
1645278
1039742
1689567
1534413
1667013
1512196
1784693
1784597
1600792
1222869
1515961
1006673
1736943
1115679
1672671
1528261
1557141
1045715
1233925
1049052
1669084
1474179
1691775
1143564
1736180
1230342
1660633
1214673
1645586
1155999
1736629
1053939
1649521
932805
1671172
1292126
1651479
1033989
1136316
1233936
1714086
1311730
1503484
866734
1290905
1183242
1131368
974314
1106518
1339656
1550435
1006199
1498025
1325145
1774763
1400455
1723256
1273505
1599040
1646142
1727627
1273896
1669120
1331093
1679283
1603978
1491492
1050975
1308566
1184661
2168988
1162576
1359489
934251
985598
927429
932525
832661
1209006
765742
1185193
594351
1116024
816381
757262
929492
1091423
850694
2165703
1522251
851365
836333
1196318
985836
1192058
1036291
1186926
1090376
1422355
1068587
1435881
1321773
1287754
1006257
1361030
1499424
1296309
1381176
1448254
1236116
1482588
1261093
1596328
1099080
1468754
1099989
1454361
1166369
1431597
1190499
1442657
1178264
1460508
996935
1402742
1345362
1433488
1334195
1362466
1284380
1302900
1210930
1319225
1371713
1368101
1147779
1237119
1278238
1242940
1381732
1451606
1139208
1254340
1354738
1434667
1297715
1452809
1285230
1375729
1476772
1442006
1265204
1240593
1240705
1469907
1415650
1380378
1392148
1392691
1416670
1421368
1296851
1479599
1353498
1383513
1324140
1394690
1429965
1464505
1266910
1411328
1398229
1424221
1463091
1290424
1389201
1450578
933506
1346978
1114773
1558391
1151165
1562066
1160055
1563172
1025582
1459362
1207043
1263682
1037253
1471641
1393539
1537661
