5164395
3210383
1389601
2223603
1692439
2237590
1929618
2252209
1974529
1967077
1915965
2359447
1892949
2186836
1923560
2204235
2063263
2307547
1946324
2025961
1855257
2406865
2190726
2387232
2169188
2332541
2056624
2347413
1950498
2348509
2226257
2380074
2020810
2204206
1894992
2100670
1941724
1968064
2011267
2324979
5159850
3618459
1748743
2100731
1626527
2252568
1918420
2074202
1931604
2062510
1914786
2175744
1884266
2255278
1957998
2137496
1855014
2112784
1821046
2017912
1893660
2186370
1927752
2174531
1870471
2179249
1813135
2113456
1978537
2142611
1953923
2139920
1836686
2265673
1786413
2123064
2027560
2171220
1785802
2039502
1958640
2157330
1784622
2114515
1908198
2115685
1896185
2081734
1902513
2078665
1880898
2108411
1914375
2111844
1909264
1985765
1849285
2061748
1803023
2077157
1928638
2083901
1864412
2193423
1980203
2058735
1830283
2253475
1795777
2100783
1946462
2033664
1958525
2092556
1824646
2118862
1819504
2082938
1952072
2108746
1907449
2035229
1846358
2086198
1807859
2080172
1939861
2135490
1863977
2076341
1759539
2033599
1807379
2047102
1881143
2031414
1690582
2070167
1905273
2081955
1961261
2052689
1951433
2071495
1811686
2051798
1725330
2036385
1888333
2014333
1928411
1937679
1820998
2038309
1883497
1942705
2030520
2088888
1960548
2117054
1909250
2100953
1859299
2139725
1905712
2047303
1945093
2033924
1901059
2133855
1934928
2140369
1916825
2158027
1882489
2133395
1904949
2083106
1934758
2152329
1968165
2138194
1962818
2126113
1866299
2136472
1929961
2137046
1933196
2132556
1825040
2220054
1928972
2117672
1964015
2129296
1907322
2116638
1929456
2141752
1958286
2156533
1936565
2084985
1903999
2140178
1908003
2120894
1842179
2026362
1822158
2119230
2016106
2162265
1873444
2111075
2027016
2135896
1908341
2123650
1969698
2136358
1874751
2099307
1922761
2105591
1955752
2099631
2048898
2141996
1862392
2025313
1888233
2105268
1970297
2061884
1956301
2119591
1957117
2109991
1950380
2085681
1894790
2121894
1973035
2129289
2009938
2121804
1927803
2136986
1783500
2094712
1937779
2116263
1893119
2091022
1952250
2056974
1907296
1986220
2018874
2068394
1897545
2071698
2020427
2108471
2053778
1974666
2005524
2225400
1903798
2194292
2145296
2077623
1833925
2288301
1847629
2064660
1905782
2253537
2067454
2263787
1826968
2341632
1882590
2231506
2025498
2202106
2091310
3859944
5676003
3336355
3271951
1846669
2074952
2323651
2137996
2304895
2127499
2286018
