3079343
1648390
1959226
1949781
1959433
1595693
1929788
1630634
2013827
1738679
2038174
1629332
2003016
1741720
2366851
2277623
2199748
2226750
1790337
2122792
2148698
2026464
2428836
1983899
2236122
2288047
2251081
2076540
2485127
1873063
2431914
1905991
2493721
2191396
2448976
2161882
2280020
2177888
2303988
1974039
2424421
2304394
2355515
2060395
2055781
2305253
2210623
2284809
2275868
2299913
2473520
2102737
2264985
2266789
2204739
2172123
2289934
2080895
2395989
2336649
2356546
2160201
2319247
2182058
2232453
2154732
2156442
2222462
2199476
2134728
2128086
2205592
2207838
2173127
1974488
2347814
2367166
2160503
2242643
2182609
2455926
2190856
2488429
2205737
2491506
2098161
2492368
2098877
2423766
2226102
2384591
2207903
2542691
2081461
2245982
2194536
2472146
2195957
2497567
2125905
2604683
2198206
2493206
2061835
2396731
2251017
2259621
2374096
2501141
2115891
2501021
2331279
2539941
2491237
2330534
2301330
2411013
2430389
2536291
2330530
2386658
2423875
2404119
2281933
2414140
2444840
2408371
2289447
2363394
2298259
2397355
2309739
2421909
2415736
2417296
2294794
2428747
2366292
2403549
2245212
2402849
2431036
2542474
2285363
2323358
2462100
2490432
2320618
2357925
2354478
2401449
2284219
2403449
2499956
2554021
2335599
2527003
2347680
2326874
2269918
2548367
2419756
2465785
2350170
2365885
2309219
2426376
2277354
2442465
2352335
2403876
2274278
2430615
2467662
2328738
2307822
2550593
2318760
2525435
2106676
2529584
2419116
2494133
2306791
2294279
2283329
2495677
2340495
2404134
2284863
2410684
2242550
2551928
2399555
2424369
2293523
2307391
2082027
2451556
1994360
2514989
2182433
2373427
2231736
2295603
2227861
2155190
1905184
1589417
1881031
2049912
1940488
1947298
2292703
3014170
5467334
3817252
2392671
1737202
2490380
2328556
2384968
2295337
2336694
2389442
2463604
2330124
2403314
2314558
2433682
2346310
2305213
2357645
2289049
2349495
2345586
2394938
2524887
2382044
2419716
2337615
2408735
2209462
2366115
2330133
2433696
2354257
2426433
2353878
2368031
2301467
2405265
2345904
2353352
2284488
2318713
2358676
2351128
2387278
2440579
2381829
2423185
2441042
2378275
2465285
2435010
2365208
2441101
2332209
2446779
2348158
2099147
2425911
2423046
2443069
2447116
2362779
2465567
2361299
2469873
2418095
2471600
2423230
2412025
2333458
2468776
2423235
2456110
2391936
2468247
2452945
2468700
2338558
2359864
2334853
2475561
2415881
2463336
2376754
2472514
