1408811
807527
1212456
947985
977100
1001508
1144171
995552
1250764
968406
1190384
1187603
1248725
1249029
1136064
1019703
1260660
1071302
1340563
1093457
1340183
1218719
1414056
1286828
1301181
1269713
1468773
1111819
1193433
1204986
962381
1291039
1340541
974257
1360440
988965
1366158
1160869
1255185
973025
4527942
2870255
703546
1008248
1298350
1145966
1357303
1142684
1248282
1329935
1262899
1123244
1358985
1215351
1408496
1242657
1101618
1325931
1106962
1229978
1320775
1162424
1243369
1071728
1272191
1250394
1186250
1251009
1308459
1266018
1164827
1077303
1378526
1252284
1368292
1192261
1262775
1199800
1405443
1176944
1414647
1194789
1419296
1171949
1310631
1099192
1251845
1206059
1375016
1188323
1512607
1209220
1376222
1107113
1398830
1200982
1349502
1229844
1441996
1248823
1331845
1184030
1422281
1266394
1382736
1273259
1362057
1213510
1237733
1292102
1425941
1171915
1361885
1195379
1460573
1169544
1426390
1182673
1491280
1197448
1439838
1172540
1341965
1264445
1480398
1241184
1087451
1116978
1248345
1139793
1303381
1027053
1284794
987832
1425148
1115305
1290805
1202810
1391199
1285591
1440906
1184352
1444896
1299380
1342640
1161086
1436797
1242864
1368579
1352874
1350709
1245919
1369656
1229948
1351134
1247680
1342674
1174062
1529729
1348874
1426893
1174359
1444392
1318739
1508883
1174968
1144313
1109707
1213408
1139138
1227078
1138866
1294061
994995
1294615
1131495
1424188
1262483
1412296
1275896
1227170
1235398
1403119
1093629
1487379
1290999
1439393
1290158
1337322
1233038
1573481
1149083
1493446
1283060
1523596
1251299
1418406
1115843
1252718
1165896
1346873
1163527
1368019
1196498
1449982
1125683
1500066
1239628
1511297
1275458
1440596
1202818
1522176
1130045
1446423
1257744
1486696
1272945
1385926
1196563
1322245
1280520
1496003
1265063
1352754
1186700
1442446
1278577
1530067
1265396
1361139
1194856
1475730
1222468
1462707
1144068
1426562
1147682
1420956
1226614
1499423
1161824
1485137
1174633
1518471
1288472
1476196
1210414
1075373
1168057
1265325
1135876
1478423
1095426
1293206
1183596
1507993
1266637
1417941
1222797
1480096
1239854
1478447
1256737
1460155
1287137
1492999
1160205
1307528
1192175
1294007
1074848
1445160
1233556
1549511
1140107
1375511
1213044
1309450
1062947
1131157
1401922
1483533
1187350
1479628
1301868
1438736
1306085
1208713
1182371
1429504
1106762
4284759
3400202
1919586
1286830
1431604
1421260
1542767
1307707
