2305099
1111236
1564095
1641849
1686959
1403924
1571225
1514058
1732084
1473750
1633812
1243290
1680986
1661683
1791772
1581505
1734998
1451921
1651849
1738260
1619064
1569760
1736746
1435252
1768687
1390894
1638470
1625912
1519882
1275749
1661165
1286545
1719880
1599180
1548291
1629982
1423808
1130560
1612170
1727546
1634950
1343997
1679906
1759447
1610003
1064468
1363828
1402779
1628339
1433203
1721579
1876205
1618696
1351098
1713393
1800119
1787668
1610926
1738526
1453985
1769115
1747037
1816684
1368954
1801398
1774586
1646012
1860157
1780419
1629112
1894035
1653162
1783508
1496874
1813898
1576866
1674546
1644150
1712629
1526323
1765590
1576903
1824213
1089745
1655390
1751568
1718469
1254226
4650005
2733951
1074246
1557636
1810088
1294037
1575074
1629912
1628436
1259066
1767466
1293654
1825325
1314129
1753921
1546221
1733276
1358293
1786841
1360084
1806838
1260682
1744951
1349797
1774498
1313484
1650985
1308124
1357804
1565915
1662966
1394081
1773144
1340156
1779811
1301244
1697587
1379669
1827662
1814326
1621317
1358108
1686790
1374019
1641877
1324911
1591336
1623121
1667355
1345459
1669087
1337799
1648378
1346652
1645516
1640976
1552644
1308586
1691697
1206731
1484664
1137329
1786659
1268816
1747651
1547199
1743476
1627672
1693427
1351897
1652891
1332309
1705386
1333187
1704204
1260742
1820311
1346623
1698069
1354791
1776133
1577464
1608446
1266986
1695777
1579418
1715860
1611315
1692772
1371010
1684382
1525785
1642780
1266767
1794946
1622684
1700046
1665456
1715566
1239112
1608646
1613085
1771197
1370175
1694541
1609513
1487025
1458015
1427264
1412957
1806367
1508514
1647626
1364788
1771152
1482250
1791291
1799903
1766811
1590700
1710103
1672725
1721125
1624323
1799934
1558186
1797075
1819553
1534691
1807683
1526081
1547007
1757921
1844508
1770102
1575165
1708777
1585308
1579718
1606329
1805975
1693690
1731910
1682449
1633590
1563336
1559913
1567230
1494676
1540634
1451225
1533307
1511684
1507111
1658777
1760963
1536303
1619711
1670322
1633610
1699457
1715926
1701861
1796031
1760940
1809808
1857348
1807447
1745405
1644060
1654462
1686226
1524518
1446503
1521620
1527036
1594958
1600535
1581236
1617814
1523094
1822828
1743845
1764933
1752886
1837913
1788242
1811501
1643502
1756962
1803887
1793681
1747975
1751570
1712645
1744567
1695398
1844677
1690597
1545251
1458084
1784398
1749327
1514964
1705586
1612764
1679136
1706051
1594330
1630351
1600059
1673187
