649415
479307
997125
810623
1041780
424266
1104945
614913
1185744
559646
1031637
562374
1280061
811183
1277459
635726
1256240
814953
1261744
1120795
1149636
802594
1140225
1218086
1326888
710382
937029
775139
1015932
584921
1376263
605195
1351308
661544
978997
576310
843879
752828
989662
464707
938071
853979
998830
861895
1138994
859103
895613
862350
1110552
928982
1120014
520333
1078607
650226
1086792
850966
1018708
820062
1102165
679650
1019476
705060
630209
540896
910725
778021
978508
595623
879976
617610
901296
514457
1012661
644990
1168334
692391
965269
862184
1101053
1019074
1157491
1043401
1102189
1019122
972177
1023992
1123987
1162991
1333430
1077141
1140868
1011030
1257030
1058892
1337538
870085
822437
837009
1005531
997814
1157638
781835
973124
835553
1063948
921819
1156321
1102625
1452563
765718
1274076
1069050
1188138
777205
1124226
1009312
1018187
1090275
1110092
1001602
1258298
722136
1225511
1109231
1152897
853305
1130149
1064521
1241500
985203
1154437
816227
1443218
870568
1249894
1156480
1238733
894095
1271466
1085542
1216300
944678
1172999
1348879
1417992
1026302
1222117
1074162
1189526
826812
1436799
1020380
1233325
1339043
1167807
1338634
1097377
1139726
1316724
1070396
1443576
1018895
1230566
1185171
1332511
754516
1153793
1032757
1464297
950233
1253500
972179
1234281
977940
1050722
1166595
1256177
957630
1400634
978661
1185010
1088754
1246060
1181211
1355367
984113
1188527
1033268
1405567
1064799
1471206
1078363
1429727
1063265
1446316
995388
1143060
1067642
1439208
945878
1449969
716730
1309541
1180595
1442907
942787
1157059
1071956
1236877
691768
1063824
889564
1232731
935253
1281497
857965
1210819
584011
1175881
971490
1185275
1047352
1080093
987843
1235844
932504
997622
944717
1300012
925336
1354138
914343
1108105
992986
1091994
1025185
1006579
933073
3017027
3364832
1861649
1191290
1388850
1095374
1445479
967188
1163498
1013453
1149388
1009937
1354984
1127241
1221829
1110458
1340330
1045210
1196711
920621
1248257
1138366
1314098
945830
1478511
1061000
1429303
1017661
1131055
1245209
1435356
1007618
1317768
1060600
1284000
889132
1259066
1055981
1239198
961033
1280694
1004263
1198481
999262
1386852
1090230
1435069
959984
1154815
1003127
1253250
824960
1311878
854316
1046644
1070039
1228204
942803
1240912
1099014
1266859
893462
