1587647
811131
1230290
545960
1232195
474588
1259075
678321
1335441
588164
1400104
652870
1225407
1029008
1332238
689796
1430171
866778
1396499
1325080
1503380
975268
1279098
955275
1579895
1212699
1564149
1567372
1653114
1437607
1499767
1218003
1623672
1254182
1377276
1339628
1401007
949317
1399145
982011
1240872
1096248
1407634
1237886
1591112
985148
1620229
1001615
1572497
1057619
1610926
1112703
1701757
1096204
1607470
1272624
1618577
1317931
1503918
977417
1703707
1223645
1712398
1219429
1698707
1225538
1676780
1159105
1699762
1244611
1676901
1127880
1466748
1185757
1654637
1314554
1744797
1388759
1694533
1196809
1730990
1308853
1701687
1135948
1707264
1585472
1691547
1452933
1750459
1328015
1778454
1085908
1881370
1579296
1786153
1562963
1655942
1078338
1742670
1129059
1771536
1296145
1771354
1446000
1569682
1276785
1743873
1371826
1576052
1332520
1350905
1281431
1916525
1491716
1764078
1464453
1604798
1365551
1739728
1284310
1645167
1563102
1446461
1630274
1611993
1464339
1670683
1451045
1777826
1309800
1615064
1444416
4536115
4170326
2239732
1390696
1646542
1537990
1601600
1373992
1809260
1551460
1920401
1475403
1753128
1664963
1768750
1746329
1602228
1483341
1885845
1673981
1728152
1744863
1719123
1714871
1777112
1590130
1807053
1464632
1867744
1788260
1802590
1656383
1868130
1638221
1920401
1691287
1762373
1656249
1865414
1607132
1560987
1467282
1865476
1300092
1873370
1636402
1788140
1849335
1925524
1485486
1870544
1339656
1883135
1642434
1729814
1653635
1750082
1535829
1888873
1380879
1795329
1528862
1901295
1574343
1730630
1804182
1803789
1731009
1757547
1798772
1858865
1622269
1908538
1646237
1692792
1321351
1878113
1704895
1705303
1675417
1623701
1760052
1803921
1416765
1893548
1715505
1869720
1554122
1787559
1674572
1656279
1732619
1793480
1678379
1816173
1584158
1720403
1524258
1867803
1547543
2067403
1695621
1806762
1645758
1943954
1605942
1756162
1415341
1643024
1645454
1823844
1572363
1716698
1381827
1715408
1394881
1552153
1334794
1851890
1705207
1613658
1548080
1841665
1659072
1811479
1562012
1912668
1658965
1795822
1587681
1792632
1614891
1896939
1631921
1889109
1635371
1698388
1518620
1959875
1591716
1615407
1739547
1906799
1716122
1769442
1725128
1887501
1706227
1797048
1511850
1862485
1588888
1784549
1586222
1801713
1429331
1883759
1719733
1463473
1483512
1681943
1599921
1796434
1389802
1665549
1580042
1636321
1412316
