5941216
3999444
2011305
1761636
2268539
1829417
2468277
1989024
2567414
1952610
2312015
2241942
2392610
2214284
2460245
2028157
2596905
2193024
2672916
2097764
2423205
2018974
2507690
2125119
2351121
2100623
2638780
2142940
2606164
2225418
2324077
2564181
2445871
2217520
2494395
2167008
2329510
2430235
2315988
2423869
2456493
2414210
2448610
2478990
2460545
2420470
2502315
2428060
2509605
2410389
2488921
2317936
2535103
2244434
2275764
2461899
2448416
2384974
2408903
2380850
2410034
2337564
2495090
2379899
2538262
2144221
2408284
2264434
2531259
1930054
2294194
2242774
2480284
2336619
2275124
2257894
2519504
2340857
2553411
2215194
2370919
2347595
2419910
2341277
2511115
2073937
2416200
2241940
2482090
2255512
2453086
2214308
2298050
2153732
2220610
2195198
2283093
2341430
2471709
2207013
2188940
2010102
2168174
1990624
2144564
1915287
2206364
2048638
2137254
2070130
2312310
2285924
6102160
4599467
3907413
1978853
2490730
2354164
2375043
2229431
2197160
2205719
2351449
2110289
2329424
2083083
2156737
2339677
2150376
2360884
2357756
1995563
2424449
2178695
2296510
2040312
2485089
1966444
2475173
2155033
2064004
2351114
2357481
2253544
2151865
2106894
2278044
2349764
2321938
2128329
2034174
2376295
2275898
2023062
2508484
2041463
2521695
2264426
2350734
2251369
2291345
2095630
1986432
2354009
2372370
2237121
2141075
2387692
2313800
2235853
2195557
2164509
2186357
2350245
2300068
2053131
2274047
2220040
2021747
2277044
2227010
2306977
2330428
2170076
2259667
2272974
2369958
2063629
2470605
2250823
2253498
2387994
2319114
2140091
2176796
2302037
2343434
2168149
2239127
2419775
2318944
2251869
2330165
2063065
2445848
2243202
2350429
2278689
2214874
2120109
2089083
2375780
2265190
2003634
2481551
2240613
2292841
2121776
2253072
2316822
2338009
2128552
2257954
2164589
2251125
2004838
2376560
2128595
1685825
2230649
2219083
2408906
2428920
2147387
1997684
2123769
2573218
2165993
2389486
2392938
2383378
2172803
2539603
2232765
2293834
2122554
2565498
2369539
2373450
2159928
2414775
2250724
2170338
2015042
2517010
2309784
2426542
2184988
2239116
2415440
2380958
2313662
2247044
2321948
2372519
2354434
2398853
2379554
2354393
2167003
2270420
2200884
2259224
2197822
2334761
2359827
2412005
2208080
2255579
2411989
2270085
2374754
2381713
2175479
2314495
2306092
2355481
2134214
2546144
2156078
2322076
2209221
2236513
2400630
2246968
2184684
1981447
2367424
4632656
1243068
