1334292
1275166
760626
1193849
1069089
1222066
661539
1171052
706243
1143886
1233812
1213998
805305
1162387
992852
1395816
925145
1156686
1283103
1173100
947620
976484
1140857
1322110
811945
1230663
1227973
1349052
1003309
1401258
1271588
1458358
1007494
1236836
1295589
1338376
1065068
1374980
1182932
1098958
1254372
1396248
941158
1539855
1439940
1322585
1493887
1383134
952482
1400693
1131921
1458384
1429843
1428249
1032688
1459284
1422741
1252965
1070410
1421102
1428801
1366748
1073432
1523190
1336336
1447201
1084204
1453254
1285462
1440222
1071446
1334052
1519709
1331272
1187589
1497629
1173224
1588050
1457958
1232981
1380353
1484194
1218128
1288772
1135704
1452261
1095123
1407249
1444426
1582580
1195343
1500767
927418
1494515
1429706
1441458
1461992
1325667
1115825
1588125
1397862
1649967
1299136
1533036
1421738
1583664
1479147
1500885
1401784
1524909
1563679
1572007
1170469
1587840
1023368
1335652
1008817
1372292
898739
1435947
985873
1403648
1047683
1398911
1481948
1311151
1116871
1260578
1136751
1576664
1255239
1361407
1260237
1542683
1584351
1339312
1514239
1572104
1446297
1660278
1507349
4398920
3256105
3656131
1737829
1633007
1729342
1509101
1373045
1017438
899939
1236485
1294956
1475436
1263974
1436370
1334184
1650327
1354202
1564665
1320609
1547003
1435172
1633688
1171695
1602557
1355229
1796743
1503431
1755833
1499988
1745627
1291154
1778559
1172134
1734331
1319365
1807589
1178280
1735768
1315600
1644692
1324014
1588781
1027993
1489750
1248545
1647203
1125819
1480773
1285388
1720964
1233573
1408783
1139618
1385252
1402044
1454293
1017786
1411311
1739932
1643435
1322458
1703812
1464926
1724065
1392385
1751129
1374565
1708726
1624868
1693014
1542259
1538225
1556026
1697140
1448593
1565710
1277594
1630851
1455457
1814469
1589005
1756070
1735413
1589588
1632563
1763028
1616247
1890116
1691970
1574540
1409087
1674594
1757223
1542698
1666795
1597837
1608140
1855335
1634508
1756500
1462580
1599591
1584203
1623715
1668386
1588893
1215547
1366741
1364310
1483825
1556106
1576207
1334349
1802047
1703095
1743046
1632398
1624521
1632507
1805075
1611765
1571304
1663442
1779831
1457829
1749644
1382936
1685032
1330514
1660729
1410251
1607597
1326543
1781020
1310691
1849392
1500548
1721058
1604953
1746126
1655628
1646905
1658049
1757993
1717755
1633616
1555719
1785061
1660565
1900038
1645829
1496680
1662184
1792120
1505274
1573893
1247934
1687446
