2221326
1475010
1225981
1155440
1476039
1070974
1504246
1397388
1412256
1400693
1375022
1458427
1459129
1393505
1437756
1627812
1597507
1657931
1541667
1460592
1514645
1260711
1404945
1599358
1659429
1555502
1481805
1521201
1554199
1364552
1523142
1447354
1637903
1559633
1632238
1371050
1621998
1549059
1582469
1423577
1607663
1426718
1384804
1222428
1396538
1446798
1686099
1469143
1601200
1565097
1595313
1343107
1513289
1343277
1492950
1405385
1606206
1490607
1608280
1560973
1548541
1380694
1579331
1568300
1592910
1529905
1654902
1549125
1520712
1395561
1555606
1377883
1541323
1483365
1499621
1402704
1354758
1318446
1638059
1707204
1314323
1442551
1598251
1499721
1597726
1613700
1505480
1453854
1703854
1625998
1562117
1555620
1369093
1367023
1363990
1660248
1327810
1506280
1645138
1791986
1614487
1377058
1496721
1666005
1640871
1774381
1644440
1792045
1717013
1821360
1687618
1581017
1637978
1680238
1677436
1810931
1642703
1603809
1670459
1847702
1714647
1679087
1679573
1819655
1740292
1793293
1661098
1800299
1689390
1805729
1794724
1650053
1725208
1624833
1849440
1933294
1694296
1843255
1919046
1808531
1690070
1723614
1365879
1567052
1599678
1910584
1847526
1819219
1722201
1787399
1893063
1628096
1559565
1551089
1684169
1849476
1755296
1780929
1869460
1869866
1777162
1715388
1662908
5297783
3299113
1978423
1630934
1669483
1874410
1935430
1712864
1655243
1462204
1798621
1667963
1762398
1766242
1614033
1717720
1733390
1788815
1668231
1623831
1721498
1766474
1737499
1607628
1598089
1671715
1475092
1718770
1536691
1643208
1561031
1736774
1595269
1670451
1694996
1724872
1652078
1656933
1509927
1749793
1579971
1615707
1639161
1753367
1559421
1768248
1720576
1826201
1627082
1595205
1522546
1713688
1734195
1734204
1729464
1832215
1736889
1686623
1545312
1632282
1714364
1619439
1583796
1519961
1617933
1790607
1743123
1743386
1549095
1743920
1686130
1771721
1701943
1658487
1676994
1725524
1692061
1704248
1507158
1717587
1574591
1765348
1676123
1632389
1574867
1699863
1695480
1710635
1534737
1662279
1676380
1717258
1620184
1702387
1690939
1740951
1691758
1747940
1587482
1608571
1669833
1655146
1680767
1711528
1589537
1764825
1698554
1610486
1358419
1365419
1422369
1659581
1472866
1661742
1677764
1746124
1688555
1660636
1508975
1634169
1589966
1661733
1679466
1601045
1575775
1718684
1581467
1713857
1516601
1657227
1679190
1765149
1690015
1679342
1681831
1707848
1656033
