2835743
1365659
1669197
1677173
1697352
1692061
1702412
1691542
1462290
1696184
1767812
1549472
1778067
1726127
1751628
1466630
1756535
1507686
1765006
1408317
1582349
1529939
1529262
1501623
1560798
1324212
1651762
1391259
1561027
1691238
1760235
1588645
1761320
1334952
1864880
1460651
1593982
1657117
1685852
1393083
1445932
1344703
1586106
1712274
1769854
1703710
1749893
1659837
1766006
1558760
1749417
1491253
1767898
1416024
1868729
1675771
1746974
1506219
1495980
1458372
1764584
1503902
1732924
1539475
1721831
1572361
1724639
1434608
1853949
1545259
1775524
1476011
1677942
1687624
1766589
1629368
1760776
1700788
1747228
1560120
1719018
1659250
1752375
1613177
1756886
1573396
1584462
1502498
1567547
1414891
1553729
1455037
1760467
1617354
1761269
1526287
1713389
1555007
1815521
1481804
1776493
1489099
1398753
1157420
1562463
1314723
1688193
1243712
1597307
1239865
1594756
1538807
1720008
1301590
1733084
1483177
1728685
1429568
1814938
1423413
1502389
1526050
1725849
1507105
1734133
1557775
1729452
1751805
1644496
1557475
1730759
1498755
1730164
1565190
1742278
1629807
1713909
1565916
1724075
1496266
1717409
1632593
1728452
1625734
1708384
1510541
1731932
1427425
1643857
1497806
1724824
1628037
1735570
1521768
1727541
1430215
1820440
1572833
1679326
1630055
1718333
1508296
1719008
1491434
1701789
1548456
1716589
1658903
1716454
1447000
1787485
1360788
1692532
1457944
1607986
1736536
1721309
1629866
1729545
1505209
1730550
1637117
1739464
1513308
1735793
1516450
1730195
1523760
1736673
1539712
1619923
1537527
1736673
1511960
1738728
1416536
1817986
1608279
1734207
1637433
1723911
1589278
1721314
1319265
1726987
1476068
1710821
1582270
1718903
1498939
1745999
1503922
1619870
1550819
1616839
1592047
1591771
1547790
1616457
1492998
1605237
1508206
1597692
1580610
1615207
1616076
1588776
1439105
1290673
1224334
1528074
1463744
1514512
1422378
1446016
1457664
1621256
1476017
1505640
1484009
1452150
1470822
1551253
2078534
4828881
3162764
1200965
1638915
1609603
1600697
1606336
1537817
1621313
1493067
1606823
1590579
1538041
1410355
1774559
1531658
1568421
1512112
1517142
1551633
1441029
1565650
1719020
1619830
1703478
1560261
1703913
1665697
1708744
1725119
1759615
1515371
1691912
1669014
1693269
1614326
1729836
1604145
1718087
1608150
1561421
1671112
1698693
1688620
1763404
1740162
1731920
1428449
1690801
1701754
1766345
1655013
1778309
1737308
1703818
1619318
