1594336
1462178
1046637
1457173
1149640
1739425
1031487
1448612
850513
1657003
1271624
1682311
1288328
1765270
1321973
1725572
1263792
1542643
1387464
1718484
1587508
1650959
1290463
1735924
1578840
1738524
1684325
1513030
1393570
1694197
1325136
1653966
1255940
1356560
1174682
1682797
1384449
1547328
1301715
4502496
2626668
1141838
972806
1761734
1437657
1841220
1395149
1591630
1558291
1563195
1177811
1414376
1020460
1457651
1096357
1673722
1669443
1694168
1675067
1777622
1587802
1678329
1516769
1675873
1677371
1691863
1636375
1643874
1642446
1721921
1611089
1685155
1657190
1739008
1656239
1650519
1612771
1675936
1721756
1681795
1529025
1642239
1718078
1806387
1537170
1735467
1690079
1715687
1577341
1370220
1324266
1752414
1673164
1750343
1639907
1755814
1614593
1855312
1473004
1741554
1689614
1809749
1739318
1677604
1659193
1798138
1815049
1734504
1723578
1791923
1698316
1857828
1811722
1645547
1399761
1778909
1738238
1703157
1573003
1810285
1668998
1859489
1656168
1778709
1585378
1851359
1701907
1730423
1536353
1744425
1148312
1806398
1306945
1839589
1119352
1861879
1371343
1476315
1283537
1714157
1357154
1759269
1318388
1776449
1630820
1748498
1560252
1694997
1015272
1834139
1533769
1637516
1496271
1661333
1787498
1625107
1579735
1674011
1745778
1846339
2057445
1550282
1357324
1611168
1764265
1655553
1533076
1764004
1644883
1709301
1479775
1814279
1573441
1833362
1547822
1749224
1542736
1769342
1513282
1824985
1454016
1664501
1155107
1726024
1643661
1853469
1503741
1778254
1460431
1646593
1690553
1814665
1671907
1762370
1539005
1771038
1609683
1852262
1159854
1678042
1572327
1740080
1724243
1566540
1662233
1763798
1706207
1769331
1654546
1847529
1792128
1872868
1544436
1714234
1647760
1859304
1592635
1713744
1723668
1758005
1644243
1807374
1632172
1771268
1527516
2008011
1575206
1682572
1582296
1819434
1589705
1786374
1185238
1686109
1687903
1764415
1452329
1776349
1682693
1762163
1724143
1807672
1591167
1801860
1648893
1802465
1481665
1832264
1148748
1896806
1555606
1701870
1188511
1751103
1686691
1739149
1618286
1773132
1631718
1775392
1483759
1801768
1762034
1916825
1621422
1756979
1733174
1719317
1289478
1592351
1669881
1671410
1729844
1783054
1612132
1719330
1612207
1693114
1544084
1644261
1441971
1721677
1559140
1493295
1260306
1663721
1307215
1603675
1241508
4762922
3201500
1364174
1259516
1450605
1361217
1477960
1501675
1539856
1371077
1570343
