2631055
1674875
1234834
1529102
1461385
1427723
1420907
1412008
1710143
1764237
1240146
1801013
1736441
1814642
1784074
1787957
1694295
1818677
1714740
1794696
1813531
1892472
1822025
1931983
1772516
1952002
1817153
1487525
1714280
1695391
1639956
1895135
1739559
1844741
1485139
1608709
1671644
1801569
1800514
1758457
1720977
1845093
1804781
1847442
1659262
1693671
1799690
1847736
1674727
1773080
1659217
1855997
1881568
1912937
1882549
1888555
1822491
1939466
1868290
1861218
1795381
1773008
1753924
1769118
1726497
1756370
1672978
1796347
1793515
1843887
1773183
1833190
1730364
1809936
1692985
1723415
1739556
1600918
1559350
1888742
1832029
1822473
1682036
1862085
1790116
1841221
1722086
1837797
1735224
1877537
1784687
1864611
1885047
1816262
1726262
1832109
1786818
1860382
1815232
1880848
1780160
1857502
1790696
1819947
1609577
1774796
1689741
1773283
1820532
1800422
1793634
1833325
1689140
1782467
1686885
1766649
1654823
1788054
1792374
1672222
1538850
1598955
1634664
1860695
1760880
1611036
1585777
1532643
1591660
1673459
1712229
1803236
1658669
1622438
1541911
1859623
1697617
1739079
1627567
1684423
1644995
1730419
1682885
1795824
1730601
1797508
1719064
1856222
1735363
1813954
1623931
1737781
1550828
1770260
1584617
1855643
1662532
1810685
1707005
1750826
1616318
1804511
1640796
1808546
1578266
1697752
1609728
1800314
1791257
1794423
1629849
1819085
1612950
1858002
1669599
1783078
1681645
1579042
1229134
1930623
1757194
1919574
1736246
1849680
1702334
1789986
2500492
5021880
3235350
1102091
1876502
1920890
1829605
1835094
1719953
1968273
1743481
1876661
1740880
1855275
1780687
1958147
1774034
1958600
1730317
1830202
1552674
1868511
1745484
1862033
1659122
1919794
1736122
1933883
1776444
1783778
1823890
1867421
1844246
1854334
1737734
1929180
1788050
1964257
1737502
1916553
1850086
1860915
1768246
1879712
1887233
1890188
1503638
1930935
1738793
1888241
1880490
1931538
1603532
1878597
1709896
1869041
1783334
1767385
1832727
1882262
1834553
1906135
1808636
1936616
1820091
1929222
1925553
1920912
1735523
1898132
1715333
1884313
1792512
1891712
1914577
1879195
1667359
1941013
1798816
1841811
1789395
1882906
1869512
1888697
1871714
1900212
1560012
1949863
1827477
1934989
1891056
1810290
1876255
1886945
1815661
1899024
1796057
1936012
1789328
1860897
1820482
1874552
1710582
1890562
1877392
1867172
1632469
1762520
1717695
1802556
1620110
1863792
1820021
1834675
