1590160
1550935
1587780
4658316
3894028
2269592
1162421
1636280
1458935
1749827
1651706
1814834
1740864
1823799
1803082
1804356
1623819
1739651
1735862
1793207
1710028
1859712
1714260
1822340
1798757
1596101
1747111
1724744
1593935
1746391
1396898
1536785
1654747
1566950
1526479
1565070
1547455
1221849
1748673
1967821
1589989
3951645
1994569
1154469
1439834
1470730
1453184
1590469
1386604
1546211
1535787
1472215
1448125
1509339
1431763
1557192
1544080
1511075
1487898
1505651
1478292
1599879
1644401
1645503
1597119
1613711
1507280
1674450
1406614
1626188
1351198
1485794
1319079
1755643
1666096
1634159
1649295
1729094
1625907
1808711
1707487
1772295
1686362
1630889
1501070
1814024
1656096
1780647
1688093
1816190
1630866
1797529
1674805
1794121
1680376
1754171
1659258
1781807
1776268
1743759
1732166
1691591
1622545
1784737
1584226
1787254
1652797
1800002
1710411
1574405
1510158
1701055
1662092
1791143
1731041
1782697
1674162
1849858
1629915
1803830
1601029
1912273
1837098
1907985
1795924
1853341
1716337
1927416
1825394
1823992
1709050
1596195
1756283
1794672
1710931
1814101
1849671
1755413
1722448
1888128
1811408
1896025
1731223
1929509
1839288
1885355
1859344
1859984
1883102
1807288
1708237
1948210
1836938
1941414
1812999
1882108
1512560
1928668
1734441
1937608
1886915
1882402
1797052
1923384
1825057
1936275
1764568
1934893
1840374
1939978
1844035
1910009
1834791
1926278
1713873
1900248
1864438
1887616
1822412
1864608
1637597
1536845
1707927
1815336
1793062
1727939
1763641
1830822
1771230
1818607
1746808
1903445
1844863
1910769
1815213
1889447
1707853
1891720
1749729
1827069
1879667
1844132
1849014
1953490
1755004
1939828
1739997
1902515
1837491
1890281
1808842
1886472
1737556
1929885
1821162
1893772
1788644
1898115
1851932
1889692
1757091
1946406
1801807
1937613
1813537
1952579
1833164
1925719
1723017
1893516
1666227
1710289
1844088
1906139
1878393
1817188
1758573
1932185
1754367
1931555
1727736
1725487
1606850
1696840
1619423
1700646
1584656
1688441
1664943
1599739
1518495
1863995
1732367
5238706
2987725
1412149
1949010
1789161
1834043
1888817
1835345
1938694
1810272
1615100
1738053
1783397
1585035
1756260
1629458
1785044
1627789
1640396
1629943
1813812
1842803
1855184
1818921
1891348
1849164
1809866
1924723
1611592
1840179
1953055
1836793
1952953
1790987
1687381
1841485
1806892
1867231
1815408
1838097
1935314
1837472
1812146
1880712
1761311
1877114
1825261
