6480574
4494145
2502903
2311789
1743453
2333134
1837566
2411841
1817858
2362360
1794550
2338671
1952579
2345158
2179889
2113799
2419022
2203550
1766326
2391470
2032192
2383572
1959127
2405104
1939023
2449898
2112785
2490733
2172401
2418339
1986283
2521446
2180130
2605790
2042315
2379317
2256287
2188995
2098878
2430777
2079925
2586033
2353169
2424093
2301237
2178009
2203927
2427768
1915475
2505230
2168935
2471344
2299731
2456758
2081549
2345382
2275811
2553444
2141525
2403495
2173740
2624774
2230700
2547866
2104086
2425493
2012930
2099128
1925645
2463254
2162876
2426060
2214130
2582914
2109129
2300827
2389890
2417729
2339470
2476899
2331327
2540393
2357917
2442349
2339173
2446955
4651673
4789453
2797599
2210535
2622214
2443385
2423622
2586634
2411718
2572050
2393489
2472401
2401075
2547022
2364416
2529059
2240059
2399270
2334638
2531567
2385231
2491503
2206376
2564193
2338687
2407982
2365445
2565256
2260652
2605284
2313928
2535434
2306427
2587259
2350112
2549872
2257239
2596555
2247523
2539453
2264730
2563566
2413198
2568408
2322183
2608908
2407359
2565224
2223483
2603877
2366839
2533900
2264716
2584025
2275737
2557267
2171811
2721868
2385564
2527976
2252513
2543225
2387544
2521656
2167206
2578323
2371104
2514240
2176673
2490040
2235026
2498885
2178818
2436955
2207886
2446069
2268830
2530433
2267759
2401132
2151484
2402454
2258343
2474586
2316997
2312198
2198790
2160405
2128328
2189393
1821867
2143711
1899519
2180303
1661018
2211290
2002492
2091912
1871758
2210744
1865944
2117271
1970531
2143846
1900872
2203625
2216973
2321137
2112184
2205453
2065577
2331876
2209729
2345081
2224466
2341743
2032799
2242719
2098499
2329136
2466413
2509066
2179831
2396278
2297077
2459223
2152322
2381268
2301752
2531954
2128659
2153692
2388329
2465485
2178957
2163266
2223772
2452362
2225157
2507769
2149265
2360608
2106661
2281022
2374298
2398904
2055488
2286420
2125738
2408115
2477279
2454839
2202814
2297812
2132775
2299270
2227991
2474022
2104439
2299897
2143530
2512114
2053108
2325297
2221950
2389564
2179492
2543859
2502258
2465068
2378142
2523218
2327044
2446123
2187879
2310717
2148068
2542919
2237473
2513519
2300450
2400418
2315560
2491028
2320636
2539595
2305466
2591271
2344099
2581001
2270703
2622967
2442838
2466692
2209896
2449733
2206376
2431803
2200076
2369998
2044383
2316943
2318988
2559354
2244317
2335450
2560985
2552470
2167200
2496241
2492080
2496747
2259214
2499917
