1935453
1006274
1346281
1587224
1466550
1413419
1333440
1902283
977728
1615478
1339126
1625625
1484996
1666941
1352363
1686563
1374715
1657157
1356075
1702489
1537467
1754657
1427944
1700681
1292286
1605258
1347684
1373751
1226224
1375680
1181954
1346664
1328121
1641788
1411825
1809661
1315398
1668682
1412738
1634650
1421441
1731402
1479283
1556115
1413335
1652612
1448255
1742521
1711271
1792057
1328177
1493300
1349744
1728423
1734785
1829229
1596143
1740284
1374955
1798018
1413011
1731067
1414447
1819806
1510471
1754177
1468976
1709291
1532217
1736382
1414786
1726337
1641105
1811369
1451352
1505321
1167601
1793704
1733182
1785076
1212651
1425718
1224865
1864291
1664043
1595873
1360706
1769157
1539150
1758607
1566161
1615482
1539407
1703554
1529255
1573292
1382291
1769215
1520768
1759627
1610397
1593125
1590494
1808982
1537586
1644035
1369938
1728641
1634551
1630771
1766886
1879037
1776460
1814381
1699411
1780251
1651327
1879942
1792940
1746036
1855231
1810127
1759336
1804076
1494604
1758344
1487145
1406591
1754495
1745165
1205252
1644071
1572421
1796202
1798085
1835867
1745187
1757661
1693342
1862956
1595021
1810416
1317115
1426301
1665237
1527062
1365095
1791811
1631574
1881926
1672895
1704016
1714945
1826296
1652232
1796325
1401468
1743424
1428243
1548020
1443070
1715958
1554921
1742442
1497749
1728812
1513754
1824551
1615645
1782646
1776412
1803616
1836549
1709818
1460807
1701101
1631020
1599698
1676466
1706052
1511592
1674876
1284366
1659343
1430165
1750041
1591056
1755054
1494421
1720345
1317489
1904141
1472959
1845157
1429524
1594046
1795232
1756166
1310024
1881384
1352254
1799351
1638854
1815946
1763872
1825957
1573440
1816469
1352657
1854457
1460633
1859152
1577483
1689323
1620001
1798639
1589397
5480737
3246819
1817098
1365430
1948952
1716401
1764519
1534865
1895049
1817801
1762964
1551126
1733352
1613942
1785641
1676737
1870267
1830314
1865432
1809020
1720840
1688880
1870471
1762983
1818275
1694304
1817804
1586466
1882702
1682141
1788998
1803195
1875887
1780557
1853022
1854337
1882246
1856880
1890396
1821266
1925988
1804954
1893217
1679791
1829076
1896460
1947802
1714167
1777861
1861734
1857778
1578481
1906081
1761088
1810077
1824205
1828248
1358182
1731471
1789343
1830200
1693963
1741017
1606364
1879411
1662519
1809027
1517948
1730233
1787722
1638833
1690385
1749794
1685409
1815839
1637858
1714191
1495333
1826391
1663739
1879329
1704864
1808782
