1070651
712277
1236109
712407
863627
1187024
1194391
1188997
1068416
1228409
1257006
1262070
1364624
1244742
1338404
1349986
1173009
1328552
1125673
1064889
913207
917349
1269188
1066546
1228391
1163302
947400
910152
846375
1146093
1323703
1150274
1345933
1093816
1115686
1232506
1434090
1266479
1316479
1085590
962344
529908
829018
902289
935678
1130602
1127447
1142539
1082952
1364665
1150629
985309
996145
1138085
1236024
1098015
1369204
1350437
1319008
1154696
1174071
1332284
1376644
1301060
1269557
1359595
1259987
1056219
1216265
1063335
1337471
1445012
1360035
1333337
1275640
1398396
1171982
1320654
1332699
1274543
1471743
1330928
1173029
1418346
1221512
1002088
1265586
1102344
1233141
1325112
1377235
1078693
918211
1074723
1301370
1234628
1185447
1346482
1189030
1111918
1399490
1359798
1421539
1449166
1414768
1272390
1359982
1420526
1500068
1192721
1408434
1363880
1406794
1160856
1414625
1254508
982072
1175971
1413241
1318285
1378181
1525361
1432350
1231462
1377963
1400108
1419006
1393091
1450533
1204467
1342378
1344245
1336938
1458946
1001621
1027958
1171305
974538
991630
903156
1140809
1031822
1186107
987281
752113
1042011
1141648
1227263
1318631
1202222
1320365
1275012
1407091
1405708
1136806
1242756
1179150
1177841
1331405
1342409
1297529
1132011
1245332
1243423
1379835
1327101
1176689
1342079
1309125
1361332
1272586
1230053
1387475
1404211
1364379
1446597
1393386
1184167
1334600
1374956
1380014
1247741
1171778
1415890
1442125
1462806
1416852
1466101
1481024
1430304
1543137
1544772
1397569
1437257
1455487
1358617
1445186
1422020
1478067
1230105
1389331
1407604
1413744
1414823
1442966
1021066
1470715
1372928
1445732
1317102
1470526
1382881
1438037
1180237
1378925
1315963
1470830
1296124
1413115
1321418
1346525
1274713
1296699
814863
1402144
1190626
1282011
969846
1304314
1275237
1265326
1001180
1202631
1227326
3129484
3590230
2164652
482995
1420682
1026991
1358126
938989
1381733
819046
1342989
1212771
1286672
1136053
1400844
949227
1318790
1424680
1336082
1333911
1377196
1419408
1366969
1110237
1386914
1308163
1324842
1112276
1397774
1237607
1348230
681257
1399549
1211602
1387884
1210507
1394599
1048928
1418446
1047895
1386021
1208208
1411149
1009331
1481880
1164780
1486609
1091510
1334178
1256669
1400259
1258250
1440426
1171450
1387546
1218887
1364992
1176897
1438390
964288
1379345
1172857
1421900
843997
1456497
1305668
