1671402
1006209
1471360
1312731
1327311
1257186
1359260
1160599
1477772
1184954
1571554
1333122
1408953
1078131
1408170
1199217
1423459
1284694
1495123
1414323
1340678
1581843
1520004
1353472
1557866
1475375
1462597
1647084
1565228
1457998
1678572
1501727
1498798
1641733
1550579
1627687
1517555
1394246
1379054
1328761
1571530
1403418
1611008
1459939
1356492
1341046
1392672
1227740
1455702
1309941
1515066
1447165
1791327
1438643
1734330
1550152
1475150
1765836
1512686
1735907
1618382
1689918
1620991
1227717
1706514
1568141
1518253
1549605
1549404
1760735
1550991
1750434
1612802
1552637
1760311
1681265
1594302
1575306
1719468
1580733
1618858
1655848
1562711
1561968
1500228
1620694
1351796
1521562
1241412
1241464
1470315
1465102
1468402
1366617
1367275
1807977
1599333
1744202
1631595
1690656
1688243
1532098
1700377
1548152
1661569
1681029
1550063
1676504
1554657
1829375
1553412
1737759
1549975
1578786
1747318
1585090
1596962
1436622
1541892
1392298
1578106
1609328
1703983
1656922
1597455
1810952
1519612
1598778
1235082
1470126
1682364
1756828
1839813
1641169
1605449
1328428
1318566
1380709
1367152
1486078
1454164
1348109
1474943
1362179
1498544
1485702
1298288
1668009
1469898
1394589
1090277
1172208
1528341
1528684
1391110
1528162
1738660
1374044
1680828
1325944
1685466
1528121
1439853
1661172
1539685
1575941
1624442
1191882
1172786
1726029
1686033
1434762
1650642
1645338
1566680
1634051
1481221
1623153
1598922
1333083
1845177
1377166
1742657
1681345
1315676
1702603
1331957
1457787
1632446
1399804
1785894
1514462
1762602
1302542
1576129
1238282
1564645
1396916
1657502
1733064
1527244
1730532
2000769
1707500
1856424
1663278
1633905
4923666
4026082
2365976
1641417
1862998
1818193
1704242
1814916
1737396
1610844
1662808
1867193
1699023
1852140
1837127
1879562
1783699
1883648
1864174
1837752
1805809
1843779
1851389
1809629
1689635
1939523
1831063
1779142
1760646
1886170
1816169
1825830
1687536
1850187
1788849
1907463
1799497
1879893
1677018
1836342
1450086
1895088
1750084
1731133
1837192
1825648
1786309
1776333
1776322
1875159
1764686
1834194
1775092
1814445
1857117
1797331
1737978
1812587
1400818
1688965
1750501
1694922
1704003
1971619
1806339
1897018
1801818
1748900
1819314
1885721
1806297
1778757
1628588
1783441
1814370
1770343
1775346
1798472
1851076
1886585
1770118
1854669
1747659
1835098
1765524
1856738
1779226
1850622
1694370
1578368
1434064
1447172
1397102
