1081382
648880
1112333
544590
1157299
544748
1142359
813379
856424
488298
1029505
468778
1007618
572165
1097340
836779
1127275
517375
1149202
857691
1123582
935812
1098869
695863
1080840
620088
1224839
876327
1226032
1082544
1252314
858366
855050
771071
1091874
779548
1017963
628689
849224
574174
897347
583459
1078484
525270
1118852
680930
1286492
565663
1089403
683236
1026678
955217
1213171
756964
995058
968678
1268784
831945
1203315
869135
1106865
629500
1052809
781861
1359067
919128
1250557
874686
1249414
883050
1316304
991166
1237800
951271
1242592
867899
1191563
980055
1277223
1106131
1231564
781161
1244418
904723
1177018
909676
1174215
761746
1229377
708482
1265376
1150882
1123455
841584
1299882
694838
1309900
816748
1194738
680762
932730
857056
1222998
866313
1240878
593433
1094801
728389
1331968
999044
1302777
1018337
1358040
867157
1353884
946470
1013334
737321
1158674
673595
1121859
705195
1045005
733758
1117602
573159
1069379
711069
921028
674345
928906
646304
1146461
699509
711159
487935
690136
1870065
1294850
645920
1065908
756045
1025280
662410
1115541
702726
1197957
700365
1278235
919119
1232639
982208
1270505
749927
1246214
959500
1366701
877650
1400161
940061
1358375
750240
1345845
804691
1298265
969018
1414442
1081886
1359570
821688
1365812
935271
1144564
740702
1007399
856689
1186710
767719
1242014
708586
1332231
865255
1342991
820878
946100
844212
1241439
767339
1296820
789647
1300759
818742
1276318
801156
1287663
800916
1373490
877467
1239177
752663
1139316
905759
1390411
781946
1272236
831083
1303520
907081
1226023
972487
1299529
918315
1282080
771757
1138349
822318
1235511
772796
1444222
746561
1376434
1074011
1408412
738670
1214038
785808
1434166
755994
1178376
1001593
1307393
831913
1398481
777721
971436
765741
1213621
949501
1433243
835644
1170282
795804
1296837
778667
986641
814639
1279889
855422
1116478
717874
1204790
849285
1035271
799054
997404
806657
1126706
694229
1233327
863235
1300220
1208521
1422631
775519
1351414
871293
1100769
868666
1224570
1226111
1273132
861280
1165592
778287
1095098
1037033
1106780
1114639
1298515
679909
1383092
774321
1333014
905180
1135501
1013097
1259309
819197
1379661
887083
1181361
803162
1175618
944137
1258066
1155946
1343896
807192
1271765
1042303
