1928282
918503
1013980
1650509
1360137
1717922
1361687
1097432
1526856
1664707
1639883
1619549
1308829
1618489
1677890
1678100
1429560
1673106
1711141
1713256
1688758
1628464
1675190
1739377
1464942
1887051
1402636
1587676
1394100
1693390
1673704
1243444
1491692
1729926
1399354
1773925
1372540
1647667
1633927
1653223
1624787
1446338
1840297
1517642
1408186
1759708
1707090
1722817
1557505
1649807
1615836
1437317
1732311
1752065
1719005
1731925
1477115
1657444
1671003
1675477
1718530
1382491
1672744
1784184
1591393
1657534
1567605
1643394
1794235
1501451
1698034
1664227
1536488
1664639
1640911
1504720
1477311
1660795
1585832
1510715
1425977
1402853
1609662
1377399
1369490
1764020
1618780
1691750
1299529
1637029
1671542
1320199
1271424
1649457
1608187
1323055
1209612
1639099
1723778
1581478
1331140
1652293
1607943
1323363
1253854
1293882
1660897
1759445
1611333
1311914
1398920
1562534
1303800
1556288
1595475
1599146
1488328
1592069
1371607
1685173
1562650
1270019
1222243
1672475
1373034
1499321
1491448
1342759
1431406
1666644
1484591
1628949
1385810
4525428
3178961
1571823
1547158
1711971
1487071
1904812
1722994
1713548
1431410
1729205
1703840
1836148
1710965
1800570
1703392
1790511
1703661
1810572
1703247
1836483
1646087
1802386
1623590
1831873
1649403
1793486
1654048
1752942
1703215
1791784
1635300
1758565
1690790
1807922
1699698
1828886
1540803
1753419
1518439
1797538
1578240
1624550
1765588
1675634
1225591
1537318
1515151
1827927
1580262
1676424
1849187
1576957
1447135
1651917
1465347
1666534
1538919
1654366
1634980
1597920
1504764
1672769
1458193
1685459
1536508
1663326
1500318
1659785
1485763
1649400
1454607
1664990
1549713
1659303
1483951
1660491
1497711
1644503
1457921
1661847
1530983
1662944
1506453
1506742
1447936
2924974
994280
1729544
1715149
1701181
1258835
1354839
1605962
1745875
1336798
1657040
1718795
1778838
1476689
1695020
1614783
1761005
1496805
1726602
1785105
1709945
1623293
1754209
1676920
1795750
1496260
1646958
1805466
1699180
1724764
1773929
1671684
1850877
1514513
1728224
1703096
1743285
1727709
1739403
1470275
1811541
1743048
1869474
1632474
1769694
1764566
1822062
1669578
1796137
1476376
1736535
1777250
1783530
1818779
1841980
1848136
1877546
1740745
1930217
1763968
1965281
1852318
1933477
1863583
1810225
1677220
1858797
1849316
1758008
1835066
1784176
1591858
1694630
1794726
1703350
1703942
1824662
1542582
1791065
1655807
1809396
