3423388
1467290
2044690
1328644
1785381
1177822
1925728
1203441
1873745
1289255
1736481
1128499
1750733
1118254
1136186
1097285
1826204
1427546
2005209
1579867
1928887
1266603
1812637
1816022
2186935
1658219
2380297
1621249
2043342
1901994
2197361
1692523
2212758
1975561
2354138
1591849
2304931
2161775
2209236
1803327
2396141
1761816
2360769
1739341
2294120
1952065
2228200
2049890
2398526
2132196
2352384
1950266
2464638
2305687
2513061
1914924
2508791
2333167
2425138
2095780
2248492
2328095
2325234
2118364
2407500
2271022
2233894
2048230
2418140
2347837
2584900
2042003
2446368
2332474
2433934
1963648
2393820
2436139
2576988
2156600
2431554
2367090
2537741
1991586
2187584
2401117
2465562
1900846
2273058
1964043
2456211
2389419
2371021
2407000
2423006
2055640
2288901
1985742
2573052
2522585
2505440
1934249
2512178
2289800
2481227
1924959
2535172
2461535
2371070
2505291
2341465
2386261
2520348
2036121
2331708
2361284
2367895
2361798
2397677
2354625
2133008
1769941
2625028
1872428
2445018
2259338
2403760
2511400
2243225
2108699
2434702
2387514
2516610
2344221
2293401
2068563
2248564
2226683
5828532
4818933
3010062
2501720
2816845
2487331
2594572
2561761
2569701
2421568
2583527
2447999
2592082
2469117
2600178
2460044
2525267
2169981
2581728
2421286
2538171
2398605
2557906
2311804
2601865
1955807
2585906
2480020
2571428
2393025
2624372
2476360
2420600
2394593
2598115
2395315
2639198
2334716
2611762
2460878
2737232
2433375
2637273
2490325
2558844
2490459
2533905
2466291
2441749
2557619
2493801
2390473
2669241
2487644
2503805
2451599
2293505
2516716
2610685
2485896
2550035
2304498
2604758
2490045
2451400
2443505
2588376
2242305
2591903
2405321
2558135
2479845
2408608
2216164
2637551
2518257
2400468
2382672
2420702
2491337
2508198
2292767
2577551
2108919
2621165
2309374
2517909
2365804
2389458
2325912
2495409
2070071
2507519
2056774
2334882
2204188
1931022
2225954
2468372
2167089
2174028
2099100
2527260
2037948
2278169
2033964
2256225
1817018
2160644
2242430
2244618
2023591
2130817
1969480
2189932
2298534
2473116
2233614
2538335
2243704
2294441
2243199
2504540
2058818
2346517
2184464
2332215
2013560
2372054
2433233
2426639
2173894
2490245
2322637
2574921
2173979
2570601
2255025
2479379
2027403
2492777
2367775
2435420
2318631
2634213
2415825
2655010
2334394
2545716
2496899
2484259
2435509
2523508
2339879
2608704
2274657
2387787
2462036
2409822
2269187
2410700
2423163
