1854562
1837818
1763976
2085292
1619889
1671677
1660431
1762446
1671232
1577354
1673408
1716165
1688418
1832215
1841756
1865592
1795353
1858497
1744939
1867685
1703880
1913580
1652716
1908427
1789733
1876760
1749179
1867300
1841690
1800045
1886187
1832860
1789185
1855386
1753696
1861663
1845349
1861410
1839961
1783902
1875483
1868303
1623847
1915566
1826732
1851507
1842930
1857469
1886260
1816289
1753725
1900126
1845326
1879116
1679111
1858276
1893919
1914831
1755009
1787056
1850600
1874765
1674338
1859406
1841291
1867984
1754925
1908226
1836930
1785994
2018486
1888441
1651948
1971691
1757439
1909695
1802009
1896276
1702779
1855704
1710818
1857526
1749846
1901680
1807033
1865660
1891327
1919140
1943050
1825005
1768412
1752037
1757419
1729569
1684744
1729941
1764918
1732909
1674744
1667935
1778289
1721768
1711789
1720295
1706288
1716910
1694609
1899840
1901930
1685603
1842396
1856163
1795359
1852930
1719755
1850841
1841810
1772119
1704447
1662380
1878199
4017132
3754770
2204142
1650809
1974174
1918571
1926455
1881227
1929765
1918726
1941367
1744212
1880084
1948551
1925438
1849956
1929679
1886714
1914548
1800995
1880818
1840350
1913665
1804659
1910004
1790651
1902011
1759208
1853486
1920359
1923325
1847712
1915900
1728596
1900496
1760352
1899446
1927578
1816602
1840529
1962800
1735603
1839869
1819849
1905393
1885700
1889947
1841370
1691335
1919249
1956757
1695774
1911519
1823166
1858408
1849380
1834964
1971505
1882364
1867680
1942974
1904651
1957256
1951412
1933704
1908171
1932377
1831154
1919184
1958107
1936185
1892194
1909729
1907611
1939916
1829360
1927721
1909449
1736932
1869346
1941321
1901242
1933642
1772990
1928496
1862460
1928325
1865556
1893626
1909518
1934880
1790639
1906641
1842704
1948891
1859700
1944145
1903675
1913779
1778899
1944984
1842160
1854806
1899592
1936371
1868436
1938051
1747862
1691789
1748096
1797050
1761830
1800782
1687002
1931621
1813189
1642968
1854486
1803286
1787886
1847789
1761603
1845778
1671668
1852336
1685535
1953611
1787389
1889960
1796630
1941371
1787535
1938515
1820060
1940241
1901017
1936317
1885085
1831040
1845440
1896482
1869941
1942631
1876421
1938161
1855670
1932054
1776986
1834485
1850530
1933241
1847575
1930221
1779875
1939954
1786929
1934760
1854586
1829226
1926841
1947557
1849200
1939521
1783863
1936641
1857798
1928581
1914595
1730875
1839380
1940141
1839057
1929981
1873907
1930737
1774009
1930537
1907556
1840127
