5602190
3698814
1958329
1356476
1748725
1140645
2221040
1386131
1876384
1535770
1850276
1305844
2137899
1577553
1781059
1450884
1900032
1616935
1626526
1627616
1631049
1499078
5607438
3584757
2239236
1284342
1721735
1609920
1631616
1766982
1413344
1803311
1847913
1776425
1739990
1742058
1718316
1688460
1741998
1743106
1804178
1797693
1778142
1816809
1692901
1711070
1759689
1755342
1773870
1853121
1831319
1914681
1770326
1571616
1772436
1743600
1766345
1778592
1868705
1716688
1761916
1707875
1759773
1709764
1744049
1831276
1957252
1768141
1773315
1703359
1753888
1736167
1777615
1666638
1716365
1871177
1809022
1717839
1681685
1829645
1767311
1900602
1912986
1719139
1834408
1969772
2008478
1764404
1825742
1784740
1807093
1681926
1801172
1748034
1824007
1674942
1828566
1756819
1825496
1669475
1792899
1767969
1807083
1795866
1812677
1687370
2055128
2022589
2006700
1976303
1941162
1917920
1861263
1816697
1853938
1845160
1845210
1803175
1875882
1841406
2005822
1925046
1987338
1873311
2005939
1877633
1902424
1988577
1998450
1910741
1825137
1982991
2003912
1900534
2004099
1980047
2002384
1906128
2002810
1969003
1903731
1890545
2012309
1966916
1995645
1845717
2004555
1961199
1990158
1885237
1926424
1983389
1990499
1879667
2020176
1899587
2015489
1844816
2011084
1926406
1952824
1987408
2035687
1956952
1994219
1809022
2019879
1827568
2019474
1787236
1919481
1785967
2014046
1813699
2016408
1871992
2033848
1851347
2030882
1875081
1931703
1895054
1860952
1884962
2026620
1849447
2036815
1958557
2018114
1927738
2028976
1810456
2025925
1800256
1960263
1820985
2030726
1895841
1979759
1814074
1899909
1913966
2039535
1876786
2023898
1899988
2025655
1872427
2028061
1905799
1911761
1865547
2016999
1910536
2020706
1828398
2018244
1758658
1985015
1901840
2013193
1853217
2028135
1871731
2019014
1835257
2008619
1841686
1949714
1837566
1936070
1853665
2027331
1691211
1993978
1821570
1949862
1770389
1990914
1941302
1943359
1821117
1993690
1865339
2015859
1816636
2023785
1782747
1986295
1892132
1824192
1873859
1861341
1905767
1996943
1943915
1998019
1956228
1966068
1891188
1975499
1762422
1946182
1865919
2170442
1866380
2112660
1822541
1912125
1905768
1904085
2553488
4912635
2960768
2201939
2012483
2234734
2103557
2085089
2038820
2096241
2183202
2288679
2175761
2185658
2023467
2279922
1759398
2309584
2082316
2296283
2153319
2291725
2082471
2285996
1887578
2308742
2154441
2293510
1969742
