1064117
706694
825909
752051
528207
883626
757930
1255249
691106
1255927
687756
1313198
540226
1240481
928657
1263376
856699
1298672
736895
1270164
632063
1281385
884631
1426877
731195
1374219
707868
1037367
762195
1242637
643694
1301458
709000
1370122
646160
1249921
610308
4871948
3008962
1768013
413090
1126727
647155
1381175
788542
1270343
716592
1263824
735866
1218633
823191
1377319
744300
1205049
614329
1354471
1114828
1114040
1340786
1394906
1095487
1397420
834152
1401373
1232152
1389920
931360
1374887
1042946
1351033
1094213
1440379
828166
1427795
1286705
1498730
855974
1361612
965140
1426413
938013
1180424
840975
1393944
719562
1422889
1181848
1342124
1262727
1448956
950915
1415848
955080
1348413
1177637
1458659
840695
1312831
959463
1412503
1040168
1442385
821672
1466143
959913
1415123
1178748
1402354
1017938
1421337
1259143
1357220
766144
1456844
831519
1433299
982760
1266677
1261132
1387861
1037841
1443666
964600
1376796
982945
1494168
989733
1298687
1175628
1356980
819011
1427563
823734
1376473
842159
1417539
761817
1418925
773072
1387390
799131
1404027
1216798
1455657
932984
1397997
826755
1413170
761522
1438833
761016
1233216
824513
1394247
711417
1187685
1098308
1375921
989727
1054364
952405
1432660
916590
1338841
689731
1442839
761817
1310473
811350
1425719
721715
1282456
621293
1379250
718209
1228540
773259
1326166
699770
1349535
689994
1336906
898963
1435337
763275
1339344
898252
1504089
781260
1187538
644814
1292009
701374
1296385
718644
1314905
604869
1204762
556083
827668
521066
1298554
792871
1417007
796628
1368966
735004
1229247
701771
1302402
653556
1241934
822236
1338967
739085
1277863
779891
1251678
754950
1296518
823455
1271938
749569
1337715
732047
1441145
848722
1355861
824256
1288785
772181
1358916
905961
1447458
972177
1435480
761494
1430449
747259
1318176
897136
1460560
962791
1374095
779860
1437530
890879
1409222
912739
1367044
817176
1266032
842202
1386174
680798
1355219
885293
1400723
793948
1379680
859283
1398394
747385
1251428
754531
1338529
781852
1245340
792850
1249832
766186
1430853
875649
1403889
742495
1288743
797167
1322089
743955
1324745
1011472
1223587
865287
1388030
813820
1330154
793071
1353555
1174219
4150214
2450324
645956
907486
1287046
842356
867415
511795
1329332
759836
1335175
