5797467
3830873
3893130
1931867
1658678
2214656
1758111
1969180
2043289
1996680
2200498
2233459
1847676
2291377
2081428
2393656
1662570
2259911
1847801
2341031
1836695
2356065
1911023
2304075
1899159
2326817
2133890
2068414
1885964
2115925
1818351
2180469
1909656
2023113
1901271
4459235
4412612
2714799
1495963
2161280
2146768
2158954
2089617
2125054
2131526
2185768
2027029
2193636
2031387
2220264
2138104
2221831
2214360
2046069
1776925
2143013
2081073
1922009
1769132
2277131
1812985
2048505
1765379
1946440
1839899
2146099
2131937
2105546
1947327
2514639
1978973
2553246
1922024
2346848
2048113
2558389
2017309
2686979
2361703
2548889
2186870
2548378
2156324
2573093
2167268
2499200
2258088
2458736
2241560
2735714
2361904
2514863
2300793
2740962
2384716
2529963
2182131
2669048
2034793
2651503
2175615
2616143
2194780
2714824
2198203
2664653
5319711
5014463
4244243
2312191
2059828
2215875
2373825
2152384
2236970
2299415
2166859
2305288
2135947
2244840
2361907
2475217
1830260
2600249
2477746
2380335
2535986
2547980
2453373
2450833
2231829
2577593
2500890
2267068
2450831
2397083
2437074
2373615
2420482
2247095
2061909
2033585
2349495
2350762
2308069
2209684
2310636
2239314
2451150
2381313
2213608
2000662
2133757
2266592
2262781
2366587
2264006
2439538
2136811
2431145
1775712
2173234
2196167
2200374
2265711
2185850
2251782
2400683
2112798
2395811
2072830
2561183
2248044
2187235
2183571
2370809
2293839
2326452
2089315
2387633
2646702
2565249
2604350
2499922
2239201
2523315
2156590
2563536
2444920
2492762
2467321
2526383
2435243
2556842
2489232
2566635
2330880
2362070
2387454
2408330
2385472
2412293
2570851
2410024
2452875
2407178
2282954
2328364
2437315
2513495
2280125
2400376
2117161
2521241
2219850
2484406
2163675
2551112
2352698
2513126
2259068
2613507
2202627
2650672
2309355
2588202
2218200
2668226
2252645
2653397
2354907
2486507
2443872
2564425
2381960
2509022
2189882
2697528
2514961
2575441
2427241
2449586
2172823
2676190
2235379
2662441
2501776
2554046
2515436
2590162
2182925
2509996
2133897
2587593
2244070
2591997
2395924
2496139
2133148
2584350
2233310
2422892
2198101
2275446
2249225
2374162
2138969
2600614
2556351
2495080
2138773
2547834
2467202
2380856
2216144
2632043
2361031
2575831
2318209
2580679
2375514
2586167
2357169
2549074
2348641
4869557
5104460
3160281
1902352
2523669
2446952
2400002
2505304
2410083
2469286
2493270
2454800
2403590
2504800
2591082
