1276698
871832
1522692
1556863
1501187
1523904
1568166
1606722
1706324
1658124
1719766
1667847
1716662
1612234
1726087
1690343
1730653
1671355
1676709
1735646
1794286
1627736
1796688
1787018
1861416
1778507
1636626
1706631
1786155
1742676
1848311
1762235
1869510
1742300
1844952
1760730
1844839
1812711
1921159
1755245
1856510
1784222
1838640
1631728
1848081
1751176
1831534
1774907
1864968
1757386
1420749
1696994
1766161
1754418
1840135
1787674
1848817
1771610
1816850
1743006
1679144
1782272
1854988
1732327
1807846
1773640
1653230
1791420
1763775
1785939
1884318
1796777
1878339
1720843
1778747
1806912
1924072
1791385
1820416
1746716
1860860
1771141
1715457
1760602
1799716
1763045
1718721
1691281
1645225
1845872
1766936
1779407
1801971
1597222
1949055
1799328
1811750
1797259
1708925
1715425
1730345
1753781
1854266
1789279
1776857
1764214
1765607
1772025
1873744
1793037
1832704
1764310
1727500
1808417
1781967
1810113
1756225
1775966
1606479
1736949
1657085
1735481
1717909
1751602
1636566
1672567
1582029
1782845
1626056
1605536
1581684
1725439
1718039
1731272
1614329
1694985
1654791
1718596
1513408
1449231
1362405
1499510
1698311
4153554
2187829
2337200
1270223
1762662
1454786
1766522
1326700
1779832
1779731
1727741
1642101
1572921
1522599
1479264
1294877
1578763
1584330
1608858
1625475
1577564
1583088
1507525
1104758
1571675
1629632
1708365
1684420
1705186
1629193
1676149
1695676
1766202
1770236
1745331
1728410
1796108
1768556
1748568
1611600
1695655
1387591
1622190
1606144
1265854
1476169
1243062
1531026
1557756
1485521
1590698
1494180
1574864
1457188
1110677
1312394
1505645
1310361
1218378
1252142
1524544
1413130
1233521
1081860
1540139
1192851
1267973
975739
4570305
2649424
744845
740801
1021029
888965
1103452
868729
1065607
757955
1071867
789263
936452
827257
1288734
1244596
1177970
1157687
1026026
1142028
1134578
1079052
939731
1007793
1016938
1113422
1151219
1013672
1074646
1025950
995122
1102997
1243493
1186780
1383655
1167964
1590586
1180389
1107709
664064
1001917
655155
1248292
1132136
1216483
1099581
1286749
1343977
1069943
1280782
1164420
1422233
1482696
1339772
1170819
1023368
953168
788700
1084332
917704
879079
1360818
1307765
1472001
1471043
1160253
1435455
1185898
1554389
1483010
1324828
1421314
1449918
1378112
1389766
1467410
1261218
1451022
1426697
1482418
1448616
1417498
1314015
1487562
1477288
1130794
1449851
1300122
1429648
