821535
978966
1117614
1012138
1141961
844244
1393407
958835
926233
968186
1337144
904533
1160243
1065569
1279122
707990
1190016
651046
1232814
943761
1337459
944540
1128073
662282
1361136
510262
962922
491492
1036359
1052487
1303740
675530
1025761
954653
994169
940973
3104976
2173607
796857
616527
1059855
548365
1261676
1006981
1272407
1042899
1164479
985820
1357480
935043
1361026
790425
1433489
1149713
1349065
1051549
978409
1034284
1328281
910859
1296184
948940
1145408
1060260
1190374
1121366
1386580
1086370
1324541
1027711
1308218
1082303
1032179
1090004
1163853
830328
959720
747693
983965
1070145
1146409
1155974
1214613
1013807
1071741
1135495
1421332
1111365
1202863
1060995
1285049
991558
1165394
1017025
1191780
467953
1232867
1143402
1368066
1090130
1374956
977842
1393334
1042124
1377273
991702
1387813
1132700
1266247
1107520
1308618
688225
1441979
1028759
1215622
1122753
1415372
1233757
1201005
1132349
1452438
1108769
1266371
1032825
1504681
1098045
1319470
1035649
1387180
886214
1421757
999433
1293979
1097440
1462503
1103928
1284373
1059975
1298539
1106090
1518973
1156243
1304818
703485
1113179
771825
1133936
864767
1225801
827098
1144807
1011029
1313182
840989
1183835
941199
1190966
959537
1184373
808208
1084175
755432
1235996
908344
1019682
978010
1231521
719478
1273277
900317
1259854
1030735
1227047
998822
1230162
813913
1137592
765398
1293944
751420
1219029
954382
1322306
897098
1010209
874731
1084978
936933
1074496
969175
1170267
867035
1179251
1010306
1088399
900356
1316690
949053
1260975
832475
1332829
741327
1347520
922336
1281088
998050
1231873
973336
1224408
830263
1301639
748007
1334482
962597
1265355
1114694
1178884
960734
1392265
732878
1339060
959796
1329331
1132160
1216109
920082
1198385
1146513
1262306
940405
1297666
1141915
1151690
835597
1323337
884753
1161443
948190
1164478
990529
1326903
859547
1215614
981756
1345167
992995
1347961
1041404
1326858
995678
1275986
988618
1346160
962823
1302539
1232067
1158859
942500
1281908
1027664
1338000
769055
1261596
1193622
1115743
860309
1334915
1188843
1108162
952413
1328995
1010013
1327406
917959
1256985
956832
1174286
1133228
1322242
1140376
1347801
756042
1213721
5425226
3156329
1717944
1297961
1143824
1228635
1206242
1265661
1270122
1298999
1163884
1431675
886724
1354270
1230335
1431101
1211701
