2151212
1537153
1621139
1543303
1461764
1708550
1421619
1518658
1623986
1096199
1489783
1542739
1890831
1771056
1576320
1820489
1843051
1819434
1744890
1795423
1841391
1735494
1834375
1705999
1903513
1791769
1890599
1834374
1858581
1785842
1886324
1835128
1796813
1691548
1785464
1877342
1849144
1835103
1904022
1706167
1831769
1779130
1790601
1773305
1855722
1826581
1838028
1693189
1824542
1824750
1901854
1705320
1892119
1813998
1842754
1823278
1893714
1774898
1649543
1622626
1551769
1796065
1842031
1626177
1728922
1707640
1735035
1866557
1864031
1774547
1841002
1627803
1713084
1612221
1835004
1796821
1835551
1821322
1832033
1751227
1821269
1778500
1658777
1631568
1702350
1685720
1882471
1865491
1577191
1542488
1875205
1819658
1915549
1694772
1618172
1717551
1782628
1855089
1922521
1727190
1873434
1733508
1734334
1780210
1876127
1912271
1750291
1757531
1819313
1587103
1521091
1677521
1928082
1763588
1761240
1832919
1870465
1663480
1824521
1708583
1915809
1812152
1745227
1852768
1940409
1839216
1916238
1799260
1708821
1788654
1920791
1898505
1916686
1807705
1845160
1819262
1876551
1650171
1883994
1953606
1869966
1705648
1878930
1837659
1834068
1789450
1910033
1859595
1869831
1744908
1753083
1776427
1826665
1750278
1792868
1731638
1826920
1656295
1869103
1562547
1524517
1742783
1851569
1788299
1741850
1690858
1837214
1758985
1816944
1648464
1819158
1731074
1836261
1649551
1793948
1694268
1729957
1693854
1687824
1767111
1920685
1757130
1935011
1827824
1899097
1744214
1920011
1790978
1934789
1789738
1930335
1832198
1944864
1754084
1860977
1695597
1817993
1766055
1927252
1823031
1804718
1817851
1839448
1716105
1835692
1873464
4099504
3684021
1732279
1812448
1934265
1874860
1886618
1753320
1908227
1782278
1920489
1721501
1884076
1828385
1930532
1746991
1920612
1801144
1815061
1842028
1810360
1876735
1887366
1715433
1922174
1790714
1805110
1648290
1746608
1726053
1789968
1689284
1785142
1677767
1746144
1643868
1933638
1874871
1859173
1783980
1941594
1841428
1944964
1800239
1894591
1877608
1890962
1798072
1933331
1833448
1838042
1842821
1937582
1873181
1896570
1802408
1938648
1842692
1826016
1787244
1916913
1830796
1827812
1655668
1799551
1686860
1783418
1646141
1898521
1822925
1826061
1791794
1924372
1826508
1938789
1826924
1926383
1798943
1895671
1827551
1941569
1826808
1928944
1911034
1882693
1823808
1918887
1826878
1906061
1836333
1922121
1911676
1888411
1803731
