600743
735965
878061
1236659
843382
1223681
839032
1096863
988825
1296304
835983
1359240
27662799
25699535
23692408
21710047
19763926
18079497
16099776
14098561
12096747
10098584
795013
513055
1038789
713604
1148917
1036607
1303081
1246729
1210451
1291223
1427771
1034439
1337145
1199082
1426138
1455608
1418149
1212314
1262042
978758
1303114
1464445
1510928
1097422
1300618
873613
1157597
856569
1214152
1136779
1275435
1171518
1229087
1123670
1133033
1041444
1339617
1121549
1245108
1331394
1055262
839954
1121428
937753
1248034
922231
1089796
995771
1073414
916194
1125617
960739
1235040
826922
1012749
985770
1112270
943644
1088448
1006808
1173889
3161113
2701499
758254
1292502
1091300
1409767
974347
1132915
884359
1349811
1367154
1347443
1040838
1382477
973265
1390743
928547
1258915
1221637
1286493
1167469
1268718
1003758
1210822
911002
1442070
1088626
1251811
1265074
1401575
1184763
1349203
888925
1362795
1099876
1244581
1376303
1317485
1190451
1433281
1178863
1434327
1070395
1365497
1245933
1492287
1182688
1472025
1261477
1502176
1018277
1476155
944523
1421413
1129063
1343789
1209071
1298399
1189883
1476371
1082061
1419634
1152957
1387397
1312575
1507387
1258783
1294800
1062781
1405369
1264030
1465778
980041
1441402
1259451
1438664
1181170
1214164
1401978
1405877
1150537
1364232
1072295
1415987
1282794
1307197
1228315
1215135
1121979
1446697
1257252
1393613
1225151
1310495
1196923
1492482
1168770
1155585
1179326
1447082
1095589
1459101
1232985
1447180
1281728
1470301
1044535
1293773
1129893
1405973
1020913
1335540
842579
1363667
914936
1324309
1108870
1142306
1259969
1394066
975270
1236631
958103
1351713
1064744
1259904
962866
1241154
987838
1357096
1007134
1270188
910328
1403090
913484
1358815
1165109
1298232
1082685
1485432
858436
1383997
938724
1375603
950999
1397565
943401
1370189
974964
1317248
999901
1386850
1029721
1277975
888112
1413500
915453
1112263
1080766
1287190
943480
1411940
908436
1363644
1003853
1234521
1168036
1193217
1096639
1402004
883917
1216775
816227
1333909
975865
1317668
805611
882227
921578
1288400
795794
1200013
975641
1197418
760245
1161608
857272
1382518
749247
1193960
875232
1122638
1040334
1135438
858957
1161299
864502
1048150
886771
1162678
930880
1156071
758081
1128985
771654
1187112
894670
939658
1017321
1198417
834601
981216
847619
1253216
768482
1262925
997983
