706634
1277021
1265107
1027353
1180403
1328676
1268810
1432609
1117034
1175119
1262007
1383079
1046286
1391846
1235758
1219820
20531519
18564477
610341
1250864
813622
1323925
1286448
1446889
1343019
1289445
1392172
1344950
1293668
1352623
1361894
1416509
1407973
1372235
1376259
1263215
1329943
1300121
1279909
1385012
1293859
1293416
1329221
1183266
1247124
1207463
1362067
1433902
1226314
1550592
1384674
1610558
1437383
1551218
1349009
1414222
1444566
1371129
1228006
1307585
1384260
1366383
1485674
1530482
1386316
1551798
1392247
1502755
1578430
1549889
1347359
1169767
1411946
1497578
1502111
1300935
1467487
1624654
1446948
1514551
1496392
1552216
1498951
1507132
1504362
1529332
1119726
1622580
1376120
1603459
1371874
1669938
1438000
1521110
1501170
1583056
1344993
1555223
1387275
1685265
1425910
1519681
1500448
1523156
1341904
1457345
1540766
1545846
1418776
1609755
1526606
1434808
1476264
1629933
1370773
1407820
1568121
1446731
1259542
1489309
1333383
1401457
1399789
1558008
1380394
1563347
1428820
1594273
1398533
1520841
1405012
1497006
1478555
1518645
1471157
1565124
1355359
1445880
1451860
1448805
1359566
1642449
1304703
1123140
1476766
1328473
1413002
1539138
1481152
1495072
1479107
1606188
1469797
1637684
1568618
1349213
1443641
1542896
1465825
1545538
1346758
1551473
1447854
1624829
1571806
1369875
1288949
1340463
1407484
1628526
1399315
1601122
1483462
1571078
1418965
5336230
2779820
1410196
1313962
1388531
1473167
1554142
1460281
1502372
1473635
1522352
1513122
1590283
1517651
1619229
1410620
1566901
1442825
1520853
1519196
1641880
1512190
1591253
1439952
1621211
1470010
1574837
1465704
1591137
1425116
1628302
1467936
1579853
1532589
1626961
1488653
1628817
1534441
1616758
1518899
1639298
1548837
1622037
1371934
1624734
1438818
1585273
1506225
1589133
1500781
1595698
1422221
1638484
1515797
1543247
1523093
1435938
1514571
1499375
1499410
1579789
1392414
1558112
1545333
1573304
1463423
1516560
1482121
1581308
1523362
1595819
1442437
1630140
1510471
1540278
1446780
1624615
1426914
1540399
1564227
1541259
1469605
1598647
1536896
1637591
1485347
1479660
1566703
1630373
1550164
1595087
1452656
1623161
1445300
1590731
1535388
1541535
1552122
1591831
1354900
1629998
1447381
1540351
1442720
1576826
1512388
1520284
1469721
1492266
1454065
1532950
1517051
1605252
1517718
1614759
1522299
1544365
1511165
1618383
1580646
1516696
1469467
1577227
1493628
1591026
