592938
664326
1051849
1160103
927074
859112
979469
664790
608585
313318
730691
641942
888483
693782
640507
787405
921357
917416
1141584
804621
1296690
988520
1319712
1040404
1255010
973817
1089504
907048
1186195
991525
1195646
989917
1055699
1166948
1111428
1397243
1093130
1408879
1206821
1114170
1275157
1012434
1331802
1167408
1327318
1281104
1267473
1074878
1331585
1287778
1252956
1019577
1231123
932447
1184200
1155564
1009094
646134
889201
1010579
694224
1123669
1104737
1102562
1335061
1339656
1022801
1113050
1336117
1080338
1040576
883994
1406049
1174771
974078
1025748
1130938
1094075
1077763
1092161
1330236
1109521
1252537
1062709
1129555
1078268
1126012
1162386
1325944
1179728
1196069
1023606
1211961
1103759
1347983
1125095
1076971
792030
1213336
1304860
1088936
1167409
894984
898881
1324880
906102
1240479
1093483
1230101
1193578
1319058
959477
1139451
950924
1056382
988491
1090140
1055038
1298795
1113611
919752
1083000
1101500
883554
1255095
1106657
1166367
1264441
1142181
1031600
1439938
949915
1045864
993873
1317388
1105412
980738
1082963
1324588
1209560
1036985
869970
1095899
884258
1250820
1168923
999251
935871
1195554
923792
997267
2806510
2438699
1040970
1054518
1159696
951342
799905
996914
1144358
1270762
1020395
1206409
1038322
1223699
1077815
1230803
1149773
1135453
1172293
1074539
1140953
1053158
1058133
1273355
1151124
1093922
1051820
1139243
1029997
1319120
996339
1254123
1130293
1120583
1181954
1240164
946096
1236530
1040389
1166522
1118756
1101794
1177488
1081027
1118621
989746
1113156
1151461
1246262
1327167
1034488
1179278
1084074
1289055
902232
1170020
1078253
1312799
1209353
1077997
953414
1165255
1005814
1200447
955431
1129073
1381065
1289458
748614
1162912
999259
1231531
1249479
1295894
1151310
985356
926504
1276867
601396
1226167
1009572
1266059
1015909
1133618
787120
1106065
926335
1283455
968233
1198659
1122591
1112747
1025204
1277643
709171
1079486
1154815
1220666
1011541
1309425
983856
1019866
1018305
1050104
1053302
1136259
932394
1180618
1029933
1262873
662793
1068402
1194744
1084019
1290240
1160652
1085573
1377640
682087
1285936
1213447
1297733
943271
1160283
1365342
1270664
844366
1264143
1304066
1334660
746733
1323333
1277218
1196762
936404
1261907
1055886
1354441
869340
1114985
916310
1315308
1242853
1314556
1127414
1200482
1346431
1230380
1239133
