856055
1324456
589339
1145008
860942
1198263
884730
1308015
1011582
1130529
959864
1335465
1116302
1567542
1116189
1432167
1290912
1386432
955084
1528453
1180490
1406918
1124911
1369671
1094805
1363118
1041130
1414427
1117414
1503747
1296151
1383604
1070684
1377370
992843
1499441
1075393
1384767
1389330
1440230
1079467
1370584
1265823
1480727
764345
1376447
1181315
1403191
1281070
1375501
1074116
1402861
847130
1296112
862756
1456799
1221971
1498136
1102280
1349760
913501
1276906
697125
1385767
757269
893717
646863
1372677
958791
1256876
1126735
1246654
954841
1241018
907359
1287155
923253
1374911
950224
1413795
869876
1388810
854874
1405047
957065
1489544
998380
1167783
1005017
1463605
892966
1455165
1082730
1364077
1173504
1405415
990175
1552898
1314121
1245098
1159197
1458685
918280
1462961
913361
1414700
1117410
1291459
1190257
1500136
949449
1551428
1118899
1437861
1068436
1372702
1217506
1440312
1074100
1313314
960420
1607321
1101620
1470198
1043517
1395826
1073734
1472300
861171
1483109
979035
1431287
1079711
1531841
978091
1550734
1102398
1489231
835108
1420930
1037843
1429022
1130511
1409997
733243
1308847
976673
1436928
985565
1329570
1011709
1472472
848123
1497091
1028803
1405397
855880
1339861
1005972
1284941
1254936
1231777
1119915
1490776
746575
1325554
1185296
1436175
1059030
1548996
1013909
1251756
1041510
1511152
929994
1473975
1099456
1471905
1125700
1459215
936002
1388801
1010195
1389115
1038361
1345464
1223658
1229661
978878
1395266
1011481
1464908
1172990
1289554
1076824
1267226
967471
1344122
1172477
1349395
1068801
1416494
1168711
1263009
957178
1380301
2341753
4019282
2317038
1472094
1014294
1466987
1170950
1539012
868259
1431507
841084
1479534
1041336
1488827
1056455
1589252
818626
1454185
961618
1323620
951719
1316841
1273341
1397165
1002434
1455691
878001
1546181
926229
1510324
1163105
1537891
949716
1464916
857376
1469926
953593
1392895
1245756
1425940
1379731
1422520
923121
1432942
930444
1427801
1037575
1464309
1205964
1481147
1043217
1532530
1129664
1413555
1143275
1386706
1129772
1438557
899514
1410006
1032170
1365661
1319556
1531241
997076
1504691
928631
1538972
1008937
1480416
941050
1441871
1243592
1441095
882524
1502027
950600
1460494
1184285
1400000
1095201
1335482
1066350
1475955
992870
1567271
1364471
1555602
1244990
1385459
1175545
1507891
1000196
1528651
