2749654
1510201
1434859
1542188
1615199
1774579
1776407
1817804
1734567
1746895
1740094
1727719
1786790
1706034
1834650
1714421
1799320
1753260
1770721
1840940
1858490
1806028
1901313
1920747
1806346
1849775
1549974
1592084
1515349
1474652
1682139
1440743
1728663
1522034
1686906
1625684
1514864
1606030
1676880
1558054
1719912
1722508
1716040
1687304
1735763
1491543
1733439
1604389
1782791
1599741
1719755
1553632
1661584
1578648
1734853
1543314
1779708
1556536
1705509
1717326
1678256
1669530
1737482
1494349
1767396
1722405
1560440
1603469
1656523
1605005
1740063
1568698
1731050
1600880
1729006
1726734
1653891
1524309
1747976
1579381
1644905
1670721
1636553
1611344
1604239
1674840
1718966
1671260
1715852
1587104
1716459
1609961
1792276
1568730
1751744
1664185
1627475
1674387
1679069
1523973
1684615
1493904
1713065
1563974
1603104
1618674
1653539
1645498
1788382
1557695
1754488
1613413
1667055
1549086
1729195
1624567
1714565
1569614
1643414
1572675
1749786
1723315
1757406
1620401
1733703
1604861
1511783
1223217
1644699
1740886
1726916
1726366
1718449
1683238
1732464
1614910
1757678
1663806
1727775
1708976
1753254
1729820
1736606
1524198
1798928
1644061
1745110
1708830
1734279
1665911
1737801
1623304
1700602
1559518
1764712
1720729
1766530
1683115
1678899
1683526
1778886
1600133
1769921
1710294
1733530
1723106
1749596
1611806
1725472
1679361
1709269
1722840
1750724
1685719
1730636
1583305
1707342
1623185
1791376
1638154
1744213
1734225
1654499
1623330
1783437
1680616
1605234
1625297
1545885
1624476
1635034
1613771
1777510
1553224
1726934
1650442
1723149
1674955
1675435
1625560
1722595
1532895
1631212
1488290
1667705
1733905
1737582
1682021
1741450
1668682
1782572
1718425
1739049
1736001
1598917
1433605
1722717
1685651
1716761
1734926
1725312
1729980
1811351
1702001
1724646
1684092
3238601
3027452
1956584
1679149
1797225
1615190
1607849
1502634
1757636
1725561
1721932
1673917
1798256
1722835
1740666
1387549
1760989
1677101
1752476
1748336
1740424
1728761
1829977
1719794
1753131
1730696
1734336
1692045
1729931
1683927
1793796
1730029
1724124
1707507
1721517
1668605
1751316
1674235
1738344
1596463
1457049
1679884
1682505
1676031
1729876
1655574
1731263
1684840
1757388
1720134
1787086
1744326
1728466
1652274
1712677
1727032
1496862
1537298
1756140
1678464
1776140
1666398
1720505
1562659
1787271
1704109
1739550
1674472
1783862
1670956
1748996
1722001
1653442
1736216
