1143024
1449279
1288918
1552965
1405550
1758636
1725963
1779084
1636392
1671364
1664981
1758500
4473725
3129236
1285406
1539574
1618852
1838749
1826873
1625022
1478203
1849411
1862092
1854222
1818996
1868357
1845141
1868340
1798089
1855742
1856329
1833750
1340597
1697519
1729427
1880896
1838347
1897536
1586200
1884144
1786550
1896473
1828653
1899182
1885305
1844247
1832581
1884231
1777037
1859681
1894455
1770196
1653472
1753940
1802701
1820692
1896708
1871032
1698370
1879346
1725422
1849400
1708906
1901649
1728603
1735390
1788457
1743125
1594978
1769715
1688279
1776839
1758591
1874111
1849084
1751920
1245860
1648905
1679117
1732193
1606968
1523652
1691944
1260128
1840651
1663203
1850682
1859771
1545373
1890038
1574870
1856952
1678375
1825914
1844567
1806847
1699179
1652884
1750250
1869527
1708565
1788391
1806577
1867071
1535392
1855903
1296024
1839068
1807904
1873641
1542642
1865342
1860237
1638282
1746846
1834458
1653245
1803767
1835428
1821157
1572213
1824775
1603844
1701475
1590773
1837313
1595895
1904026
1614629
1853513
1401963
1534494
1224174
1435651
1730371
1715078
1741517
1857144
1833657
1832407
1356345
1837676
1861473
1757818
1629169
1817312
1629846
1718175
1893452
1831710
1903588
1856222
1611796
1840495
1854098
1839082
1643869
1882682
1900647
1814466
1692773
1824721
1643079
1603474
1803671
1933577
1877299
1857595
1843026
1888372
1654583
1859196
1862701
1934242
1871497
1828826
1682687
1901953
1734850
1877077
1799502
1763172
975005
1161781
1661020
1880256
1651498
1900881
1910953
1878392
1778470
1823556
1728726
1876137
1337032
1876972
1853497
1743477
1928353
1843265
1784618
1873290
1684344
1881596
1853146
1851527
1898981
4387085
2462698
2352763
1717936
1850482
1544772
1690639
1758567
1876092
1862940
1931657
1852108
1824722
1729449
1891229
1841246
1896242
1606299
1749640
1530535
1762227
1592504
1702959
1583882
1712239
1506409
1706732
1559665
1744043
1654880
1790781
1582936
1751526
1433146
1738655
1481786
1742805
1732698
1703289
1323491
1554256
1539788
1733840
1541059
1711766
1698089
1780441
1275812
1722755
1559414
1744141
1547778
1752859
1533665
1720021
1535302
1608715
1284135
1680893
1500273
1712760
1651565
1737284
1568199
1610623
1470985
1744654
1601201
1659445
1658653
1753396
1538333
1757038
1481872
1696515
1555738
1747120
1662585
1750161
1564769
1739169
1468357
1758677
1547738
1698919
1723886
1679983
1481617
1691700
1718514
1584754
1560359
1615950
