2608578
1556653
1355309
1586991
1573764
1554813
1304857
1788821
1279690
1640719
1528665
1809090
1478128
1851968
1370093
1779529
1365190
1781328
1320920
1699194
1614149
1745934
1481376
1819520
1431443
1794817
1459150
1870748
1594735
1577403
1339507
1644941
1318526
1662874
1107473
1872154
1401187
1874079
1351829
1528283
1327566
1501595
1218386
1826440
1513168
1789701
1668286
1668216
1285450
1802327
1213279
1888559
1682685
1651780
1462944
1808407
1439554
1661669
1290990
1722167
1216649
1818327
1552413
1582893
1464008
1711087
1291506
1814652
1450897
1828111
1285056
1817036
1669556
1719184
1510578
1879047
1438590
1866748
1567045
1493233
1317164
1685575
1249302
1782391
1488017
1848760
1221374
1919007
1228628
1766602
1200174
1008408
1620546
1575310
1267485
1886578
1265360
1929622
1524068
1609018
1285949
1789798
1574299
1776750
1312168
1818860
1629186
1649582
1289655
1520467
1470504
1470742
1002042
1652809
1485828
1821882
1351307
1877653
1524435
1637729
1427158
1757326
1635079
1654361
1338452
1944063
1581203
1721518
1427597
1487343
1521648
4902730
4273393
2278349
919575
1927577
1620796
1634430
1037479
1615263
1511265
1564008
1318942
1823375
1391795
1577774
1109869
1817546
1059018
1531548
1023019
1619273
1330237
1527538
1300565
1850102
1379976
1769767
1382220
1713131
1700554
1699972
1240654
1844493
1361487
1803461
1367436
1765013
1303897
1770894
1595858
1590469
1807402
1726397
1345379
1736891
1334126
1901799
1727764
1652190
1342165
1812351
1698401
1847527
1332870
1841898
1609439
1890193
1384876
1701073
1569048
1864542
1753521
1791272
1695565
1862803
1653691
1584535
1784492
1735146
1564824
1821492
1826642
1869439
1647714
1798988
1696536
1852842
1772565
1720071
1673640
1884689
1672349
1855673
1716501
1938319
1734237
1918033
1703124
1648074
1636474
1879947
1407286
1483576
1383247
1789856
1435241
1743171
1393141
1495924
1474004
1883713
1481418
1803247
1474605
1819072
1496295
1840712
1622234
1623449
1552533
1740370
1482082
1740871
1533963
1931854
1361673
1699370
1583719
1689133
1915954
1858217
1915437
1892369
1614844
1891483
1738767
1741905
1732335
1729641
1714041
1718105
1561009
1625733
1839512
1797181
1534713
1740891
1698420
1740637
1826163
1700496
2014754
1823042
1641680
1939799
1869213
1997780
1826246
1872293
1898928
1837438
1642259
1723880
1589345
1663599
1801805
1749871
1870253
1779678
1765213
1921683
1808084
1807482
1559438
1855347
1756780
1844012
1794551
1845166
