1162877
1194212
1167683
820092
1358808
1381207
1335147
1396858
1366515
1182065
1384111
1177908
1267646
1237421
1245785
1384975
1316764
1437891
1370905
1212235
1304476
1312180
1155141
1322352
1438253
1312047
1312591
1330581
1333271
1358339
1445388
1245619
1302314
1448197
1408498
1424894
1377592
1343787
1412269
1487227
1309214
1424617
1383619
1304023
1528807
1384224
1296723
1366191
1364452
1472387
1493606
1368495
1442184
1313351
1264291
1482489
1461086
1345608
1496058
1358402
1524813
1376899
1399102
1436890
1379248
1308776
1493812
1523897
1375908
1371760
1455789
1430306
1523512
1468999
1480680
1419283
1363272
1389577
1549419
1454772
1448348
1346996
1299125
1303892
1289245
1324258
1110451
1231820
1202133
1348919
1377069
1385261
1206799
1391667
1419815
1358356
1335320
1229669
1330393
1400018
1045629
1313278
1102575
1275337
1247123
1374016
1215673
1458001
1199625
1280121
1274255
1314422
1493199
1224129
1489479
1424193
1322145
1405826
1428018
1335604
1411867
1245974
1482988
1384140
1367451
1332925
1140347
1331479
1430243
1263667
1152675
1167336
1286531
1267205
1244818
1154382
1283680
1311684
1196064
1279797
1234609
1234469
1372609
1340709
1191473
1231740
953127
1370601
1257919
1332333
1329090
1305132
1231401
1183449
1308441
1209386
1206249
1297092
1295916
1205974
1106529
1271627
1405359
1245899
1244086
1301336
1255824
1313954
1102868
1117630
1187519
1167247
1263840
1270917
1147087
1258213
1154693
1235960
1156739
1293658
1188831
1251084
1215201
1034057
1333215
870822
1225644
1281654
1338435
1247762
1224587
1150613
1154949
1262700
1219174
1250242
1403905
1167112
1269530
1202642
1330900
1218108
1135962
1300241
1165763
1069661
1357830
1204755
1095209
1336148
1096507
1378357
1180004
1145822
1066160
1345266
1122387
1187304
1004239
1040567
1153675
1305285
1097441
1269646
1224360
1267050
1192768
1108868
985218
1181051
734981
1258186
1271326
1244900
1172958
1241196
1046428
1280899
893662
1105859
1002303
1204980
3466736
2153859
1021768
1176330
1077654
1321089
1113330
1388990
1218539
1293300
930618
1348880
1142214
1365325
1132464
1315487
1281631
1273762
1116140
1349665
1060863
1195984
1082599
1331630
1173041
1349771
955944
1379431
1319450
1343994
946408
1455344
1128800
1399161
1175365
1241665
972643
1353946
1160693
1360179
1246915
1222965
987679
1325715
1157479
1310300
997957
1260881
840883
1331711
1115263
1244270
1053362
938998
628851
1300901
841494
1346572
