1164474
916113
837015
1153696
1441546
1447044
1324131
1435444
1278045
1360497
21217809
19289793
17298521
3313318
1629778
1565836
1511152
1545037
1701703
1512725
1798273
1578667
1663114
1556891
1615993
1700803
7460049
5443455
5873953
3846439
1918374
1625753
1612816
1567834
1676662
1631994
1671126
1429259
1557889
1785160
1674499
1718305
1645680
1589737
1812400
1669976
1873127
1698124
1129883
1416881
1692507
1605423
1726962
1725163
1706710
1729459
1749492
1628912
1705572
1665486
1675150
1685587
1685717
1639266
1531397
1628625
1675085
1698504
1691374
1648300
1655808
1735787
1725451
1632214
1674671
1775998
1745157
1728746
1675644
1774661
1712489
1576452
1689889
1650417
1657434
1779920
1808962
1687979
1755850
1712221
1754733
1782238
1768733
1645130
1737061
1886882
1809673
1788380
1808076
1831173
1827122
1780234
1779828
1757918
1796609
1864982
1826972
1743788
1814946
1832228
1835512
1788740
1768824
1872469
1809935
1747758
1693247
1756746
1731721
1668695
1819069
1722716
1766788
1653287
1772871
1868278
1705412
1808208
1724555
1785590
1719176
1716803
1797618
1762876
1833542
1657964
1783536
1700621
1845227
1747375
1754412
1750386
1517443
1691727
1748347
1540525
1813298
1758122
1787385
1709557
1743103
1894331
1845853
1818248
1846775
1839938
1818879
1809086
1789485
1737621
1850694
1782332
1810063
1763948
1655509
1788309
1813086
1942809
1727010
1774651
1868955
1794091
3639632
3542685
1919608
1733391
1764388
1894181
1825438
1822281
1555553
1844393
1800428
1585915
1851351
1935866
1846659
1748253
1848108
1725452
1835708
1732494
1602307
1369342
1609556
1608269
1884751
1794652
1757621
1754294
1887591
1890629
1813431
1725981
1865311
1889953
1861222
1780376
1798014
1565366
1815131
1765092
1881949
1567976
1890836
1936614
1881689
1631955
1861375
1932439
1840158
1714990
1882235
1757425
1877925
1630883
1821109
1826925
1929395
1746001
1834167
1801027
1806550
1831878
1893999
1861461
1881709
1691931
1893211
1782136
1804836
1721535
1859165
1806507
1864362
1786535
1877683
1911899
1837532
1840175
1912537
1768551
1913447
1831197
1858314
1929969
1873221
1954186
1882200
1764583
1941271
1796240
1909275
1783984
1897476
1758550
1941899
1855710
1749095
1710478
1660459
1846778
1896025
1630097
1793352
1641397
1856342
1763920
1875610
1820510
1803145
1807411
1843841
1789018
1781314
1803918
1879164
1732838
1832848
1755915
1796771
1759408
1849601
1731504
1790683
1725561
1847946
1775557
1867249
1766658
