5903264
3948730
2915924
1602279
1856183
2302993
2014920
2173013
2111659
2309551
2170118
2275593
2009753
2449465
2193255
2411995
2278039
2360094
2164482
2347188
2163255
2405702
2408849
2330197
2214525
2325458
2176403
2425957
2308626
2427073
2293190
2440645
2396564
2458038
2544839
2567487
2191960
2290795
2318013
2544395
2181555
2246742
2484467
2394271
2215473
2414156
2267182
2461210
2081157
2390674
2442183
2382039
1785287
2519121
2505820
2509709
2241316
2359827
2480329
2284725
1505133
2577950
2350309
2448108
2011770
2436728
2441498
2384603
2523951
2231755
2040968
2433951
1967967
2430720
2313041
2369302
2269027
2458889
2516356
2417700
2183016
2303350
2217619
2218940
1984183
2362987
2264446
2206012
1962493
2456056
2104949
2396724
2068011
2480364
2104486
2535289
2031253
2449576
2283501
2368053
1993260
2484439
1966767
2394647
2017139
2336164
2132998
2290427
2251641
2355851
2304458
2355118
2180861
2415888
1964376
2329458
1791175
2365483
1866295
2458775
1950793
2339857
2257791
2369207
1870387
2378119
1705780
2275700
2848894
3863408
3214355
1958469
1819781
2366058
1873500
2554624
1948567
2361212
2571944
2076451
2192516
2466006
1925525
2361392
1949928
2432894
1545203
2424854
1980322
2496049
2145432
2394186
1981898
2537890
1955230
2457170
1711504
2258271
2200263
2122536
2014737
2390402
1938281
2493264
2014232
2342902
1663886
2161906
1939122
2378827
2252016
2279015
1648093
2421251
1987519
2534440
2000013
2481419
1996743
2515292
2023929
2536323
2087214
2261185
1966007
2428044
2050054
2306615
2021001
2331503
1915468
2336877
2124048
2379323
2166485
2126958
1878961
2255327
1978394
2383626
1995909
2394434
1960073
2343039
1753567
2376932
2101839
2252030
1975400
2553007
1807778
2315325
1854950
2313117
2049277
2511493
1772737
2263309
2629925
2032910
2461318
2406666
1977537
2455226
2026693
2362671
2258896
2249436
2091158
2292764
1908022
2420484
1904276
2354273
1967164
2407023
1669655
2311631
2322346
2305331
1787331
2304209
2095214
2467933
1585965
2315921
1971452
2269390
2237284
2112480
2460094
2193699
1609647
2299965
1997563
2416002
2051854
2501839
2393251
2109150
1843981
2273467
1781113
2507280
1898705
2440396
1734834
2240125
1942757
2448942
2351728
2397092
1524550
2424342
1940666
2507386
1976129
2467054
2629396
2410249
1496542
2368049
1956362
2571846
1957638
2405512
2375179
2447139
1808045
2517054
2215261
2505156
1584951
2399562
2580033
2210492
2227501
2368297
2471912
2325717
