1959737
1423398
1507183
1553460
1765878
1680160
1785815
1428556
1512743
1637174
1625150
1307436
1784530
1617268
1835805
1530168
1799360
1624565
1510954
1172829
1812060
1799150
1888216
1592272
1878903
1711920
1858401
1753967
1799728
1710083
1892518
1688727
1763997
1782690
1569860
1834820
1877726
1640308
1802535
1370781
1882689
1799866
1803780
1852863
1864087
1801315
1858998
1655711
1857210
1627028
1766037
1878147
1870096
1733649
1819557
1787371
1907867
1630717
1752951
1619953
1758427
1747239
1879311
1637970
1686466
1771349
1812884
1701499
1395718
1238862
1765730
1690959
1872243
1701356
1890237
1834541
1802886
1783685
1789644
1539337
1798370
1645116
1886468
1825961
1850193
1858923
1885393
1801600
1829173
1653459
1875171
1814971
1881251
1892512
1827546
1733390
1793803
1649131
1844317
1521474
1873590
1674552
1670464
1738549
1821144
1710079
1843558
1674898
1864313
1798464
1772730
1902285
1877061
1641950
1857857
1716283
1894438
1801594
1628098
1690287
1853810
1826494
1536083
1189144
1674445
1811377
1778706
1666861
1715966
1619019
1726200
1780562
1704369
1764443
1802571
1785045
1806498
1717123
1743111
1659058
1792495
1822903
1797837
1838835
1657218
1673163
1793200
1612692
1752936
1714116
1794987
1720200
1791291
1664825
1562270
1653754
1802206
1720339
1784649
1468568
1794887
1656738
1808213
1629994
1801466
1817111
1789282
1770601
1395025
1865974
1876233
1832760
1880246
1808201
1840681
1824595
1851188
1804004
1853457
1845424
1898148
1829321
1873711
1774474
1867032
1809046
1821176
1822283
1852707
1842061
1873094
1807514
1863053
1820156
1829186
1689028
1819967
1780570
1822470
1806540
1861984
1814470
1850361
1831787
1777329
1694119
2418145
1947938
2301931
1063642
1881942
1805362
1862741
1681308
1793500
1756106
1852847
1685550
1756029
1812151
1725389
1658989
1714475
1735893
1675360
1610155
1778070
1653032
1735365
1631238
1719243
1736967
1774356
1614900
1729931
1613462
1715701
1800083
1788726
1816640
1844357
1680969
1799400
1650561
1790419
1815880
1756132
1744772
1828836
1744124
1853351
1628712
1755436
1815205
1814481
1803844
1865416
1760550
1751506
1644079
1808675
1777150
1827520
1765945
1816976
1773064
1802338
1687610
1802257
1846607
1842385
1760141
1847331
1766130
1809760
1693009
1847151
1810190
1821550
1829127
1824381
1695303
1858989
1673974
1910362
1811406
1858911
1808459
1850590
1696109
1841391
1674989
1898927
1771551
1761894
1761814
1841980
1643515
1701339
1697355
