961815
810915
1114709
1250416
1134071
1031902
1210670
1086347
1418490
1137091
1277448
1218738
1337588
1065257
1253982
1199702
1279274
1240486
1514268
1262017
1383391
1200170
1222377
1115553
1470318
1223016
1201016
1281342
1139387
1096417
1149282
1251818
1209591
1167024
1238055
1313743
1462719
1199615
1151542
1246165
1328809
1204511
1157390
1094692
1103180
1177008
1190899
1084469
1214501
1260924
1378479
1173569
1347439
1283586
1369601
1291875
1247163
1337849
1108370
1048106
1255293
1314505
1279975
1208255
1244485
1208585
1011416
1385200
1400635
1255650
1367812
1295759
1172178
1106971
1384311
1236139
1349206
1286396
1327479
1230086
1213350
1162623
1176829
1337877
1275311
1261956
1364242
1260972
1198909
1231909
1408713
973428
1116619
881417
772374
1167665
1120408
1220941
1286245
1289326
1274961
1303855
1433234
1185014
1439019
1222931
1377123
1323961
1307640
1167102
1185910
1317680
1390955
1195385
1185268
1221111
1384010
1333446
1211393
1092677
1339173
1350416
1319540
1202716
1394929
1237772
1277835
1230671
1232603
1228225
1336446
1119539
1190172
1195162
1326900
1181967
1325602
1351159
1276920
1239920
1301951
1251550
1350761
1287014
1179386
1297465
1358949
1325069
1314588
1219118
1359175
1256047
1256747
1305041
1391253
1305036
1284120
1195672
1074844
1289705
1330006
1270275
1247254
1226198
1162729
1009993
1204407
1169826
1259461
1224973
1112653
1213136
1209465
1201576
1248236
1250333
1158689
1206719
1167191
1264693
1247413
1065667
1245228
1221516
1334671
1266363
1261746
1283371
1185840
1192906
1257636
1242922
1366975
1296469
1305932
1305376
1265205
1162309
1170683
1205461
2039794
1683266
1561911
1114036
1192427
1133269
971499
1057039
1133063
1154739
1108780
993300
1030508
1140803
1368817
1201715
1196532
1246194
1294946
1223400
1189556
1195180
1140653
1182020
1215019
1230588
1195939
1179098
1128155
1172975
1205972
1216488
1019445
1243822
1212107
1178661
1337351
1237617
1276100
1210820
1233293
1235697
1299533
1242269
1262156
1261783
1211586
1213158
1273811
1174562
1309052
1071147
1067282
1122212
1273770
1197960
1273648
1159906
1206675
1117096
783802
1087982
1143900
1110828
1156590
1282820
1199463
1225332
999634
1045252
1145265
1120826
1127346
1025640
930988
1058227
1143502
1142891
869394
1040942
878742
1073767
1128016
1029727
1047482
1111344
1171695
1216447
1174346
1267641
914854
1303072
1300994
1286861
1251021
1343628
1376095
1368877
1297208
1279482
