2684696
783866
859706
1135813
1066969
1174067
1034295
1253531
1357631
1221579
1577683
1368793
1390397
1311471
1549103
1453163
1481664
1509140
1315400
1376553
1314200
1217956
1498601
1448788
1467678
1450767
1471337
1444191
1607239
1467612
1616058
1524652
1662120
1462780
1382707
1222077
1586353
1335053
1637090
1430392
1573109
1612776
1311556
1328462
1595947
1653991
1704695
1574698
1646434
1671378
1665454
1603258
1678650
1492084
1630449
1595593
1164652
1179375
1637793
1680011
1604222
1528389
1645553
1420117
1614276
1368844
1607164
1351669
1348126
1422830
1390251
1381276
1548084
1473482
1437614
1279824
1727601
1533354
1667794
1390449
1730867
1430087
1703358
1228269
1435162
1495468
1658666
1584234
1677211
1483672
1343486
1589888
1737510
1573385
1737667
1627390
1420837
1766490
1816083
1592490
1786516
1755381
1823042
1679722
1697386
1527232
1198138
1246047
1815743
1672330
1772888
1554147
1739602
1698392
1729557
1514163
1818237
1630087
1643695
1581019
1763267
1838237
1806692
1585374
1690410
1611475
1819709
1640910
1811242
1843250
1733451
1664804
1691773
1592062
1595519
1506445
1662090
1646260
1593999
1730641
1768341
1575070
1827092
1582079
1827788
1768862
1801651
1674379
1814186
1741351
1769100
1512589
1830212
1707522
1691530
1504008
1171101
992868
1631808
1745870
1731862
1417593
1816158
1672827
1808302
1568488
1646958
1734669
1810377
1448852
1777472
1842517
1815962
1667787
1811719
1776730
1815792
1590641
1834605
1839608
1746410
1652276
1790970
1681962
1798687
1462874
1821042
1692758
1810517
1649439
1821673
1578157
1646059
1498345
1822922
1686691
1780533
1628780
1682057
1743781
1668781
1341617
1826045
1638656
1774744
1691456
1732412
4974523
5023755
3063652
1077547
1677687
1781327
1571339
1723173
1676260
1657555
1672559
1760231
1669391
1729952
1550453
1785447
1648790
1659825
1465499
1803412
1477096
1737775
1613183
1730200
1753351
1771952
1687403
1770357
1689558
1773730
1714329
1768319
1714014
1762746
1561540
1774118
1632208
1720577
1714172
1579095
1745285
1783020
1725021
1699399
1686485
1773290
1657689
1736369
1706038
1779938
1564340
1680551
1585519
1776073
1619949
1769131
1705801
1766292
1510954
1768752
1668993
1735354
1627939
1651610
1577053
1739153
1671649
1780930
1713941
1779282
1826683
1784362
1617782
1776610
1440236
1733390
1521307
1780936
1543948
1774327
1719147
1772672
1629433
1740535
1553209
1786110
1663134
1665754
1727465
1626036
1678649
1777593
1680631
