1396230
963856
1200359
954020
911025
1053346
1226417
1112091
1292805
1210492
1468902
1075502
1266173
1081325
1344673
1122127
1315743
1366394
1261708
1094889
1397570
1103227
1253540
1392459
1269285
1266665
1213311
1260758
1475073
1287307
1479375
1163314
1312489
1393902
1400861
1198244
1275613
1172990
1382919
1323643
1506390
1324979
1503966
1426120
1506849
1349698
1414678
1281583
1483010
1328573
1336066
1334880
1377762
1318512
1485912
1327021
1411525
1185656
1356009
1312276
1420025
1219635
1406309
1435170
1508239
1464369
1462978
1457179
1389945
1410759
1401925
1328285
1379478
1361323
1487304
1328527
1254352
1329191
1471195
1402553
1371307
1187450
1382965
1259629
1433116
1373929
1299744
1382117
1456450
1276074
1312100
1335630
1378763
1410685
1407285
1401117
1387417
1340166
1354373
1273097
1413360
1331753
1488479
1332318
1478949
1239644
1408228
1425319
1232891
1332903
1299428
1309930
1336339
1232581
1266986
1234794
1312571
1423735
1380240
1358119
1455384
1203980
1359465
1281935
1351019
1330731
1391288
1305828
1464793
1181034
1377910
1212792
1300833
1305150
1319291
1232260
1198280
1177028
1792558
2696081
2310690
756782
1223468
1136334
1237871
1046214
1175208
1055140
1044175
1044971
1260878
1036317
1267583
1195178
1324423
4953335
3097123
1378397
1046507
1011195
1316919
1206079
1237630
1168898
1254239
1183694
1263384
1152323
1386819
1201068
1362859
1063336
1376341
1168357
1299941
1239442
1183756
1222200
1265233
1193642
1370873
1124608
1259996
1085144
1379574
1219333
1268596
1285778
1259488
1273075
1344786
1050531
1283932
1230742
1321428
1150682
1332593
1194777
1242332
1223379
1366344
1184086
1306335
1223586
1340507
1136547
1235303
1185167
1394605
1105896
1322591
1136663
1278775
1171494
1263043
1211888
1205421
1220805
1346094
1157969
1252202
1131435
1326325
1188804
1373369
1154375
1230124
1210955
1302000
1057789
1405820
1203494
1272631
1161572
1314556
1228025
1356866
1169640
1297641
1218102
1407499
1078780
1324418
1245265
1393020
1233222
1187682
1116707
1209546
1265752
1319366
1186383
1379994
1160781
1249233
1197982
1284688
1244346
1347544
1143501
1305331
1151832
1341015
1209436
1393165
1208092
1289918
1165517
1405891
1157827
1319959
1146565
1376398
1091701
1445120
1149256
1086315
1076642
1116007
1107369
1252713
1092840
1076259
1213149
1289492
1148547
1223482
1129906
1410195
1160985
1252579
1215106
1306144
1101551
1406544
1253128
1284414
1225364
1297098
1136630
