1252168
1331059
1294475
1317314
1203747
1333520
1231635
1177293
1470902
1203145
1426708
1383355
1237533
995164
805361
1309168
1188329
1123994
1317885
1390088
1448194
1404769
1411112
1459868
1291605
1445855
1302664
1384213
1405857
1361466
1247667
1405087
1305435
1451788
1366721
1303165
1411772
1456667
1384521
1442742
1404035
1280651
1402131
1455324
1451724
1543519
1454333
1372242
1474537
1428393
1389213
1321346
1525349
1366412
1532363
1339900
1442471
1478095
1562616
1559148
1420796
1563230
1457309
1545786
1427007
1391208
1434289
1529105
1519580
1526250
1624677
1549554
1398362
1469576
1402209
1483368
1520608
1590596
1577261
1447819
1484508
1475919
1560524
1434388
1619374
1589348
1584874
1513868
1459649
1444100
1547589
1541445
1591852
1322680
1585190
1525288
1602869
1425098
1464244
1520377
1527504
1481658
1471829
1476332
1585713
1498759
1406717
1537675
1631327
1417643
1409758
1507822
1536693
1349367
1240017
1360415
1246297
1527151
1485915
1464001
1442588
1441108
1257183
1422851
1441628
1313318
1411656
1480237
1283248
1493879
1424246
1398264
1368822
1382503
3271872
3409240
1807885
850136
1401087
1426160
1530827
1430579
1240646
1311817
1356580
1320133
1433668
1437633
1501063
1370605
1467852
1440194
1314843
1428189
1434758
1337095
1311257
1439370
1482268
1446634
1356973
1292142
1337560
1400321
1383882
1440561
1403606
1301200
1407728
1337762
1157777
1427224
1438512
1417738
1312480
1347184
1318907
1413613
1371955
1424645
1392607
1304127
1314191
1384033
1273667
1430104
1356459
1462238
1177376
1335630
1390628
1275273
1269467
1352257
1338400
1433870
1305478
1312407
1321026
1430209
1235101
1430269
1317253
1414884
1425759
1419534
1303646
1424069
1315174
1317230
1356266
1400854
1438498
1445494
1355912
1430518
1270048
1286838
1306578
1422024
1204147
1395363
1397042
1386037
1225133
1383283
1174220
1305317
1372788
1315739
1420573
1311673
1307142
1356722
1280098
1365610
1356088
1315472
1363781
1359661
1168600
1293146
995435
1250878
1178218
1291960
1252767
1360860
1279561
1366518
1137561
1274942
1428405
1314917
1417734
1399842
1300169
1384939
1215227
1413084
1184786
1396894
1365353
1343641
1365699
1384621
1417054
1435804
1370431
1385832
1405728
1412844
1380718
1385638
1233747
1426060
1361673
1465518
1327227
1434927
1267806
1403723
1505128
1414204
1335967
1429836
1366568
1403682
1425807
1433023
1451098
1311128
1385007
1497164
1456993
1442066
1375509
1403252
1381283
1401894
