1752314
1475803
1325282
1524190
1420006
1532624
1616037
1419253
1545419
1612534
1511239
1705101
1770500
1748077
1749432
1707723
1648677
1712741
1734668
1773747
1862558
1791818
1772818
1844073
1903598
1794318
1354804
1584891
1696170
1849089
1898352
1826672
1708135
1722252
1825061
1854213
1548669
1357463
2437860
4089098
2283208
1672504
1823745
1887693
1628125
1839973
1870600
1929762
1566725
1887120
1543270
1760872
1870438
1889730
1920209
1683104
1889140
1824943
1598542
1885757
1547529
1849795
1570931
1904271
1725913
1852344
1501198
1818951
1735787
1752992
1773709
1844866
1754534
1805189
1832517
1838680
1543602
1499175
1820618
1856772
1939378
1838325
1539083
1845011
1685192
1839918
1606875
1821079
1553659
1726247
1771883
1896443
1591420
1744186
1792388
1895462
1662306
1855992
1588884
1949587
1636421
1772816
1832284
1914249
1864175
1417472
1736978
1846353
1688833
1829914
1546325
1798679
1881629
1840386
1537370
1841338
1506619
1821825
1852849
1571786
1846903
1576486
1703378
1826588
1738821
1825220
1463554
1652185
1757028
1831473
1555225
1838787
1850236
1829143
1738262
1831482
1557630
1853849
1453388
1888294
1880700
1868696
1602477
1820129
1650795
1898167
1510534
1835717
1812257
1877991
1515904
1755929
1687147
1736596
1700461
1680060
1724784
1671594
1644265
1737175
1679487
1732665
1635457
1744788
1719741
1728755
1356276
1572060
1691648
1738661
1690961
1735723
1645674
1737032
1675284
1753030
1627424
1699872
1729513
1611613
1678977
1862567
1507326
1769916
1724793
1721690
1654929
1673551
1396625
1719438
1696111
1770376
1401827
1739263
1701838
1614662
1684825
1694611
1681061
1728736
1655224
1725936
1684779
1793122
1520384
1741827
1689306
1748072
1648611
1767424
1428663
1749162
1598204
1771332
1753807
1730485
1465402
1696999
1688857
1729451
1688031
1785148
1539553
1744154
1659745
1827263
1467478
1757476
1696161
1731779
1691321
1753603
1705002
1765867
1740001
1808581
1441610
1718987
1522549
1659519
1687930
1784867
1594455
1746694
1658111
1706712
1680645
1741753
1682544
1720912
1639762
1738909
1698941
1732127
1640432
1741637
1689781
1704876
1353660
1478434
1681157
1727721
1685882
1437708
1624350
1742446
1499187
1651843
1656573
1742286
1671359
1746022
1690822
1731839
1676463
1795092
1455463
1649631
1662404
1536094
1669241
1674621
1611515
1801254
1608884
1707735
1547222
1776676
5268706
3112888
1483519
1723999
1636660
1780065
1727916
1602358
1699888
1715983
1631709
1736515
