2190794
1747663
1295553
1638396
1525351
1340327
1575303
1701123
1709121
1618266
1631935
1819849
1778154
1802381
1695549
1838154
1696488
1680296
1712431
1602302
1572346
1590395
1806038
1730988
1660751
1698810
1808484
1709103
1847484
1839943
1705416
1745023
1803779
1705429
1711070
1637356
1696763
1670901
1764310
1709394
1864077
1662218
1774182
1825889
1799039
1683539
1843950
1827991
1755899
1725701
1503213
1706617
1732223
1701844
1643531
1769459
1841825
1717292
1814144
1798995
1733108
1737865
1715638
1679360
1646081
1404271
1752637
1693826
1762671
1769504
1747883
1746933
1815602
1731687
1827265
1851315
1741898
1704107
1819467
1703790
1379573
1597341
1659713
1695657
1758930
1808851
1786758
1737703
1836929
1779228
1815420
1821136
1721334
1755998
1753602
1744450
1818641
1826279
1734709
1745052
1745995
1745904
1818499
1827380
1801579
1774794
1718848
1738427
1736619
1693291
1720858
1804209
1777859
1736450
1799374
1791064
1840645
1760855
1701691
1854249
1709676
1766548
1727676
1757668
1695726
1583887
1780837
1714292
1702320
1804198
1790669
1671918
1725270
1655122
1817198
1554776
1719396
1624183
1741721
1669526
1631986
1703908
1675036
1618935
1685363
1712069
1668696
1599751
1680258
1753732
1637822
1688293
1671306
1736588
1577626
1561332
1430782
1639550
1416106
1701935
1597017
1729834
1593982
1711283
1658295
1665786
1742624
1679142
1705203
1740814
1561735
1724313
1698852
1755361
1764879
1784308
1737212
1821981
1680193
1792818
1780632
1795139
1802661
1745644
1795389
1727667
1740649
1762468
1741172
1807298
1678108
1726818
1731858
1761222
1685692
1820809
1987448
1768273
1700827
1793852
1702603
1595447
1650574
1786820
1473444
1465135
1686866
1711093
1698601
1909287
1684854
1345120
1747144
1607767
1697007
1699157
1561407
1698190
1778944
1660976
1666795
1704017
1725256
1723164
1728234
1758438
1778090
1745677
1808213
1684162
1547589
1712803
1709663
1607631
1742528
1679611
1738738
1753637
1742403
1657165
1626838
1829821
1583960
1726163
1625846
1644081
1727054
1637185
1576258
1744823
1744185
1684716
1811089
1799464
1853066
1724499
1726999
1673733
1739990
1332355
1589320
1626181
1421125
1489382
1826343
1661256
1705129
1622017
1645576
1758085
1659450
1701790
1737486
1659561
1673750
1673193
1661139
1675617
1763790
1685655
1689179
1704712
1799739
1735277
1600230
1690637
1673892
1594775
1790894
1806715
1555994
1695161
1740872
1660450
1650506
1729847
1573530
1581390
1691727
1606388
