2430656
1902450
2195641
2278273
2260520
2303985
2353323
2210962
2320868
2342885
2260415
2251512
2268677
2165248
2283156
2350772
2263187
2232796
2325501
2183734
2319417
2293353
2375290
2269730
2320768
2245996
2309238
2300815
2298944
2277531
2318753
2291199
2268677
2317269
2266812
2313168
2295536
2256867
2318259
2354714
2280380
2349370
2234782
2315753
2334889
2335763
2308581
2313338
2337478
2275611
2332856
2340657
2312478
2337199
2357768
2309119
2319478
2349478
2138064
2201071
1985586
2008367
2033130
2031493
2036344
2042200
1955096
2066586
2041458
2039608
2276151
2045116
2033381
2076319
2028776
2006090
2018755
2003886
1995157
1927280
2036000
2023692
1995782
2046549
1972705
1814988
2037512
1941437
1963825
1961795
2024257
1916085
1986848
2031188
1961075
1990641
2042031
1940389
1998383
2049402
1857739
1968705
1988282
1964404
1982300
2006882
2003937
1913595
2009106
1954334
1997475
1997079
2000455
1993269
1972091
1962867
1991831
1977004
1965699
2007492
1996848
2059182
2062622
1292865
2125872
1983865
1889995
1971905
1938048
1861344
1899145
1872263
1865668
1875562
1901967
1887925
1829950
1883019
1861094
1826948
1885126
1869363
1858563
1890633
1842097
1912242
1904468
1878151
1846418
1886766
1846282
1878864
1883554
1912926
1875045
1881950
1886099
1874524
1901465
1899973
1871858
1911267
1830288
1822620
1859838
1869482
1887428
1851940
1872464
1876348
1824279
1868388
1829574
1871721
1886112
1788786
1908619
1889350
1866832
1899499
1891635
1822603
1904833
1931583
1815622
1878949
1976330
1814295
1895144
1867217
1872277
1888400
1949887
1851796
1882410
1856742
1831722
1915654
1994367
1874438
1839930
1812344
1817804
1859277
1801094
1870794
2037069
1889597
1887783
1906206
1919613
1786261
1901265
1857853
1884130
1899599
1892073
1761930
1856844
1820664
1871934
1926056
1880949
2095018
1958970
1903678
1581976
1852498
1870604
1910795
1836693
1888738
1840597
2032076
1980226
1711481
1861163
1888907
1873744
1949586
1917090
1861474
2178366
1888739
1930250
1819498
1988610
1897910
1891642
1925090
1916685
1934497
1915667
1906974
1940606
1857044
1876655
1928379
1966945
1881640
1851686
1901196
1905857
1979450
1887999
1909341
1876087
1918715
1918945
1933172
1948486
1868559
1929972
1990931
1976816
1930198
1911689
1888035
1914391
1949394
1809284
1875165
1576422
1749140
1875836
1853547
1988291
1872188
2056057
1951326
1924369
1893618
1852984
1917620
1661942
1873268
1949506
1794194
1989867
1943473
