1948347
1477161
1706321
1420388
1759991
1743487
1436161
1648976
1875611
1508437
1671845
1695207
1362614
1593967
1812784
1547990
1732942
1845447
1833230
1540455
1714979
1399937
1718244
1730459
1662407
1619262
1725647
1739692
1927583
1774712
1659818
1818293
1865409
1804589
1847124
1726247
1818264
1746789
1748127
1697271
1801393
1853987
1764335
1653502
1701691
1779952
1729687
1762660
1827630
1687017
1737603
1787497
1774522
1742667
1671560
1778635
1749447
1685429
1746021
1800834
1705423
1804675
1808284
1764944
1842393
1726672
1732848
1862111
1704606
1502012
1716011
1616042
1515602
1753808
1614469
1457212
1729104
1696801
1672762
1577083
1740642
1420972
1797084
1819982
1677212
1655011
1852742
1637333
1794466
1817212
1686661
1716041
1820092
1817671
1689802
1847728
1733877
1749204
1746968
1600469
1727309
1812194
1725598
1645720
1837702
1794137
1657536
1792543
1839477
1687662
1744355
1686574
1742312
1846549
1730397
1727880
1772668
1626841
1723143
1836298
1675966
1754663
1856482
1567323
1870818
1847029
1732657
1844120
1746757
1764719
1746355
1752763
1690933
1831333
1839057
1728865
1809614
1856822
1680796
1634239
1702956
1599810
1587510
1718847
1650906
1679590
1726441
1660430
1723041
1697051
1677285
1658701
1704943
1619800
1646735
1645606
1642282
1579281
1613689
1470556
1631336
1562495
1587676
1598876
1683896
1347237
1270593
1424048
1277311
1406112
1739744
1825984
1604206
1730296
1644665
1765452
1681026
1454463
1636519
1681150
1654525
1579112
1666186
1562795
1647375
1634002
1622524
1641924
1705273
1609045
1644679
1698671
1422688
1583157
1714018
1597642
1646791
1674411
1692376
1648934
1727833
1669890
1663766
1711942
1641222
1655596
1641200
1558496
1649297
1719678
1605301
1562942
1665513
1579166
1638877
1689801
1699304
1653929
1637017
1602830
1638662
1696617
1602974
1649133
1699296
1591760
1635150
1641840
1496766
1621612
1646590
1588176
1660436
1646402
1672266
1415156
1526344
1239142
1718128
1662544
1652472
1716551
1626590
1630762
1613797
1608059
1639736
1615207
1638797
1523775
1289977
1585952
1568356
1584100
1563456
1590422
1544389
1525159
1392491
1523480
1587419
1550050
1632902
1594216
1602245
1580863
1601082
1383778
1632575
1608750
1613363
1544221
1568805
1411551
1616146
1616026
1625012
1646201
1581776
1611450
1563650
1601120
1383371
1481065
1582954
1619016
1547106
1513941
1619700
1597500
1609575
1606682
1473836
1571086
1612598
1480075
1600510
1526931
1552407
1610990
