4033789
3046542
3001254
2907031
2955200
2734052
2804169
2381803
2416327
2653760
2659516
2663171
2789896
2665986
2024160
2672821
2565104
2736326
2538801
2652736
2514955
2648300
2775682
2540652
2696128
2576881
2731708
2536007
2749528
2708582
2549321
2765927
2683382
2712598
2779351
2599054
2539391
2655703
2726026
2733525
2710448
2716667
2692426
2728792
2586336
2681224
2732502
2752321
2737331
2446652
2472198
2733287
2369601
2679863
2654901
2619016
2549685
2283608
2469280
2157665
2485755
2378694
2605794
2476835
2617866
2486411
2553478
2551670
2531373
2506774
2539565
2598444
2469428
2557735
2528313
2550744
2621081
2616295
2541519
2621267
2569289
2590156
2773485
2560342
2687947
2622085
2724138
2571931
2709001
2669276
2791358
2763016
2669402
2766452
2708506
2664011
2759346
2674431
2681005
2736800
2761276
2692115
2693651
2658491
2663935
2713958
2765543
2688725
2744085
2590489
2652467
2572235
2743955
2563443
2673656
2722012
2726034
2600904
2669856
2691441
2536579
2557204
2706492
2456889
2718681
2599341
2576706
2765875
2641014
2472649
2715271
2678256
2585630
2730774
2711244
2610901
2777642
2735336
2671400
2743152
2676911
2665791
2733138
2641220
2618871
2716836
2740352
2634453
2723841
2221171
2321082
2641171
2823269
2550682
2298473
2468175
1975779
2462948
2347536
2452948
2490794
2606471
2500729
2492153
2253257
2425641
2378784
2540825
2542884
2497829
2527449
2451031
2560254
2439287
2553135
2535730
2643236
2399667
2502071
2579816
2645751
2388380
2619747
2588550
2617770
2603493
2565716
2645693
2565984
2603082
2635256
2573812
2483584
2451593
2631165
2638499
2617909
2526691
2586500
2451615
2483564
2497562
2588561
2493259
2649986
2597044
2639105
2626470
2663153
2680063
2583149
2610236
2678615
2477901
2779916
2600185
2615516
2571816
2507492
2411914
2647366
2508231
2476161
2596617
2620226
2449894
2464415
2519671
2675928
2558996
2573151
2488135
2627976
2525034
2589963
2651951
2670817
2571946
2617120
2663156
2555992
2552116
2619333
2628010
2523101
2644151
2262165
2403575
2248711
2530942
2530982
2437390
2436993
2455510
2533379
2100845
2520460
2589395
2700151
2463748
2494595
2488451
2588513
2386690
2644242
2631181
2631793
2607494
2583676
2428047
2443900
2395694
2538825
2434495
2567780
2438693
2607814
2513638
2674903
2265605
2564569
2598597
2548130
2456618
2338173
2319246
2544590
2565005
2446789
2450638
2465578
2574800
2483941
2394198
2517855
2515999
2581109
2600766
2662609
2512531
