1962551
1314167
1709671
1470289
1609299
1761710
1677695
1734063
1767507
1723895
1830206
1760128
1676209
1793334
1679410
1662592
1685420
2019884
1731454
1425442
1812974
1502507
1458434
1321226
1423924
1545502
1635823
1685459
1925799
1788770
1632216
1492074
1509982
1652410
1725350
1623671
1701895
1745181
1619248
1727886
1692506
1782740
1703560
1699243
1782930
1683173
1741266
1871813
1660971
1732819
1715664
1709146
1785593
1730513
1723000
1747929
1778877
1742825
1859490
1827159
1732732
1612583
1831575
1746699
1790915
1754590
1702219
1797424
1732932
1698382
1793720
1832890
1809032
1792497
1767823
1714165
1681264
1838340
1786340
1559715
1690481
1470973
1534799
1524938
1415808
1515118
1512761
1422784
1630649
1526584
1443561
1511632
1543729
1358627
1530273
1514598
1468782
1534680
1533899
1387394
1468344
1472856
1432822
1528108
1433895
1618895
1601979
1635960
1644444
1419228
1582411
1503660
1571553
1377513
1631620
1429834
1579140
1521879
1533637
1572524
1528989
1515096
1663072
1507643
1574952
1541836
1600115
1531788
1496408
1677337
1706644
1676230
1633039
1622279
1674750
1562166
1666871
1686819
1606863
1712205
1753795
1638599
1717940
1729812
1656355
1620849
1699427
1650081
1689222
1755118
1636024
1690908
1665591
1616365
1634518
1667321
1648444
1653654
1733360
1604655
1626220
1666869
1651376
1698725
1728690
1654615
1693869
1822031
1721223
1638983
1734699
1697795
1694153
1683589
1632763
1706116
1751531
1593523
1707119
1737649
1468197
1654789
1737176
1567690
1635680
1727199
1691088
1728441
1667619
1692100
1599942
1616598
1684479
1587669
1605712
1475632
1582330
1588019
1652666
1643383
1651939
1603138
1521304
1560419
1651313
1527178
1642199
1565643
1643023
1629389
1587190
1553799
1547678
1503552
1533541
1471525
1798667
1592779
1652902
1689625
1503757
1369720
1681919
1591773
1685331
1664149
1643674
1632466
1719527
1614413
1662374
1635715
1668769
1671112
1655049
1636218
1696739
1672986
1711970
1720096
1664415
1806492
1737922
1716563
1676525
1675143
1690240
1805763
1583484
1642820
1680019
1769430
1721867
1681584
1714643
1600383
1619453
1740523
1604369
1675570
1782674
1689152
1719507
1560839
1716395
1670713
1655381
1674345
1750199
1442773
1717789
1508675
1680360
1670250
1688923
1706794
1694490
1581393
1843751
1770266
1696295
1650073
1727834
1730114
1670502
1742291
1528749
1809058
1673904
1603635
1783141
1777499
1690505
1652800
1693288
1643126
1731552
1651959
1640137
1658380
