2821639
1832460
1988293
1929675
1995373
1980883
2000220
1978244
2057351
2064402
2008363
1990992
2135624
2061761
2068694
2071637
1932990
2066935
2009260
2080834
2062179
2071879
2047431
2059752
2046538
2073194
2016464
2068676
2056522
2009214
1878327
2180422
1676726
1989760
1865793
1964418
1923332
1891801
2053750
1986049
1888978
1964466
2144250
2105060
2091934
2039499
1999122
1903253
2037064
2026737
2084980
2032454
2090609
2036200
2344503
1949487
2038910
2098690
2025484
2091881
2037175
2021923
2087115
2079058
2080798
2093251
2037944
2026937
2083460
2088510
1993992
1957417
2167405
2024010
2085241
2084981
2040114
2058039
2058415
2099125
2090538
2094677
2023899
2097661
2094375
1994139
2076826
2063241
1945056
2090475
2085640
2006334
2089751
2049966
2049960
2052328
2089919
1882782
2036141
2021925
2002814
1971283
2015099
1992155
2007910
2023143
2003182
2005339
1994458
1881398
1999009
2026829
1997675
2016153
2017314
1948097
1906655
2010919
1970708
2001614
1956210
1944631
2022901
1947436
2000189
2006013
2024919
1947743
1995081
2005013
1989937
2027631
2235931
2103381
1947361
1429299
1965735
1861293
1764059
1939675
1988850
2031986
2036755
1983558
2032048
1835894
1913197
2099349
2019592
2003639
2008264
2021499
2071381
2050757
2087835
1981654
2067536
1986240
1999383
2044807
2042944
2061587
2076249
2067084
2093399
2094388
2039527
2086014
1998898
2012895
2094989
2032012
1974483
2070085
2054218
1945467
2075650
2085781
2075238
2079881
2100351
2042008
2099969
2040018
2042188
2086180
2058584
2027550
2042255
2210746
2003264
2033034
2095229
2068681
2367973
2164933
2028550
2074549
2185895
2259888
2035109
2037035
2020977
2007650
2036534
2013494
1872070
2029778
2073944
2037669
1992728
2059529
1940723
2045670
2120985
2082400
2089704
2094240
2041168
2089585
2092217
2020928
2156199
2094393
2014300
2146509
2108065
2046738
1993779
1970593
2010163
1949749
2011529
2033720
2007419
2050617
2089658
2055775
2067025
2080961
2024687
2023138
2054474
1986648
2038754
2090839
2011307
2030748
2076114
2075755
2116789
2069124
2032590
2118205
2053364
2082738
2083486
2042315
2075414
2015763
2084680
2153260
2084491
2041863
2094640
2088370
1891150
2060829
2054291
1957827
2064724
2029984
2083102
1935782
2124872
2084079
2093825
2043598
2068190
2013154
2095674
1811982
2317271
2165295
2097088
2089174
2102374
2073111
2102114
2006753
2097171
2095629
2042198
2082723
2044278
2131181
2021680
1969110
2021230
2056921
