3111312
1528576
1893693
2112966
2125897
2082866
2008537
2065614
2002992
2024319
2057488
1921568
2012748
2079637
1981572
2072364
2125749
2078039
2076191
2250141
2163691
2103827
2020962
2094421
2044333
1930530
2066467
2041977
2054636
2033436
2056662
2029073
2075767
2055637
2046868
2056878
2097726
2019874
2080757
2068593
2023890
1918591
2066563
2042044
2057437
2102239
2049616
2094709
2085073
2010693
2079890
2079270
2112877
2065053
2004156
1903181
1972194
2053646
2045890
2045946
2052843
1998708
2066894
1993030
2017213
2000315
2052703
1999796
2036737
2048903
1971647
1940923
2021835
1953109
1941952
1938814
2001394
1948854
1943824
1929252
1836972
1887863
1888023
1874803
1916849
1924702
2086320
1963319
1920422
1873164
1950102
1929582
1904299
1930626
1875371
1894396
1990225
1928174
1922312
1982069
1870980
1920974
1985581
1939076
2153309
1955792
1924934
1891713
1945629
2076125
1934871
2002895
1974285
1994342
1935181
1894537
1948282
1917395
1865190
1854519
2001865
1940357
1884844
1902839
2041046
1993905
2000133
1962792
2000795
1990970
1947325
1976132
2046775
1952626
1930930
1951540
1908263
1792888
2068803
2201526
2122602
2126184
1953923
1925563
1945863
1923641
1938902
1953385
1890245
1839221
2007406
2086105
1962509
2006279
2047715
1870771
1884593
1855696
1847495
2027198
2104905
1993172
2105777
1919606
1931254
2101902
1988448
1874941
1862479
1963198
1921704
2111113
1887379
1903989
2107213
1903861
1882906
2131165
2064402
1878140
1926790
2063790
1956247
2108463
1828293
1885313
1902019
1774181
2124610
1768094
2058747
2019318
1803239
1810190
1881934
2145231
1913042
1818885
2046728
1913053
1876085
1923308
1872845
1896125
1938194
1798631
1884546
2013877
1974045
1878823
1885129
1813021
1809544
1932917
1905374
1837252
1967949
1974807
1887750
1909799
1809362
1881709
1885610
2046558
1926534
2138174
2038685
1914472
2139170
1944556
1936894
2025618
2065503
1864731
2024299
1845393
1919777
2044119
1906583
1927524
1907787
1733445
1911235
1999125
2104493
1919578
1997538
1947498
1931788
2007053
1883155
1947458
1920704
2035285
1819346
2055529
1959423
1835215
1883273
1970192
1926317
2004729
1862883
1944272
1892473
1830886
1871323
2307982
2019328
1935586
2004989
2052876
1855145
2000540
1956605
1811896
1885253
1916980
1796826
1896593
1952455
1930286
1929284
1867960
2253030
1854937
2019659
1829808
1993309
2153824
2335542
1931874
1973852
2015622
1917116
1795164
1798654
1982834
2243916
1956458
