2922382
1870285
2007344
1923542
2187714
2237846
2225498
2131734
2180151
2181321
2225035
2286103
2166666
2181415
2248906
2210498
2086237
2174843
2190571
2211147
2160375
2157664
2175758
2204286
2201187
2213821
2230712
2278062
2291082
2242450
2269387
2205101
2193741
2225958
2231492
2224631
2215619
2236631
2126149
2246752
2296223
2242251
2222251
2304114
2133618
2248851
2213497
2251321
2273766
2245540
2083670
2219311
2284063
2295599
2202761
2250933
2163154
2269231
2281882
2552262
1909688
1944686
1944538
1971957
1860919
1997882
1877544
1915957
1938798
1862655
1905146
1949982
1818174
1907917
2163995
2012726
1875823
2034380
1953892
1915851
1875005
1923870
1906749
1843675
1915419
1810878
1862676
1897562
1960768
1881896
1912041
2166084
2177361
1980362
2251849
1876271
2250993
1973404
2163913
2000582
1924147
2098367
1876792
1808596
1842049
1947588
1851455
2102439
1935273
1966582
1994992
1942326
1856201
1952400
1927870
1973042
1957676
1971415
1857241
1826395
1906003
1925502
1997142
1842861
1851854
1900100
1836050
1851539
2232398
1789834
1904032
1924671
1865346
1901618
1883013
1857693
1877126
2039852
1906757
1942447
1879752
1928731
1871512
1914720
1925659
1848611
1874454
1856809
1829179
1950908
1896743
1891100
1740379
2145468
2208766
1983773
1979257
2024733
1842335
1967416
2034213
1951891
1962156
1977902
1866819
1962637
1988041
1968342
1963480
1986332
1888499
1971624
1927301
1953849
1965702
1974907
1960681
1965201
1982082
1994834
1966581
1891717
1900939
2120017
2007008
1965851
2197163
2160191
2066163
2099574
2031473
1934941
1952851
1838269
1815189
1896023
1966077
2008416
1968156
1970831
1846699
1970106
1938106
1952677
1957229
1947783
1862181
1778781
1797896
1854709
1953780
2225746
1938910
1877356
1902841
1990391
1962618
1979492
1956161
1969571
1992171
1887231
1961237
1935461
1997046
1967051
2004578
1901364
1789135
1670500
1716925
1725186
1753873
1756748
1633205
1737472
1712858
1788100
1799485
1792528
1781644
1705495
2014981
1815245
1676626
1803149
1819797
1813933
1807177
1910318
1813191
1872820
1821928
1787465
1796557
1792177
1822118
1929401
1819007
1797070
1855288
1841410
1880271
1812357
1841623
1802505
1811048
1824198
2036302
2416030
1789388
1898779
1810094
1798436
1854306
1847739
1781264
1822535
1756116
1825338
1822890
1843767
1827766
1797657
1757642
1825838
1827306
1798085
1936500
1870228
1883070
1840224
1813579
1966987
1777130
1731383
1657302
1772568
1664762
1867488
