4665581
2928184
2646222
2760994
2511667
2584175
2571848
2575063
2652021
2617601
2814017
2694171
2795667
2799238
2874549
2782695
2826014
2830454
2722158
2794979
2785671
2715663
2818758
2385459
3104231
2707832
2647637
2796959
2790563
2802549
2672978
2805019
2831507
2899083
2669563
2739829
2839178
2604376
2754093
2781503
2770632
2644385
2812013
2670177
2734191
2575087
2611421
2787869
2791573
2775308
2597124
2840800
2845130
2718907
2875370
2481930
2633726
2772362
2562946
2717662
2639041
2539570
2804213
2722018
2822610
2616761
2828357
2600585
2748322
2561690
2724254
2733389
2727452
2619141
2651441
2603660
2520985
2466805
2414397
2144386
2654005
2423129
2506213
2538254
2922748
2708233
2497660
2616594
2612180
2336223
2694284
2247502
2760774
2404513
2628412
2814907
2554441
2944709
2837966
2616781
2837365
2675017
3178581
2824430
2814270
2638278
2706922
2830570
2922314
2701706
2802679
2848134
2812734
2825653
2838757
2715216
2807283
2859374
2564430
2814503
2915485
2821154
2852682
2859106
2843837
2757629
2749173
2903896
2879180
2775842
2855184
2860589
2852347
2816080
2864345
2834244
2796884
2775422
2955913
2719322
2819679
2801373
3219349
2897960
2877018
2848713
2787272
2523180
2605337
3076712
2554678
2711302
2595745
2591727
2827244
2531110
2579100
2570601
2599144
2410918
2603137
2440288
2722913
2495781
2651665
2273281
2493919
2396487
2376662
2421802
2607711
2362100
2416502
2421692
2598651
2442178
2257736
2595236
2510429
2485895
2370687
2310617
2592334
2431270
2338166
2326058
2430514
2391953
2605767
2441589
2428859
2420427
2614525
2415670
2388139
2567743
2436325
2312091
2537239
2397153
2288556
2504989
2339597
2399528
2357233
2393157
2486605
2461459
2414433
2267057
2521750
2471552
2372107
2629457
2426688
2486003
2583280
2478642
2419584
2579544
2554404
2109846
2613935
2604594
2443988
2466844
2641494
2467509
2569730
2630997
2509025
2751432
2563840
2621517
2746588
2665310
2281961
2488955
2553124
2426825
2446325
2428257
2577551
2552609
2420951
2506867
2564211
2424862
2514495
2441289
2462042
2490263
2574860
2470683
2452014
2542140
2240320
2187379
2370967
2326357
2139348
2427771
2114869
2306102
2454303
2495923
2538959
2793036
2595747
2479753
2435407
2310267
2454632
2423528
2466562
2434535
2586451
2492949
2434808
2537340
2523667
2251960
2539640
2365432
2478619
2626236
2111143
2471928
2492366
2184820
2462079
2335452
2525045
2523790
2250053
2286687
2327513
2541705
2501739
2532896
