2882518
1975009
1868628
1761029
1752690
1803347
1884918
1889379
1952017
1960364
1961553
2097490
1960038
1978378
1992378
1965424
2065976
1881690
2088211
1838623
1905107
2053756
2061255
1958503
2001392
2070283
1993689
2006601
1939774
2050255
2038272
1947693
1888012
2096891
2017149
1920502
2072821
2072865
1989888
2107527
2031965
2095424
1992351
2121972
2152642
1850447
1826641
2059605
2021015
2055605
2030135
2065101
2077045
1923828
2099688
1959489
2210496
2210697
2078365
2134336
2102959
2087697
1981007
2117341
1997948
2101865
2041089
1953269
2103555
2088197
1923374
2081603
1967095
2007335
2013278
2051623
2101451
1997418
2019364
2074715
2056395
2059713
2010400
2110994
2165544
1997279
2032181
1986243
2100063
2095139
2151220
2086999
1758923
2101205
2065436
2045458
1995227
2018048
2054186
2116765
2037533
2120675
2113855
1897076
1910059
2068023
2123232
2059675
1981010
2046034
1944685
2099025
1964249
1994815
2050250
2083015
2051725
2025462
2116530
2135842
2042010
2038896
1931042
1968945
2047442
2010741
1999143
2017282
2079689
2084256
2031442
2127036
2083791
2023595
2098429
2029454
2153599
1938943
2083271
2046548
2079094
1953893
2045244
2052104
2109872
1961243
2068673
2091922
2012319
2055084
1991064
2036974
1925316
2025659
2036480
2039274
2049204
2022074
2051879
2032354
2045446
2028075
2033138
2031517
2027564
2016580
2066668
1998979
2019807
2044664
2062209
2022446
2009323
2322438
2098470
2030994
2024087
2020812
2066593
2017492
2039577
2031233
2062705
1988417
1924590
1793730
1980995
2002623
2058783
1994345
1964503
2042229
1980098
2057169
2005943
1932628
1925757
2066418
1918265
1968255
2058101
1969423
2065271
1949144
2039373
2300379
2270977
2066441
1798861
2122640
1867677
1915972
1961689
1952644
1914352
1965312
2053421
1899031
2133433
2039654
2060948
2036620
1933373
2096536
2055325
2065180
1999888
2049339
2078768
1993804
1953779
1972733
2009144
2041870
1929454
2144051
2088204
1929422
1965507
2021584
1932990
1969349
1891836
1974085
1972831
2038285
1971815
1981213
1968184
2013088
2014008
2015318
2014253
1901643
1906682
2015514
1942849
2305638
2003102
1920395
1906823
2022642
1778922
1810355
1932958
1952903
2007175
1892924
2158167
2026064
2022534
1944163
1968497
1957097
1978971
1947077
1985110
2037114
1952079
2027914
1905750
1952441
2025237
2016786
2049594
2067335
1964878
1982241
2025673
1783316
1942415
1978821
1911920
1976140
2071771
2008200
2007193
2064015
1848562
2045992
