1144703
1555629
1227447
1475649
1654528
1280697
1321003
1546889
1289418
1578347
1542955
1604744
1568904
1606111
1606636
1620230
1473005
1753828
1748226
1694594
1663616
1597580
1591152
1569838
1501835
1703396
1570545
1688931
1684674
1590592
1595900
1617291
1656298
1652658
1502823
1717605
1544848
1604724
1525783
1641888
1595542
1562944
1675205
1701331
1657561
1669281
1684730
1614049
1658381
1701885
1576496
1898924
1789893
1632347
1679636
1621430
1634666
1689526
1688369
1633576
1611085
1692516
1575131
1474915
1688674
1647061
1667795
1659630
1396189
1653810
1575886
1493208
1765932
1670384
1634552
1587345
1652807
1506965
1759379
1691228
1517165
1690675
1777819
1799980
1536469
1615486
1566385
1703571
1746742
1492263
1786733
1689394
1653693
1684291
1731822
1403843
1649619
1457229
1461425
1567217
1689797
1547326
1443299
1607656
1367618
1666042
1689856
1604647
1677704
1674441
1511914
1668092
1696007
1529256
1651121
1622065
1627430
1683346
1817868
1483974
1614066
1540483
1487309
1586665
1555932
1426781
1580346
1579575
1475479
1556060
1368141
1338760
1585693
1531033
1394191
1512895
1513518
1291278
1567168
1531792
1444645
1591935
1529934
1603589
1541794
1511901
1598630
1582186
1501374
1619225
1595831
1585759
1492629
1381914
1770852
1538405
1637092
1505759
1354710
1580936
1485116
1309083
1594415
1531033
1309590
1548804
1595861
1505829
1594320
1533369
1486666
1479269
1547405
1433178
1585144
1592717
1610385
1589036
1590895
1524006
1550200
1726425
1460754
1542145
1592480
1634072
1787780
1762336
1559266
1376223
1561144
1535458
1606465
1603912
1455538
1662762
1549645
1485605
1595527
1680875
1600692
1636407
1709275
1500235
1653474
1712616
1675761
1658324
1690805
1682132
1686301
1701621
1695597
1691037
1654036
1685338
1664505
1711662
1453818
1695241
1667337
1387932
1666880
1699812
1633304
1657741
1587890
1551165
1627538
1592359
1588570
1648652
1704362
1834263
1575641
1632746
1554364
1661390
1774132
1630421
1639620
1683012
1675401
1829305
1669461
1450158
1523045
1763726
1512445
1525174
1689224
1588939
1649141
1724742
1657591
1700523
1778029
1658412
1659447
1724022
1505757
1617396
1604536
1550381
1667118
1687037
1532819
1644981
1598717
1509155
1694365
1578999
1570456
1649131
1631640
1620846
1544206
1639732
1424912
1484103
1426799
1487008
1764497
1689031
1510160
1578837
1617661
1699811
1704277
1651492
3878476
1636393
1748732
1302364
1616747
1666218
1456887
1645300
1517992
1493392
