1941287
1726305
1572956
1373406
1134953
1454219
1633669
1605608
1394217
1552197
1643987
1645555
1758718
1677021
1711844
1577085
1750199
1721604
1528042
1632143
1772186
1726159
1724358
1808830
1584429
1776410
1652526
1654323
1451069
1418686
1536039
1492186
1637672
1652530
1423016
1641559
1585901
1558989
1685413
1702564
1747156
1685029
1685143
1691088
1700878
1627006
1635727
1846571
1674645
1508027
1744390
1654827
1701252
1747333
1698718
1643777
1741010
1718175
1725789
1697217
1565226
1731719
1648222
1681197
1687433
1719683
1657768
1559488
1631476
1541167
1569785
1749689
1630024
1702658
1675184
1736104
1656293
1820070
1543674
1686482
1627432
1580689
1572414
1608410
1610923
1629676
1679037
1726518
1696269
1729454
1569384
1663332
1672553
1640941
1661141
1746889
1690854
1754423
1732066
1731450
1724458
1698378
1646177
1754952
1754903
1649361
1327776
1331844
1341066
1305550
1298263
1317204
1223558
1374454
1402668
1280988
1071078
1273816
1424781
1307950
1313603
1024459
1305549
1338939
1343011
1410188
1510027
1472433
1629149
1440711
1519009
1603422
1523504
1481353
1517137
1507557
1526490
1586725
1298788
1401282
1451752
1382164
1400786
1380257
1414687
1294468
1380427
1446436
1360730
1626064
1356541
1353374
1364580
1493353
1513924
1569500
1405381
1503973
1544598
1509522
1504387
1531413
1505712
1494089
1534316
1512488
1500133
1554851
1461676
1464406
1570044
1517343
1515318
1523599
1520997
1496524
1546200
1507577
1495583
1534068
1514577
1490799
1529017
1518824
1555741
1538021
1519644
1427961
1485338
1521288
1518022
1553969
1523914
1490023
1533114
1518631
1490326
1530507
1524440
1448153
1554064
1528776
1503516
1543493
1526883
1516560
1534981
1483409
1447958
1562878
1512794
1397441
1402843
1462458
1455498
1761350
1505523
1507271
1506207
1540756
1290619
1458256
1310127
1131827
1535204
1491218
1410561
1652632
1422577
1386155
1428236
1317945
1373427
1687812
1596097
1525826
1643290
1421572
1668297
1686912
1467166
1511454
1654787
1546451
1460597
1622439
1565108
1615677
1645306
1658361
1618797
1597307
1640825
1609790
1651141
1637391
1618926
1643221
1595641
1655333
1648553
1648936
1610129
1597716
1623246
1622883
1827321
1691337
1471402
1594176
1736884
1620440
1631182
1609538
1433075
1848705
1597805
1764626
1665023
1688284
1706082
1698692
1669317
1667321
1720877
1718914
1705852
1717564
1712504
1348109
1705452
1638440
1647167
1701527
1636864
1620089
1749433
1651327
1582735
1733355
