1786261
1677740
1494622
1401239
1188669
1578842
1628528
1737109
1694660
1757099
1726493
1619896
1524807
1687389
1638326
1608643
1761860
1767338
1560854
1876529
1832484
1599823
1705446
1724085
1566037
1689975
1684011
1664747
1916152
1806078
1550952
1505489
1693771
1577785
1633562
1644861
1594772
1771122
1644885
1486319
1544542
1815010
1607992
1803109
1541757
1869903
1649820
1798090
1730189
1697458
1807048
1710929
1817834
1778472
1691198
1866393
1853343
1683266
1873933
1639352
1722616
1759195
1700887
1726395
1680286
1612198
1719664
1697884
1574887
1634908
1783754
1606917
1813144
1739622
1742181
1714068
1645177
1716601
1552782
1658702
1718992
1691822
1768087
1649800
1601907
1732152
1697529
1405127
1786338
1693024
1553372
1547507
1836138
1597681
1586407
1843210
1573563
1638367
1756051
1596245
1590133
1649092
1586852
1667431
1599958
1577953
1616031
1595497
1710399
1524611
1645404
1614143
1646440
1621578
1682555
1634637
1641017
1621140
1610067
1435869
1556027
1609873
1695325
1692906
1546882
1687999
1619776
1751161
1701044
1738296
1718663
1696966
1437878
1837943
1786099
1501928
1595035
1399038
1476473
1585385
1645736
1731069
1706969
1330541
1598052
1514878
1606687
1655383
1667559
1535444
1507131
1684745
1704796
1639390
1578629
1440470
1734492
1684096
1692040
1519780
1752965
1647241
1657925
1758405
1693372
1683231
1722969
1683632
1666099
1723718
1657166
1678686
1708241
1530662
1653257
1686627
1724555
1495117
1679616
1493853
1614659
1663884
1666393
1451061
1696248
1627450
1618788
1676961
1696786
1649302
1688792
1699271
1672742
1695476
1720907
1730609
1793314
1581754
1495000
1550650
1650931
1612171
1477286
1439562
1504509
1572758
1645191
1520127
1586079
1531309
1539361
1484125
1476526
1606498
1675674
1566921
1400734
1584138
1643141
1553747
1567802
1471498
1487783
1412206
1633917
1437732
1603464
1739074
1601341
1660152
1723052
1372186
1527776
1520779
1332488
1576729
1860925
1371098
1738861
1641377
1522750
1790948
1721836
1624931
1675915
1698680
1669877
1707516
1660439
1684410
1677634
1648164
1649061
1688969
1770968
1639420
1733369
1708872
1641753
1710070
1718624
1695400
1735333
1711880
1736721
1767129
1745521
1588743
1757410
1630687
1750935
1759565
1709193
1712943
1645167
1699640
1723426
1692026
1656085
1676433
1690260
1686985
1682020
1802079
1683076
1667986
1696511
1685585
1695999
1895827
1689151
1686441
1694393
1687060
1728219
1740725
1675076
1627057
1797581
1621530
