3909806
2226676
2404018
2504377
2639795
2468225
2664554
2605637
2824926
2756246
2652091
2828743
2794752
2368290
2651894
2443946
2617193
2647377
2678118
2776585
2739614
2650457
2557520
2669627
2712605
2562211
2796342
2712488
2718301
2551786
2158122
2945203
2758702
2696101
2739755
2661946
2637653
2670717
2653955
2678485
2745692
2647098
2618663
2642902
2447501
2571592
2693434
2523462
2625377
2680049
2670388
2606493
2700130
2562868
2620239
2473601
2680519
2553317
2538258
2547136
2445185
2492795
2674411
2473452
2582127
2559752
2507040
2515448
2534541
2602815
2109083
2397875
2575333
2569743
2610574
2518011
2520569
2645638
2675698
2574989
2665160
2642603
2681198
2562985
2696984
2437594
2772682
2641317
2689664
2649490
2525735
2668220
2568043
2604458
2696365
2637202
2645598
2701867
2640848
2605373
2641594
2755802
2620133
2628409
2402055
2565712
2759205
2669710
2669684
2705669
2630244
2692153
2770190
2746579
2764980
2676836
2647764
2648224
2578562
2734461
2746317
2732103
2786281
2806008
2706626
2676778
2806739
2715067
2827471
2737719
2788722
2746375
2306373
2789338
2871575
2643813
2728035
2774356
2808610
2726716
2790328
2722780
3015902
2788357
2754440
2838419
2795212
2366826
2710755
2782655
2702279
2729392
2806609
2658590
2708420
2766278
2833112
2800982
2698174
2708310
2805986
2781008
2734957
2673422
2524011
2608627
2955724
2836142
2453639
2267996
2852786
2534522
2634235
2775845
2703861
2629455
2642263
2448498
2572456
2602141
2557019
2694409
2805120
2498836
2665601
2631748
2870800
2713241
2819877
2703672
2711551
2732192
2623074
2623464
2586658
2444663
2732081
2661404
2751294
2684048
2748431
2718516
2661450
2693459
2755466
2715389
2570182
2705263
2716232
2638448
2812270
2639683
2705409
2791769
2662782
2714696
2801551
2645071
2798024
2694900
2736683
2795424
2789326
2619294
2431784
2578707
2651422
2697098
2799544
2580727
2530180
2672408
2586567
2760093
2764685
2635268
2805514
2733434
2653595
2623279
2595422
2548997
2768825
2395044
2636394
2677086
2778851
2549556
2740715
2762287
2724033
2771074
2810487
2760212
2788417
2734219
2473784
2860229
2409592
1911377
2723414
2512066
2564597
2767893
2660701
2455801
2821383
2727654
2701185
2707472
2708138
2587691
2712845
2649505
2528192
2669374
2724485
2542386
2773905
2749119
2639548
2774053
2714852
2558452
2695112
2636557
2839827
2810047
2849224
2759910
2832186
2798666
2648843
2753171
2847117
2730079
2829560
2811977
2804577
2799915
