3105215
1981220
2079013
1963080
1966407
2047284
2066536
2071918
2078541
2071559
1977415
1996634
2007914
1939908
2089076
2051126
2004539
2111497
2026275
2638343
2098686
1793116
2001760
1959404
2091779
2069289
2017089
2046126
2044046
1910923
1891464
1938968
1938858
1974774
1968448
2026449
2113895
2013129
2045659
2098602
2042758
2008290
2075867
1984273
2048805
2075124
1997388
1946664
1944191
1916178
2077844
2081092
1964205
2073906
2053192
1999635
2096654
1928257
2342736
1876283
1963461
2138255
2131730
2199487
1814354
1997613
1968735
2003941
1993762
1989356
2028756
1990981
2095512
2095571
2035852
2086069
1996261
2304095
2049981
2050998
2084593
2116232
2050172
2037825
2090152
2035905
2070744
2073835
2054036
2079861
2094602
2060885
2023696
2017632
2044438
2071186
2066098
2091158
2016934
2077447
2023473
2035030
2135613
2020099
2064126
2034998
2071475
2072125
2052324
2070350
2077527
2134951
2084542
2058464
2094253
2109131
2053950
2121760
1980629
1950539
1979134
2052060
2029789
1877509
2082162
2049017
1969539
1904943
2008969
1928549
2003156
1898112
1997298
2016183
1952950
1983525
1964995
2038465
1895807
1942902
1962369
2007779
1938775
1961724
1981315
1900333
1968631
2020378
1928483
2038346
1904178
1946014
1966396
1901463
1894993
1955158
1904705
1932229
1910443
1974835
1947271
1965994
1991413
1925654
1851078
1908844
1867437
2160311
2038651
1682587
1829896
2048300
1710785
1720216
1878368
1846316
1782053
1930248
1875364
1831732
1871444
2005050
1828427
1866533
1865737
1959335
1951856
1751311
1906632
1838003
1771792
1846143
1964821
1855987
1811803
1847832
1852367
1829056
1855374
1853223
1831114
1994379
1842194
1911629
1882050
1781541
1845260
1851207
1856953
1824263
1845973
1861314
1828713
1779302
1997495
1824671
1994852
1862893
1821063
1986566
1848000
1899339
1864863
1848639
1817616
1930396
1843940
1819428
1907647
1851348
1810979
1892943
1848053
1810959
1859501
1847300
1817737
1925060
1826579
1974605
1880937
1799532
1821783
1783125
1845747
1828013
1998131
1848944
1811798
1985831
1825779
1798618
1951568
1813399
1827782
1990559
1848068
1846797
1858913
1845039
1820084
1999112
1733681
1781470
1865602
1810252
1815361
1973526
1932223
1947187
3135784
2078440
1676771
1679011
1658792
1719722
1696355
1718477
1822879
1606199
1803176
1812143
1872783
1942924
1778571
1883093
1853447
1964473
1815638
1848422
1846896
1896324
1847823
1845045
1905838
1940214
1965131
2016266
1839377
1842978
