3005665
1962478
1735862
1975824
2263664
2106767
2208585
2062252
1871375
1967317
2134844
2156029
2225898
2144307
2040946
2129952
2167733
2228187
2198973
2260400
2263886
2200891
2138492
2204432
2264874
2285577
2284733
2196374
2226818
2205571
2157943
2269854
2305125
1979192
2181933
2189607
2164841
2208832
2098246
2130413
2214413
2163207
2142121
2251410
2172123
2256088
2246189
2178196
2259117
2332030
2054762
2268635
2262954
2170456
2243909
2230444
2137079
2225850
2241604
2153786
1923164
1887299
1927830
1927895
1962265
2125306
2070192
1893939
2026062
1921445
2017471
2024765
1967081
2015091
1983461
2007501
1962891
2038899
1924651
1975167
1996164
2014682
1969630
2011496
2025542
2048176
2078837
1965335
1993165
2006847
1983297
2033302
2027012
1930161
2088805
2032995
1980444
2010651
1911743
2003655
1997655
2015705
2008540
1994924
1998208
1941925
2014691
2022419
2031175
1983701
2005946
1993605
1990484
2198473
2112977
1755776
2123783
1895774
1933958
2098030
2023206
1923274
2124991
1844793
1882784
1954268
1921166
2335689
1999371
1974371
1967161
1990211
1951828
1948415
1976475
1980312
1899990
1970344
1886740
1701021
1845994
1849694
1785587
1768366
1855160
1817113
1742984
1836138
1782737
1854930
1844244
1815010
1737903
1821097
1854957
1841847
1850760
1849357
1755073
1862036
1780990
1825072
1878166
1704459
1753869
1805830
1725572
1811049
1834113
1709153
1827513
1830440
1824729
1820376
1819530
1781577
1822253
1838310
1736629
1747202
1834338
1781699
1824949
1831939
1766958
1758637
1817739
1815688
1810839
1817763
1764224
1767454
1820608
1799858
1835203
1831465
1732064
1787059
1831633
1688458
1819593
1821992
1734236
1823125
1822449
1767436
1831835
1823180
1775779
1824035
1852370
1810336
1835085
1568470
1807819
1991702
1930125
1784352
1422987
1884278
1848733
1709395
1736249
1731968
2024666
1835475
1793086
1757322
1878668
1819090
1787744
1950084
1886027
1841533
1946569
1874948
1778566
1942111
2237008
1872901
1945748
1831318
1914894
1853978
1847033
1881048
1946909
1868514
1926915
1941915
1871024
1889128
1941450
1879593
1931538
1939238
1854124
1929958
1942388
1794617
1866624
1865398
1791683
1960729
1870017
1876180
1870623
1845663
1805568
1879178
1840366
1809396
1869454
1914561
1856537
1853758
1922760
1859719
1880037
2075766
1867709
1854029
1841177
1861863
1846699
1840166
1867489
1799776
1838929
1886423
1866763
1871984
1853323
1826783
1896733
1821833
1861194
1869983
1870553
1858273
