4409154
2888958
2745668
2780823
2722238
2756202
2772657
2580170
2841224
2687911
2734088
2551962
2508736
2793156
2798780
4084660
2620091
2745786
2813923
2857498
2875218
2797053
2819423
2861359
2830833
2852468
2797619
2725472
2857987
2773213
4166434
2778173
3060255
2745711
2717081
2765203
2731762
2676007
2779214
2779062
2831873
2502472
2703601
2852474
2781147
3983491
2848276
2746692
2856777
2629440
2789373
2757478
2807783
2797689
2808132
2621032
2687132
2795359
2743596
2666541
4169878
2680679
2816068
2750362
2800472
2679068
2786326
2643350
2678472
2682406
2804240
2678937
2726453
2642141
2377931
4050091
2692661
2786792
2781512
2868669
2790719
2720562
2831137
2832404
2819973
2735172
2802755
2739560
2795394
2796036
4009113
2815313
2782795
2795043
2778874
2689287
2820596
2813623
2812027
2801528
2822447
2686422
2797625
2275441
1795699
2225030
2471712
2232059
2445315
2464806
2535910
2500992
2609941
2524770
2558499
2529570
2486058
2611507
2606533
2516774
3621041
5226301
2519210
2448723
2530860
2452045
2444742
2365714
2511363
2327417
2869142
2373372
2441843
2481328
2506763
3540201
2507354
2281714
2445719
2524699
2628815
2533890
2587617
2367964
2491687
2203649
2331247
2428077
2350383
2421488
3317264
2503858
2446588
2530349
2566952
2590268
2493564
2424094
2515936
2429705
2389101
2394224
4268579
2272140
2058449
3644749
2134495
2114731
2143715
1991951
2057070
2168785
2552721
1998143
1872728
2149637
2263313
1864536
2391678
2010479
3022724
2325803
2329330
2099933
2167190
2271312
2291913
2083674
2234115
2182297
2288184
2211796
2204087
2463243
2378547
3992063
2468865
2315733
2430494
2391165
2240415
2387258
2428733
2389418
2333109
2424964
2313006
2135495
2208076
2117117
3992495
2414823
2342818
2380263
2452122
2229997
2168464
2431351
2371773
2177501
2451371
2399111
2022828
2169486
2263405
3254825
2174247
2156015
2359583
2114885
2330521
2303361
2214096
2349658
2309048
2289478
2243036
2332137
2197936
2349233
3402663
2280650
2476279
2372235
2420604
2289907
2252762
2357623
2260327
2359522
2254751
2369928
2188631
2486433
2321850
3791529
2404221
2100822
2345723
2447288
2252532
2344629
2464261
2321841
2192519
2455435
2421496
2176635
2434520
2409778
2270208
5759291
2158740
2358034
2314008
2295237
2086079
2424505
2394667
2270142
2241497
2174325
2091864
2196352
2496270
3821179
2388109
2291777
2248169
2167452
2359183
2366279
2688652
2273036
2483805
2433046
2523672
2194006
2356751
2341270
