2561649
1910306
1746528
1744186
1891408
1896209
1998708
1830938
1975387
1927293
1698589
1970862
1861211
2061821
1894540
1929189
1947968
2106611
1777990
2097590
2014126
1769337
1938991
2047228
2016253
1593701
1966656
1965469
1995292
1983601
1898165
2097353
1991980
1969249
1923401
1876235
1961720
2101251
1987781
2011972
1887835
2127859
2111834
2091832
1986535
1954599
1992257
2119045
1953891
2107961
2124493
1989354
2077419
2049102
1922869
1734329
2125319
1977392
2082284
1919748
2009462
2073352
2066420
1991854
2063283
1978079
1991906
2069352
1778748
2094508
2076960
2030692
2253451
2076573
2167454
2065767
1962227
2110469
1861954
2021182
2119155
2079991
1969258
2001009
1973239
2077138
2100321
2013843
2067210
2006781
2067696
2070486
2077877
1963590
2018132
2063423
2078214
2030316
2096313
2038350
1785543
2151029
2069483
1977532
2130659
2084204
2099524
2137056
1990443
2041833
1807003
1772121
2123217
1896255
2058226
1976611
1909076
2044138
1974272
1895318
1990811
2218132
1869564
2392112
2088428
1966510
1974452
1996552
1965339
1992629
1950464
1994856
2003092
2028965
2024972
2000889
1902852
2000825
2023274
2016987
2064062
1999222
1982653
1987024
1972760
2058763
1963931
1987812
2008587
2023166
1916859
2027903
1874958
2051212
2193386
2051081
1949864
1925443
2040526
1843698
1788569
2034212
1940592
1954403
1986087
1935699
1953057
2092072
1907393
1987242
2069715
1952115
2018042
2009609
1900617
2024592
1980702
1880919
1935321
1875560
1935049
1933622
1947159
2302607
2278395
1976029
1983651
2065241
1983211
1944709
1708207
1901371
1920932
1943021
1979299
1967179
2020712
1973093
1942312
1954101
2017175
1960843
1955821
1960943
1827110
1951651
1952585
1889808
1940534
1980539
1955555
2010240
1982901
1936299
1958404
1892710
1958394
2025480
1984792
1960864
1832936
1996988
1922862
1949562
2093344
1925499
2377637
1923991
1951459
1972730
1901134
2124974
2070284
1881421
1930835
1948983
1937669
1937411
1987156
1990718
1925262
2059754
1888921
1904869
1974581
2011650
1965553
2062402
1909800
1929961
1958221
1880538
1958930
1944995
1889479
1880048
1937040
1886260
1949921
2068670
1882082
1971037
1930712
1982661
1927579
2015704
1886152
1998410
1917939
1902331
1897940
1953302
2050313
1936179
1973690
2050587
2007561
1896811
2013072
2082514
1725691
1888716
2015386
2018102
1879497
2174389
1796811
1937952
1744204
1790354
1800859
1776046
1740975
1792836
1740366
1917619
1678995
1684930
1787246
1934197
