2711839
1964136
1879373
2178697
2129949
2160971
2265434
2294938
2144856
2004138
2209107
2114930
2259504
2413023
2129745
2224560
2196234
2169182
2231087
2256247
2138713
2219968
2157056
2030725
2180116
2337784
2229547
2280958
2241122
2194401
2216571
2363469
2234486
2223362
2266537
2080651
2126151
2256232
2257669
2272657
2131206
2251421
2306756
2219111
2262018
2214564
2205304
2220215
2257026
2279531
2165095
2229281
2185141
2089725
2289220
2305430
2293488
2113900
2233187
2395095
1941659
1953359
1675525
2145860
1880523
1830806
2076370
2073167
1836083
2047131
2085229
1987843
2115141
2004285
2054054
2075661
2025489
1957945
2043026
1987100
2005804
2092847
2086429
1832221
2018175
2046220
2047168
2019454
2009649
1928291
1962624
1977781
1977953
1949617
1941531
1818855
1977959
2041317
1979123
1966707
1966141
1933759
2021050
2007686
1980997
2034098
1930332
1955442
2033120
1988260
1864683
2017226
2006479
1734499
1930917
1931186
2020714
1959294
1987804
1923790
1910851
2287982
2222126
1718365
1837482
1771882
1947828
1960130
1872822
1869537
1891567
1913817
1832141
1795962
1869939
1820346
1830080
1831957
1856520
1849817
1755255
1893647
1776239
1850248
1797260
1864819
1837147
1875693
1791089
1884492
1790697
1900749
1887293
1824419
1917264
1864013
1876227
2016595
1895783
1958931
1934944
1933709
1824414
1900699
1876540
1854279
1927218
1801078
1898778
1908154
1889263
1852312
1904383
1741857
1892968
1910409
1839705
1816236
1937989
1841506
1885442
1916424
1878573
2045235
1934817
1780737
1812355
1900807
1735109
1866302
1898414
1843727
1893263
1955134
1850821
1861263
1885414
1837959
1885987
1848046
1760764
1850697
1915637
1809500
1888988
1910779
1871967
1815330
1880373
1998061
1923625
2015679
1932131
1939477
1925865
1899380
1944189
1919722
1910183
1940679
1971023
1832593
1862572
1939779
1857949
1944549
1900614
1870822
2001336
1856522
1867361
1866674
1896683
1794822
1853271
1899767
1861093
1823798
1861693
1856826
1871127
1880233
1880852
1864030
1916514
1903811
1870391
1879368
1802468
1871558
1889774
1881179
1798942
1725368
1859666
1783242
1782372
1814522
2129589
2028953
1878249
2031490
1788111
1971191
1830259
1882553
2007900
1872187
1663466
1881833
1769048
1920250
2146937
1845562
1923569
1906660
1895767
1882884
1912246
1876785
2042675
1852513
1870204
1905905
1900478
1841228
1867899
1880923
1852067
1882514
1871299
1895572
1890544
1710391
1935430
1981849
1934344
1929544
1990755
1963523
