1606493
1720389
1763186
1976393
1943431
2106629
2229860
2151117
2158543
2179678
2122253
2120599
2121019
2205569
5873755
2189098
2194830
2082023
2237825
2041822
1972080
2225154
2222565
2232051
2088802
2216207
2173503
1973053
1865331
4206328
2129529
1987158
2091623
1924728
1996579
2136378
2235374
2099387
2268110
2202703
2550701
2269501
2378686
2370762
4917395
2084591
2017522
2061482
2122533
2020943
2130650
2112616
2159663
2005406
1977930
2187627
2100337
2168331
2326266
4165089
1935321
1812770
1830108
1922787
1920977
1957894
1799769
1884136
1968958
1878420
1931147
1873313
1905143
1876450
5928757
1969582
1887443
1886195
2015372
1885197
1911295
1773515
1915127
2180598
1891410
1995921
1861461
1820597
1820705
4254556
2127581
1951992
1757932
2124954
1906837
1711895
1808980
1778104
1904180
1964502
1871633
1927245
2116433
2013686
5868329
1941627
1836051
1996896
2097777
1802517
1934795
1846924
1817139
1965161
1881024
1865241
1933605
1877060
1962976
4144126
1823280
1781430
1874583
1797890
1971795
1994216
1922122
1973361
1928543
1740568
1985171
1996409
1966092
1939201
3867637
1767832
1903044
1954715
1991021
1886407
2043185
1779000
1957641
2046131
2033236
1939468
1958886
1820616
1958157
5488224
1929612
1959786
2052966
1926841
1985838
2057568
2046302
1952651
2029162
1828830
1954521
1980983
1939765
1944519
4275433
1876456
1942377
2013280
1920577
2002923
1979308
1840891
1949938
1928440
1902445
1957926
2030582
1845740
1930462
4063160
2014112
2008334
1979970
1859627
1935437
1985882
1784248
1892578
1943871
1793083
1955372
1950575
1739024
1953189
3871932
1757394
1942746
1772596
1866688
2015838
1875266
1924908
1890736
1777820
1821710
1913652
1543033
1805634
1917679
2950968
1895335
1908425
1919781
1943462
1939855
1899661
1887406
1821060
1936657
1749609
1917171
1933502
1914271
1896479
3186595
1965132
1912295
1933731
1912956
1913707
1964266
1977187
1920327
1958192
1824134
1938761
1882380
1867566
1893373
3158773
1919907
1922726
1954384
1904307
1944582
1962465
1819754
1917170
1901431
1920296
1899308
1848880
1863187
1881876
3534982
1930671
1939602
1907654
2024846
1790256
1891047
1833939
1873445
1921451
1786816
1927628
1871861
1766555
1901602
4129980
1834656
1934050
1907150
1871247
1870575
1969723
1946512
1857025
2009042
1865089
1904356
1994558
1918236
1960098
4264133
1905745
1966857
1913985
1980113
1996086
2053125
1824601
1966307
1994566
1882361
1963321
2014311
1880608
1968865
4142746
