3181904
1948658
1915583
2048105
2127373
1916124
2009954
2113360
1837782
2008770
2137607
2025612
2072986
2114715
2046036
2201709
2255280
2073967
2071201
2104152
2080795
2073100
1939199
2004165
1955368
2028119
2092626
2057194
2134223
2067280
2014403
2068512
2042187
2110917
2040468
1964658
2060039
1977079
1933742
2033751
2078670
1833956
2007758
2015326
1961742
1982881
1912603
1819621
1970050
2093491
2037553
1958470
1998192
2004325
2259326
2151933
2265070
2104796
2093180
2034659
2058106
2044920
2053605
2096781
2014244
2093936
2061910
2127045
2009114
1999264
2155101
2056927
2057308
2100828
2096188
2009849
1884007
1952068
2005203
2046823
2030349
2064948
2135285
1949402
2048500
2140235
2044195
2062870
2142711
2098596
2044701
2027129
2005623
2062086
2102614
1973822
2039806
2129635
1987257
2085105
2151467
2004674
2007869
2141576
2050115
2016405
2087596
2092881
1988025
2128283
2046443
2062565
2147689
2086936
1946643
2104824
2088970
2076501
2128273
2037279
2037309
2095006
2045051
2040721
2119321
2032175
2088400
2136799
2055987
2058201
2369270
2360150
2033876
2150395
2103844
2107585
2118177
2019085
1987229
2089185
1990256
2098326
2125162
1970538
2018587
2131032
2117938
2107250
2087110
2009510
2056592
2016643
1965214
1886947
2038754
1984464
2006836
2052096
1984404
1920375
2070489
1970192
1967633
1980720
1970618
1974555
1982006
1925457
2009176
1992015
1985578
2014743
1938582
1985927
1929011
2022286
2069759
1815921
1923400
1753370
1911953
1522981
1654418
1786239
1755509
1492981
1839153
1966647
1835756
1756895
1817865
1811189
1756973
1826827
1735959
1887751
1731421
1795454
1864888
1942229
1802382
1940682
1844276
1861584
1933465
2020200
1845680
2046415
1944794
1868887
1895584
1741639
1817434
1916651
1899954
1891917
1931578
1972942
1871360
1991812
1979164
1786829
1933469
1957496
1855463
1921434
1801005
1837317
1943226
1892868
1794539
1933145
1876147
1829666
1805572
1937294
1874153
1973069
1645288
1902909
1987033
1769672
1900397
1999070
1994893
1875254
2006740
1932678
1910115
1808936
1888240
1866153
1987650
1966389
1903707
1917641
1886315
1867150
1976289
1965309
1819240
1933662
1951498
1888433
1993013
1923193
1904029
1640061
1779445
1827580
1941788
1798481
1861744
1938704
1891779
1780645
1942290
1880657
1859952
2009759
1956956
1845954
1886980
1942091
1792063
1592352
1702782
1534311
1876286
1934855
1724529
1850483
1834222
1628907
1819813
2064687
1723211
1959132
1896057
1823672
