3054127
1734822
1775125
1898657
2033618
1955222
2005979
1952544
1940392
1890583
1936857
1963408
1828774
1992356
2067605
1826875
1941482
1984186
1997286
1962249
1956922
2016636
1964492
1962192
1904999
1983368
1970458
1994938
1881962
1954644
1984082
1981604
1964791
2019062
1944320
1927782
1957469
1969112
2000361
1947764
1987716
1965322
1896476
1906068
2011244
1896354
1911463
1903888
2009511
1812215
2007968
2013893
2013677
2255733
2110037
1900789
2069747
1892401
2002607
1984354
1922298
2041606
1990718
2012776
2044403
2064427
2004128
2058822
2043629
1932718
2055357
2133052
2029658
2013919
2088311
1954855
1995614
2044384
1957389
2001702
2005908
1976085
1977208
2010984
1911099
1988218
2110557
1987196
2001858
2082181
2239418
2057402
2020180
1992538
2030424
2067218
2035212
2020282
2014094
1985598
2029144
2135273
1945838
1935304
1965485
1946108
2021912
2044694
2039793
1874505
1941035
1999458
2026144
1896717
1889384
1936065
2005187
1993207
1937227
2060498
1965038
1952047
1906719
1942814
2012242
1913823
1918545
2004764
1963113
1993778
2003783
2011953
2001154
2006279
1999432
1931751
2003383
2041926
1956285
1661496
1993103
2180267
2111007
2068311
2035002
2051828
2108554
2029611
2005258
2115542
1994409
1869057
2075218
2062071
2032904
1927933
1998838
2027188
2023982
2047415
2021522
2050538
2008134
2032103
2069634
2003263
2026572
2088158
2096577
1944822
2139441
2098838
2043528
2087632
2080772
2044688
2112607
2091642
2046619
2140632
2081494
1939375
2060009
2087406
2039709
1989215
2016635
1939058
2056878
2101548
2018098
1983253
1926560
1928537
1953974
1955156
2102209
1895390
2004644
1999512
2034428
2037702
2038709
2022138
1899006
2082641
2077112
1979918
2099821
2068507
2036281
1966782
2075427
2074340
2334020
2083510
2037804
2060162
2068580
2177423
2109947
2162608
2042099
2085156
2130015
2085977
2070008
2130562
2070428
1907343
2104307
2082284
2079577
2108265
2048087
2074724
2110082
2039948
2077698
2072801
2035463
2000292
2037538
2098007
2076529
1973143
2072937
2079736
2058195
2063217
1976622
2120267
1940320
2020718
2099202
2083468
2064895
2057401
2083364
2123461
2045734
2134530
2018214
2105935
2101418
2078247
2106782
1959798
1958430
2077004
2017690
2104065
2091228
2359896
2093732
1993304
2092772
2085042
2066038
2084298
2084894
2064172
1906353
2068121
2103219
2080908
2083371
2075289
2071192
1935847
1918519
2001036
2102864
1944409
2064508
2129344
1890569
2107315
2010869
1915302
