2922840
1984823
2160967
2355678
2306497
2260108
2341915
2335035
2358351
2335934
2329630
2313622
2279184
2345145
2283425
2333818
2313215
2245907
2296654
2250217
2223563
2268586
2297468
2243484
2405740
2321099
2351652
2355353
2335143
2263401
2249288
2387097
2335469
2192362
2277358
2290838
2233543
2282324
2342445
2213912
2228193
2372904
2311773
2311379
2288794
2156501
2312455
2096066
2208787
2194115
2248377
2247580
2266355
2232373
2296848
2177980
2269034
2275928
2220430
2159816
1984784
1904657
1806002
1993947
1883801
2042988
1982787
1836956
1928893
1969563
1896722
1912712
1984420
1832327
1872032
2010847
1987069
1920662
1897717
2033340
2057198
2067549
2207043
1894492
1925233
2091351
1744522
1820111
2102369
1932241
1867189
2003734
2006132
1902282
1892292
1911547
1877275
1906902
1917012
1922686
1783861
1974522
1911812
1759810
1952666
1960405
1845505
1930255
1864327
1901567
1824564
1907762
1881619
1951359
1874222
1865361
1962206
2022154
1875456
1761138
1930158
1973939
2016838
1919233
1864628
1884441
1944517
1929868
1870511
1888887
1908871
1771699
1821377
1881388
1753095
1853077
1829910
1910578
1878761
1864026
1934156
1946152
2214223
1957045
1722419
1944247
1931016
1872448
1840017
1884001
1673311
1880304
1922381
1934196
1818331
1903793
1897155
1861677
1936662
1890136
1816750
1945185
1817945
1861795
1766134
1940758
1703335
1914701
1859077
1882411
1931932
1872757
1924423
1826571
1783486
1856670
1895903
1847817
1828012
1795099
1917468
2203747
1957610
1748505
1737635
1923960
1836398
2000111
1849951
1789104
1763971
1772456
1621771
1962175
1873855
1871835
1916572
1933371
1914746
1939511
1923256
1940457
1949088
1946995
1914561
1910646
1891541
1870825
1877042
1954525
1889932
1940692
1816235
1933447
1843380
1956982
1912072
1817160
1915246
1905167
1990850
1880182
1831781
1927328
1835964
1872125
2069884
1948472
2018000
2065678
1963453
1977346
1988486
1928788
1874908
2026537
1982375
1952358
1990359
1874681
1915951
1942108
2249493
2024549
1945277
1932316
1848470
1945269
1939786
1906102
1922859
1843891
1845316
1924038
1908411
1858797
1881651
1975012
1952302
1984247
1882167
1959936
1869801
1885448
1987449
2040893
1992699
1927998
1883077
1959279
1916592
1867160
2007573
1965332
1993742
1928022
1993753
1914148
1990286
2004954
1970163
1916621
2004620
1917485
1908427
2015694
1985450
1946549
1984443
1925314
1914394
2045264
1928302
1910152
2006060
2015937
2000534
1984969
1988202
1952721
