4367565
2881411
2658199
2567284
2648190
2804728
2663805
2711716
2737747
2719376
2709972
2609859
2680558
2739695
2648870
2658281
2670496
2833543
2741386
2731906
2758298
2547475
2757846
2658385
2692915
2725229
2654991
2614561
2796235
2747786
2817090
2585139
2700662
2541724
2753067
2837853
2823932
2841791
2843625
2694142
2835004
2752222
2762322
2802876
2861181
2807167
2891325
2819068
2709062
2802992
2879861
2802843
2850160
2823977
2709636
2988062
2722336
2751036
2752211
2841957
2689516
2731487
2784702
2740913
2839417
2717256
2821254
3042758
2806682
2801172
2855939
2787403
2755018
2864892
2780226
2587592
2720835
2710362
2689665
2571250
2777760
2722848
2818008
2684401
2854453
2751328
2842479
2785526
2870008
2791821
2662296
2632211
2746875
2696532
2707323
2901297
2872904
2817181
2778317
2860298
2657836
2792902
2781051
2709052
2509623
2490445
2667334
2368702
2654130
2476351
2662272
2530580
2876072
2796476
2828962
2839344
2686209
2604890
2844526
2871241
2750540
2753592
2736588
2630883
2708665
2859039
2678151
2738329
2856269
2847898
2871850
2844932
2633731
2835650
2773529
2706636
2812656
2761110
2756712
2634274
2816880
2564487
2773762
2551983
2787693
2753580
2682554
2620521
2757635
2689705
2743192
2675844
2654161
2646381
2691236
2730602
2728445
2628767
2758868
2763988
2802031
2816392
2772033
2753049
2832712
2659427
2766043
2754526
2696256
2726128
2771607
2647285
2766955
2738688
2742171
2739786
2780117
2758361
2394799
2547783
2433403
2638641
2750177
2551371
2597534
2844653
2665626
2652616
2716308
2719545
2729397
2753889
2790200
2530620
2492584
2737772
2686608
2451237
2726248
2589872
2675275
2634979
2500860
2617454
2635901
2861438
2720730
2585831
2725476
2547593
2595113
2516909
2380073
2222669
2341608
2616205
2616324
2651336
2695711
2560995
2493117
2473479
2515296
2719478
2693956
2525640
2562180
2722136
2589604
2604280
2723912
2635647
2731412
2601501
2720195
2656016
2601060
2580159
2702458
2706635
2541390
2598302
2895363
2632076
2683927
2752198
2686652
2739836
2775032
2704151
2764982
2742576
2739097
2759121
2727852
2595370
2753518
2770972
2770084
2686364
2799962
2658194
2631505
2751385
2778722
2687871
2764410
2726232
3071997
2756481
2494700
2430506
2717040
2683856
2736725
2715601
2715486
2657877
2794462
2715146
2836748
2772781
2812052
2833319
2753702
2677352
2829249
2810802
2730726
2669667
2839386
2706499
2665048
2696076
2790006
2810783
2756088
2826023
2810443
2750626
