1927389
1506693
1476689
1477701
1416830
1579384
1596109
1436085
1763545
1338638
1638336
1678295
1783078
1807722
1787287
1739422
1694471
1757557
1757000
1635277
1734648
1769935
1619920
1761765
1791835
1664600
1711301
1768581
1757470
1723597
1755591
1825607
1693565
1779218
1652575
1732065
1763921
1683785
1665062
1763261
1776985
1715938
1774469
1740195
1627136
1652533
1583266
1836558
1621000
1497914
1780837
1714021
1681633
1745012
1733051
1680551
1722961
1714121
1753957
1756079
1682964
1547105
1761600
1704576
1707786
1778491
1757571
1619231
1780191
1665955
1778557
1759777
1778507
1679557
1732283
1687981
1475479
1801516
1766517
1925277
1904292
1775291
1531679
1949983
1562630
1605650
1664518
1748695
1779317
1743391
1432818
1597700
1766761
1546354
1689807
1746716
1556368
1695611
1659780
1625043
1485078
1703205
1569956
1605319
1619050
1574724
1606314
1747680
1531690
1576492
1591904
1568666
1583311
1806886
1600327
1733862
1595230
1587810
1617106
1813825
1620043
1777573
1795427
1617531
1782097
1815319
1690131
1764398
1804582
1713127
1767071
1690766
1731965
1683224
1743557
1726101
1889567
1813551
1586775
1695781
1685211
1621304
1667141
1753000
1693825
1581586
1831298
1685096
1665020
1674003
1574935
1571692
1815272
1669581
1791677
1632151
1563176
1926576
1479334
1545999
1725692
1624559
1568719
1658067
1557914
1548201
1662100
1739027
1503945
1735077
1730996
1451333
1465035
1678475
1612334
1681294
1677227
1655972
1726547
1740411
1626710
1732347
1804705
1752941
1555893
1982427
1584946
1667047
1692308
1601389
1698177
1832091
1611421
1733621
1783921
1697845
1693665
1801981
1508753
1747411
1720770
1668185
1756681
1703756
1544604
1304676
1309680
1465374
1480147
1477355
1550770
1510735
1603608
1444009
1646636
1577546
1606237
1615066
1595186
1524109
1545979
1572711
1565526
1659681
1650984
1508303
1695010
1640961
1494846
1685816
1730998
1642661
1549999
1734235
1717691
1620409
1583139
1656490
1700154
1687840
1658236
1799226
1755897
1718497
1709624
1626390
1613627
1678118
1616754
1561034
1630276
1630550
1693211
1627035
1658757
1685492
1747662
1663655
1509749
1647974
1792502
1627171
1785104
1726665
1592904
1715773
1704417
1718821
1705825
1655566
1682173
1720557
1729272
1648970
1686213
1672601
1651387
1660095
1628890
1679195
1317561
1565480
1620517
1442177
1569477
1565393
1542767
1622340
1603218
1528509
1587002
1462808
1531770
1633049
1662605
1639001
1612810
1711547
1494184
1679907
