2793080
2221798
2022375
2349348
2252558
2205682
2229181
2229511
2231864
2290622
2306582
2268566
2319738
2229059
2332285
2334941
2233508
2226961
2339069
2309978
2035765
2365865
2339693
2141234
2305038
2314769
2237633
2319401
2334266
2269156
2265140
2318697
2277512
2279424
2290831
2253682
2234294
2388702
2089360
2347442
2278103
2115648
2405356
2096676
2120248
2240576
2252691
2221182
2499314
2210862
2270956
2294053
2448266
2155701
2301132
2298080
2056483
2326710
2317712
2255492
1986503
1931435
1839289
1997665
1921966
1954429
1945717
1961925
1932211
1979875
1936468
1903099
1994134
1980987
1980153
2037175
2022090
1832506
2159473
1926079
1918368
1878951
1836681
1942061
2025289
1884870
1822047
2118096
2058877
1934246
2020414
1943029
1868442
2023980
1649014
1967418
1954366
1952079
1960027
2260375
1991349
2026430
1939137
1891644
1985683
1811792
1967925
1962949
1988476
1974283
1924362
1985119
2017041
1957197
1949353
1934544
1890179
2000756
1993409
1937001
2033505
1988049
1967209
2005329
1981539
1917029
1856199
2003221
1943779
1967563
1987849
1926187
1985155
1996500
1931602
2004439
1984714
1962449
1983155
2053978
2169450
2018196
1957338
1858194
1942363
1986960
1866573
2008794
1980175
1871084
1967233
2008219
1893262
1976432
1915448
1879011
1980063
1981435
1898229
1969079
1980622
1891912
1975009
1966314
1892678
1977378
2015636
2024846
1887268
1947898
1899533
1879102
1811242
1932275
1846184
1779931
1664186
1814168
1777957
1733367
1856234
1872932
1759752
1993821
1958569
1838270
2037799
2016420
1929418
2024202
1984030
1848541
1985336
1962705
1910958
1975523
1983967
1906544
1846514
1919558
1854248
1850050
1923027
1896552
1897076
1882658
1845088
1957712
1951689
1877799
1962971
1959441
1840732
1951059
1954598
1903716
1897842
1973103
1926551
1877260
1932797
1860308
1888402
1956783
1801038
1956098
1856181
1987563
2135141
1960969
1893932
1944268
1871691
1925769
1961369
1965107
1890956
1855385
1944716
1936244
1876106
1953951
1875332
1880969
2004207
1927245
1865989
1958873
1913617
1920519
2028850
1937347
1909939
1832056
1907638
1734641
1883721
1887997
1731986
1961559
1926279
1790401
1947704
1904889
1782655
1921508
1888066
1811302
1947011
1782387
1787141
1958689
1877186
1868126
1961347
1786207
1823133
2096814
1435866
1819182
1748612
1840181
1893171
1942579
1891993
2040889
1959347
1785467
1926428
1976000
1927173
1827506
1947609
1888542
1870778
1959959
1835535
1894727
2020749
1962169
