1896005
1261029
1398362
1295796
1297320
1196526
1534411
1270265
1182327
1377245
1590452
1668978
1662403
1688517
1699443
1730744
1614808
1750608
1799342
1609457
1752602
1808495
1568451
1778835
1772592
1674367
1753130
1710059
1821299
1779458
1761005
1691826
1779564
1763517
1662108
1752854
1773288
1677223
1759103
1786209
1624253
1684858
1689650
1454141
1482629
1499333
1249456
1509073
1731574
1648974
1680723
1672695
1524253
1741064
1698452
1639039
1680074
1692000
1589841
1664325
1946759
1650093
1721515
1650813
1688792
1704767
1691413
1634589
1669312
1734418
1732653
1706583
1756060
1679585
1575907
1757074
1677364
1698478
1758222
1683038
1729157
1751670
1663503
1732344
1765028
1620458
1670934
1767212
1776324
1709442
1807428
1640413
1720998
1667339
1680957
1707210
1769516
1718218
1708169
1766604
1597729
1733002
1732677
1663873
1613693
1741106
1647273
1708553
1737303
1641665
2074969
1752639
1676768
1725148
1754260
1685654
1696604
1790704
1688742
1718707
1761848
1726837
1644262
1755324
1678879
1761598
1722887
1635133
1732683
1797957
1761778
1848758
1763514
1725264
1701757
1594593
1630389
1738794
1722455
1742699
1746038
1755104
1518763
1680328
1789838
1347476
1675556
1740228
1471581
1694593
1520413
1601764
1575591
1557199
1294578
1530225
1504733
1321103
1576767
1490071
1324594
1528956
1583927
1356459
1505787
1564167
1327010
1479218
1463911
1202816
1595067
1532980
1370507
1612323
1604160
1713383
1645846
1617792
1620103
1705199
1614162
1588462
1655939
1755209
1526957
1611370
1627158
1546996
1644698
1640867
1582313
1720698
1619149
1613150
1624136
1595468
1541953
1630065
1590897
1636266
1635797
1614512
1596873
1623847
1647341
1823423
1653104
1631605
1607256
1671874
1667223
1625377
1608478
1569872
1628723
1618996
1625043
1542649
1635253
1623120
1573323
1622087
1620187
1506398
1609381
1571261
1528040
1637903
1672491
1604951
1619833
1653747
1613687
1619111
1625640
1631053
1662018
1532279
1722128
1644387
1606120
1883656
1681634
1707530
1667622
1741884
1669610
1667803
1843659
1652358
1705257
1599562
1659988
1702430
1688864
1629419
1588503
1680876
1599317
1553339
1677780
1633757
1717940
1678986
1620329
1805992
1723288
1571112
1603693
1410441
1549959
1425464
1511348
1561286
1440395
1593869
1575196
1468681
1611397
1570623
1574039
1597965
1595934
1545762
1647193
1597062
1593183
1551959
1588829
1691283
1649069
1621677
1664833
1770534
1671036
1570799
1681805
1616763
1551449
1642710
