2073194
1305244
1437647
1330227
1469859
2471454
1693478
1529770
1397371
1767259
1613235
1811512
1802994
1559925
1685850
1645061
1627831
1619282
1747288
1494828
1648703
1674303
1581777
1545739
1688245
1439320
1645469
1658871
1764421
1731762
1673127
1542476
1760588
1789982
1753265
1781564
1656471
1583388
1715646
1754265
1778926
1674591
1747673
1783379
1772885
1743478
1776407
1762857
1728593
1704054
1837613
1808910
1737002
1763641
1688273
1631095
1714272
1754242
1794747
1685100
1702278
1676028
1840054
1806014
1727578
1777419
1765402
2012216
1798233
1713425
1789159
1719764
1738162
1676902
1814177
1929652
1834351
1739932
1791773
1733503
1767032
1779168
1793258
1717794
1683635
1753973
1711076
1797734
1963229
1793513
1853124
1823309
1769385
1736392
1781945
1841944
1878720
1513717
1484635
1423004
1664078
1732519
1749989
1179339
1447590
1546480
1673051
1655887
1674445
1561050
1674814
1724022
1641708
1593463
1628419
1639085
1799896
1668115
1691827
1699232
1668447
1631464
1718358
1660895
1644685
1621281
1706282
1696624
1685500
1720317
1624780
1545590
1711568
1660190
1702795
1723924
1649566
1648798
1722624
1561261
1721266
1722192
1612909
1640597
1714221
1681920
1598088
1706307
1651541
1733547
1713302
1665101
1685795
1770031
1676765
1784322
1795092
1634704
1705491
1786349
1697539
1642737
1769134
1704602
1686836
1774517
1740056
1758117
1766051
1622275
1683297
1762009
1669746
1637207
1737875
1718703
1642992
1777121
1739918
1713572
1759818
1728116
1690542
1753145
1651327
1703148
1694854
1668421
1668460
1751020
1603729
1619380
1747728
1672662
1766522
1745461
1680169
1711402
1761816
1622343
1699782
1758908
1602540
1569531
1634665
1346881
1619057
1562914
1401236
1425272
1602699
1464500
1608467
1552705
1494546
1648397
1582552
1432331
1593607
1765872
1553486
1495976
1600109
1561762
1637067
1612790
1500590
1596810
1490403
1627538
1704763
1541748
1583138
1604484
1596003
1556044
1476809
1453029
1693190
1638872
1610745
1772159
1664277
1627395
1716870
1721999
1719472
1562050
1718127
1719704
1570603
1659831
1719512
1591060
1592525
1590301
1738932
1715442
1704209
1590702
1721253
1711709
1639421
1711749
1719172
1714087
1725816
1707312
1727162
1702902
1697062
1684501
1705660
1717806
1577790
1698989
1718367
1732609
1707679
1739664
1662704
1670404
1701103
1663936
1703981
1718487
1750812
1702830
1667941
1704568
1708585
1704838
1719512
1697840
1656490
1705252
1699758
1648111
1707315
1697276
