2709751
2168436
1834948
2188022
2114354
2234590
2274505
2409857
2324784
2354385
2320242
2290566
2365348
5794779
2380149
2364559
2360131
2349770
2355873
2401285
2148376
2379413
2383085
2351776
2381835
2321760
2361388
2333368
4722017
2359729
2319245
2368089
2205465
2104769
2226097
2339273
2286572
2323359
2290149
2382095
2275171
2244725
2276173
5799590
2301246
2385289
2537121
2126291
2231138
2163339
2159876
2281648
2348822
2304422
2309830
2161377
2290781
2359794
5899837
2116096
1975924
1896436
2011574
2002568
1960811
1927023
1989233
2073906
2043141
1876492
2031794
2030914
2053739
4175262
2037764
2039895
2061678
2022447
1917023
1909904
1943401
2037722
2070270
2022875
2055865
1987383
1997685
2027493
4556045
2003237
1994299
2057102
1959496
1908333
2150386
1957347
2027771
2079129
1997960
1894237
2050045
2031462
1878318
5145448
2061315
2080541
2115891
1941982
2026630
2016170
1936847
1947049
2035530
1976597
2000129
1930080
1968527
1969329
4497524
2240723
2055768
1920363
1793467
1920937
1939110
1863986
1959605
1932200
1806232
1948370
2011580
1882533
1958667
2062000
1813915
1749341
1987885
1873387
1965846
2019441
1707770
1785362
2010550
1836536
1948087
1985405
1765713
1962180
5084188
1852192
1980330
1926913
1828532
1941716
1980515
1866125
1982848
1985188
1856999
1862862
1894713
1866397
1952368
4452433
1812697
1949699
1903346
1779606
1939730
1742608
1853026
1811033
1894260
1890863
1954399
1886139
1921740
1952003
4217134
1969719
1960776
2002177
1963795
2006877
1881145
1923201
1868236
1645659
1934778
1950914
1930455
1984258
1924336
5288584
1859384
1972554
1977318
1880976
1793947
1923443
1863142
1965504
1964331
1829962
1913387
1876327
1772587
1898777
4688386
1938400
2002864
2039984
1828269
1964180
1957659
1864235
1989314
1839259
1821072
1958784
1946899
1995644
1789216
4031713
1867488
1997277
2040527
1920991
1930016
1933236
1764319
1928025
2042760
1903407
1961808
1805702
1906845
1915643
5325013
1910236
1929096
1874757
1955523
1977767
1983288
1968152
1955101
1980587
1948166
2010930
1946485
1967434
1939769
2052103
1643060
1679660
1837306
1707300
1771624
1639662
1638886
1673412
1620231
1665920
1673998
1601708
1659325
1660390
1697321
1752531
1667508
1639801
1648456
1631998
1673712
1679002
1744033
1710810
1669052
1672940
1669033
1691261
1669171
1685246
1698965
1644630
1853704
1432650
1468090
1568751
1612009
3054462
1424220
1776702
1730492
1672711
1755094
1760007
4165181
1768449
