1986270
1978530
1975367
2070494
2086467
2040538
2021785
2060529
2005318
2030000
2015896
2108889
2032699
2102142
1993170
1987339
2081807
2004398
2099124
2074330
2058521
2092021
2035639
2260546
2048050
1954071
1919291
2086268
2029529
2034121
2091860
2086629
2121568
1948962
1977394
2013521
2037615
1989782
1989650
2039675
2056650
2024174
2037120
2020850
1894818
2028666
2132084
2174395
2118210
2051389
2058174
2011616
2096313
2050227
2104350
2017504
2094221
2088731
1992234
1962404
2058448
2050221
1972714
2076344
2090660
2055310
2011605
2047391
2068022
2059158
2098894
2004120
2048598
2097955
2062425
1920578
2085155
2063244
2063519
2086849
2079930
2062139
2118145
2104372
2004819
2026720
2068668
2064860
2054051
2070901
2000094
2076977
1980254
2052423
1957317
2107035
2086320
2045568
2324161
2031471
1826465
2098246
2156573
1922099
2204424
2077380
2051360
2008835
2065261
2086807
1986084
2071356
2002044
1980625
2083459
1968231
2068514
2088365
2087406
2059994
1969733
2079072
2017961
2090890
2082365
2058412
2074422
2091433
2050285
2053474
2113545
2049750
2058269
2097091
2057356
1864944
1963793
2054884
2057828
2077910
2049465
2054981
2099445
2046256
2059295
1982028
2130285
2053981
2062931
2054295
2071856
1971455
2045554
2107339
1922131
2002128
2050290
2034820
2060578
2080664
2095330
1931790
2026174
2053262
2025012
1998714
1914729
2064680
2284795
2103049
2016761
2008474
2083471
2027191
2061534
2102521
2056815
2088116
2039465
1987821
2053482
2045800
2010480
2082375
2095114
2161031
2044308
2005129
2024984
2068298
1991545
2019237
2077165
2030614
2015484
1979409
1961245
2156145
2114069
2032117
2079433
2140975
1974690
1965920
2019576
2090311
2246831
2080140
2053348
1968700
2020565
1892330
1907484
2126439
2120879
1992038
2025564
2062699
1996695
2222450
1976064
2054485
2207500
2006224
1973764
1975724
2059729
2014063
2046529
2052364
1949567
2065430
2044924
2011614
2087554
1950834
2131154
2070902
2026865
2022640
2091946
1943155
2036670
1947125
2131814
1928178
2012333
2051084
1975051
2094399
2047116
2005575
2016148
2036143
1867148
2152978
2071483
1995763
2047924
2095508
2034035
2187404
2064385
1956145
2001744
2051214
2165475
1962803
1961534
1919838
1885003
2033130
2017094
1977705
2040064
1948355
1962218
2014715
2010728
2007951
1960974
2010084
2012737
1952632
1908468
2007328
2020704
2002685
2150193
2018399
2017635
2137745
2259252
1957894
2248195
2083964
1862788
1999995
2059959
1916929
