1804244
1539892
1563124
1557311
1435767
1457434
1633593
1710495
1768808
1827519
1789954
1674531
1777008
1730688
1804759
1749808
1824416
1820534
1663542
1759739
1809123
1781559
1773817
1863739
1740365
1842628
1720384
1864750
1763488
1787188
1748192
1847558
1637645
1599280
1556963
1356038
1500725
1718106
1426100
1720534
1675513
1508128
1649674
1646322
1641291
1608996
1714419
1553445
1604142
1695727
1707419
1718193
1774544
1694036
1743179
1756869
1615630
1847912
1768861
1708582
1732124
1788408
1752654
1732339
1763057
1857030
1444626
1799004
1723254
1747118
1769179
1647368
1738708
1702582
1758844
1679917
1776738
1824856
1708234
1711017
1731904
1744223
1792698
1822754
1679622
1805665
1770140
1831459
1691972
1749711
1763229
1768538
1708783
1786985
1706523
1744218
1688144
1681982
1714370
1776484
1683848
1657137
1778784
1738269
1648161
1763748
1754684
1577160
1691071
1768483
1789362
1697077
1740902
1576689
1849979
1639762
1486833
1523447
1569526
1477515
1789269
1439500
1516890
1630704
1688017
1548478
1717239
1785373
1718648
1693719
1761909
1603587
1656424
1758298
1726372
1691335
1783754
1805506
1656653
1762253
1780058
1758755
1766504
1820850
1702263
1778912
1714173
1752750
1781362
1702915
1681113
1776743
1787638
1757943
1800399
1776572
1766589
1770758
1734924
1781974
1773879
1699532
1735992
1776366
1619817
1654518
1779809
1775832
1687571
1699682
1666917
1707021
1786899
1796993
1701290
1724898
1644578
1744408
1776809
1786630
1720059
1783066
1774063
1775089
1732913
1794645
1775264
1788221
1786201
1715398
1779370
1618728
1720953
1773185
1799900
1755232
1782519
1639592
1785893
1773779
1723722
1706789
1783644
1775469
1695872
1613397
1553047
1667845
1769346
1787388
1616616
1759199
1804689
1683111
1778649
1713833
1796075
1735257
1655997
1282177
1496470
1562316
1707631
1528622
1557533
1633959
1668827
1669067
1595391
1596391
1517774
1784215
1775013
1804192
1707662
1776860
1650299
1823560
1774273
1768289
1837313
1775344
1741309
1780588
1790269
1832443
1729407
1829498
1744162
1682804
1820938
1800318
1741632
1758058
1794463
1806829
1826199
2035646
1794683
1692753
1847845
1784522
1822304
1779639
1829845
1706434
1750450
1820639
1808274
1779839
1771539
1570979
1704478
1713825
1493695
1460606
1565700
1665211
1450556
1626817
1794386
1482630
1599331
1573410
1669223
1549760
1651112
1561553
1635054
1806959
1725757
1558085
1804364
1728447
1659671
1814569
1670543
1665438
1818795
1589007
