2685309
1854520
1960405
2001743
1955008
1931263
1967937
1974819
2004020
1966024
1975909
1934638
1898253
1871358
2044340
1895556
1857208
2059528
1826215
1804713
1947467
1945815
2031897
1986077
1945338
2022762
2003298
1907851
1960439
2014941
1959462
1961692
2047900
1940151
1958317
1973964
1857437
1958011
1896932
1962233
1952802
1985275
1896838
1950792
1971208
1972383
1927383
1888952
1886697
2026269
1954549
1760535
1950357
1968023
1848091
1774300
1774299
1962198
1865907
1914194
1858877
1947338
1880423
1885913
1831320
1904469
1893514
1952178
1955478
1895168
1845710
1903588
1829144
1813451
1876145
1916354
1800677
1958749
1849101
1803217
1936583
1827081
1943088
1893822
1816647
1979738
1860475
2072647
1948716
1930522
1911908
1945639
1964261
1891631
1887011
1942056
1856948
1936135
1970688
1940102
1953009
1854911
1862181
1954242
1921218
1886020
1948678
1965126
1933822
1970429
1994877
1887846
1951299
1985797
1883773
1948653
1970778
1901262
1955209
1965787
1934445
1937409
1930963
1829938
1823657
1880003
1888039
1941889
1989537
1885247
1929148
1905731
1949121
1958958
1985923
1938974
1968872
2005282
1947160
2157515
2015562
2026479
1985439
1984997
1957952
1993087
1969616
1985386
1991834
1973592
1997937
1998193
1767285
2014693
2030423
2007347
2000916
2019934
2044894
2069078
2034349
1899906
1949473
1973833
1973577
1913115
1889026
1983157
1958573
1942573
1993084
1981234
1957287
1911862
1946246
1956861
1935612
1947183
1957697
1993583
1931592
1964693
1937793
1951918
1954944
1931929
1769224
1954964
1817731
1786534
1392110
1822175
1814652
1760220
1634670
1904342
1909842
3285151
1899602
1905834
1953953
1818000
1924001
1930158
1946968
1986439
1933832
1933351
1976363
2009543
1935713
1939970
1960112
1950767
1973562
2038405
1884145
1988176
1998048
1821631
1988157
1914783
1970897
1974806
1998257
2008977
1989206
1959099
1995313
2262197
1997513
1983950
1980533
1988313
1994426
1993457
1967423
1980242
1912225
1808356
1962662
1933598
1903541
1886461
1923381
1922201
1865655
1930553
1976484
1940146
1927765
1962052
1931523
1932723
1958433
1925736
1922681
1964512
1920476
1934247
1960531
1848714
1935862
1912211
1896631
1938001
1968482
1932959
1930641
1940822
1927169
1928576
1847016
1918536
1920655
1955456
1791325
1889468
1922387
1865738
1887700
1898191
1882910
1896763
1925788
1855552
1890328
1913439
1867466
1898426
2158610
1922466
1974702
1968283
1587478
1850016
1860005
1782015
1891326
1799002
