3325356
1879143
2043021
2051251
2020555
1960934
2087487
1937315
2101498
2080937
2011511
2101037
2002895
2094780
2099205
1999405
1942250
2073636
2110275
2062015
2031689
2061600
2054901
2092482
2079466
2025458
2107656
2103586
1986277
2042635
2045469
2017609
2029440
2055841
2015486
1965180
2031074
1964444
2030265
2039051
1964157
2047170
2045393
2067913
1935670
2024805
2010885
1925964
2031305
2031303
2031390
2038044
2011421
2045886
1935927
1930120
2197321
2124621
2026180
2039240
2050707
1914278
1970812
2033768
1949474
1819287
2025869
1955092
2029060
2036019
1852717
2054511
2030778
2009955
2022600
2032589
1943580
1986645
2032695
1961778
1950751
1994643
2037660
2017725
2032568
1916258
2047322
1978680
2044918
2001868
2046031
2048623
1974577
1993141
2006885
2041344
2052492
2062277
2098192
2053693
1980978
1982263
2039454
1991411
2001941
2052016
1743306
2092809
2117183
1920171
1882898
1981699
1960165
2175863
1848306
1762806
1990966
1895648
1984945
2016471
2020159
2044716
2028002
2009211
1999105
2071805
1988814
2108206
2043953
1977155
1958312
2004709
1928884
1977863
2055431
1986244
2005585
1919964
2038775
1909175
2046131
1934831
1983702
1994321
2049316
1915209
1958088
1912224
1943922
1983080
1959530
1954680
1927184
1945649
1995495
1987269
1932213
2007506
1975231
1985912
2004759
1991521
2004135
1956558
1978695
1977387
2066969
1986395
1923575
1954248
1986556
1997306
1985425
2021574
2050206
1964002
2219278
1987930
1887707
2031642
1993033
1972818
1873722
2050741
2001015
1968370
2040352
1926752
1961368
1965792
1921267
1979769
2059404
1986657
2086239
2056695
1983665
1940688
2051636
1991022
1924303
2058526
2060181
1978663
2054956
1995869
2114937
2055090
2018052
2064420
1827487
1936221
1872943
1880586
1865117
1928151
1892310
1923948
2239402
1972963
1959454
2058120
2011115
2015998
1985531
1947769
1989208
1819220
1977865
1961395
1945742
1927728
1969719
1943654
2050130
1958024
1890788
2026315
1911593
2037395
1957540
1957280
2017121
1959298
2016069
1933918
1958766
2035652
1893248
2013519
2030505
1898340
1945460
2028126
1926682
1940263
1936689
1938730
2021446
1979525
1905836
2206923
1970712
1971115
2006036
1962874
1900179
1967403
2099620
1993252
1965827
1919589
1907474
1995844
1994654
1961678
2029502
2042005
1922599
1945661
1962648
1958856
1958905
1955156
2045492
1951861
1926147
1937219
2017209
1951297
1812637
2203817
1924103
1989738
1926151
1794421
1827931
2003965
2064340
2088175
