2334801
1962182
1991545
1883428
2014141
2033013
2117364
2049250
2040270
2073082
2066498
1895081
2063078
1986162
1985473
2043152
2028262
2043453
2054617
2021638
1949066
2006839
2047180
2049898
1970648
2077662
1902682
2101955
2021112
1934960
2096506
2018041
1818145
1889239
1897471
1966090
2158730
1914398
1997250
2168934
1905770
1970627
1993268
1932207
1706625
2011646
2002297
2013276
1992538
2044356
2005985
1990688
1945367
2036136
2049723
2011797
1957451
1947319
1986650
1987181
2000668
1929880
1998131
1806236
1938193
2085282
1981883
1983005
1944504
2133933
2076447
2082843
2113782
2043458
2021354
2016822
2068542
1986171
1941619
1967190
1937648
1990664
2010590
2032444
2065947
1986577
1941514
1935967
2064786
2262184
2032770
1914421
2193672
1926757
1772586
1872395
1948303
1933575
1891593
1920349
1844007
1820762
1902143
1897477
1893428
1954529
1838457
1937160
1903197
1857268
1926525
1877833
1933947
1951360
1892878
1880200
1886736
1909362
1917129
1944525
1829404
1911436
1871828
1958573
1756995
1982184
2198805
2248302
2106293
1614065
1695294
1826576
1831787
1861872
1844773
1883904
1921054
1857745
2020556
2238442
1933335
1897733
1896871
1902727
1798363
1967011
1971822
2121149
2031288
1994928
2018905
2060956
2036007
1987050
1967197
1877697
2007659
2080168
2077431
2033357
2096656
2040905
2191800
2089857
2054627
1984309
2094656
2077506
2123857
2087779
2064256
2025996
2074204
2073329
2066048
2085248
2074548
2056788
2077442
2014821
2346516
2094009
1888163
2028206
2010995
1884288
1970726
2030936
2028887
2311643
1965214
1919519
2106912
2010596
1970836
2139509
2028927
1992776
2006141
1922508
1971518
1977396
1968655
1966326
1899817
1970091
1966241
1989460
1975257
1983341
1997097
1967505
1965937
1968278
1957757
1965899
1835243
2009141
1962335
1913272
1832063
1899924
2020280
1977491
1961074
1958643
1988120
1934924
1889439
2026125
1947829
1862431
1676207
1907062
1860799
1812223
1974817
1867348
1879476
2016725
1908468
1943957
1920089
1922491
1945661
1948103
1883308
1909388
1826086
1949974
1871892
1889618
1945600
1872112
1952247
1963665
1939833
1929675
1880680
1888238
1940509
1864467
1956374
1936183
1942484
1868888
1956977
1905727
1926509
1949215
1914203
1952637
1937698
1930575
1939286
1939445
1899472
1963334
1925508
1845177
1889729
1988994
1929589
1949135
1878766
1881780
1928519
1930130
1955093
1863861
1947493
1840061
1881645
1919806
1876474
1907732
1926376
1942620
1984080
1952879
