1836384
1571964
1528822
1488812
1580600
1706431
1706915
1492365
1742695
1636642
1691359
1621237
1664821
1802289
1794390
1696109
1704735
1722093
1652050
1750854
1761299
1601238
1721922
1719722
1685992
1632949
1763238
1329796
1676457
1573862
1657707
1711139
1688624
1597137
1591214
1707511
1697604
1644194
1769594
1655164
1678837
1756639
1692323
1585100
1854390
1660860
1729410
1689042
1659128
1711779
1744565
1698872
1749779
1750588
1624228
1528413
1754293
1724823
1726748
1765918
1675781
1784803
1710054
1657171
1757748
1619272
1665507
1649877
1756950
1707947
1770599
1718984
1688594
1706338
1994687
1746074
1762132
1726715
1696544
1786789
1679793
1693433
1771015
1781358
1727275
1786934
1759318
1708287
1783140
1762072
1802068
1602666
1630538
1700573
1505886
1656947
1598093
1557726
1598012
1559211
1757793
1666994
1663705
1728103
1758965
1702422
1784425
1707372
1678057
1678788
1671203
1690710
1802956
1759739
1772906
1761726
1755929
1777315
1766835
1774739
1717872
1753708
1716653
1659263
1749875
1724264
1709064
1722332
1764515
1652267
1788965
1792711
1711621
1746103
1754008
1693384
1716869
1757204
1706215
1792969
1726108
1668418
1759943
1684568
1698452
1705489
1722718
1692807
1730336
1772900
1667859
1772399
1752219
1687008
1636868
1734698
1766927
1635368
1770614
1712879
1625662
1799369
1715660
1747056
1719167
1684544
1776819
1816556
1717068
1726968
1723689
1753319
1794829
1764030
1776243
1745592
1684864
1706193
1728413
1742179
1725184
1766649
1759353
1754488
1723195
1764405
1731960
1756038
1735719
1761897
1450265
1763685
1669511
1744866
1879540
1846345
1504622
1654334
1607536
1686539
1459365
1626199
1529007
1560911
1671746
1705204
1708764
1680240
1687648
1726448
1764153
1786093
1753333
1760289
1723753
1773741
1782873
1770238
1737938
1783626
1774043
1774475
1784387
1721504
1769769
1731219
1770674
1758352
1778875
1697157
1759194
1749013
1750899
1763038
1815595
1772265
1773766
1682337
1866196
1748486
1577844
1822383
1669497
1874089
1682995
1669232
1696116
1691208
1693414
1700532
1557262
1675034
1688948
1586995
1697033
1707348
1727747
1680435
1625152
1477115
1442354
1667309
1614042
1660022
1639638
1661036
1661988
1632784
1607286
1682569
1638901
1517931
1573106
1647316
1638576
1615718
1631978
1655467
1660329
1592175
1655758
1655624
1475530
1502992
1661548
1646777
1534461
1659034
1603833
1431546
1650674
1601397
1529680
1642149
1643628
1509171
1653207
1599094
1604504
1531652
