3107513
1827425
1756853
1976114
1904836
1882140
1729114
1909999
2013415
1953909
2032021
2079449
1931044
1870293
2115796
2138487
1984470
2063417
1990456
2048475
1996474
1717721
1916525
1940304
1926869
1920389
1699703
1921728
2049079
2064574
2071750
2093136
2093356
2033425
2080770
1929529
2070364
2029677
1995375
2038492
2027642
2104792
1949496
1920974
2072230
2076497
2080388
1972749
2079566
2125254
2102160
2059678
2089263
2082111
2087153
2078363
2089792
2035810
2052172
2060857
2063924
1887455
2022543
2014741
2171910
1956115
1782051
1882648
2043179
2102083
2082931
2134610
1719461
1952614
2162559
2127773
2037141
2064736
2125102
2109219
2115587
2109517
2076045
2102946
1911733
2034244
2035102
2052357
1985392
2073674
2058650
1942548
1993210
2090320
2039829
2021748
2056080
1956194
2051457
2051582
2051199
2027133
2059580
2033130
2104118
2074505
2100630
2060463
2076493
2088553
2233463
2090606
2101335
2116545
2052910
2063666
2065086
2049870
2010742
2072006
2044329
2084191
2055082
2049303
1948893
2008692
2083376
2087721
2107571
2112407
2032705
2132185
2079004
2027456
2081290
2013830
1987034
2045482
2109539
2025710
1968101
2109812
2079267
1981973
2105090
2065531
2093461
2034440
2017814
2076968
2107867
2074246
2060295
2089643
2033838
2025958
2060395
2076690
2064302
2091409
2069965
2113361
2113986
2141851
2247060
2169006
2015856
2129541
1937339
2163674
2076859
1907218
2036580
1894509
1877989
2038129
1994440
2015643
1918126
2056519
1960138
2060409
1999170
1962636
2062200
1849798
1971960
1933898
2098015
1968449
1945079
2047372
2021304
1949655
2085310
2115789
2019459
2058096
2081496
2114236
2055010
2069921
2032339
2052570
2078266
1958743
2102255
2013456
1902190
2037980
2117832
2062852
2060268
1958813
2073382
2093791
2085167
2018659
1986594
1896705
1929949
1951141
2182990
2017319
1885594
1915076
1944849
1893400
2180322
1850162
1925304
1827117
1868310
1865675
1891366
1884829
1865648
1823974
1731181
1877186
2147472
1869846
1862268
1895869
1884889
1853474
1894486
1882320
1858000
1896738
1869703
1860544
1922513
1771426
1869272
1914031
1772783
1866849
1894230
1837144
1910748
1810503
1933222
1845048
1840387
1864270
1873046
1840630
1893678
1875138
1875398
1865468
1853658
1868988
1886038
1866681
1802507
1873280
1868352
1895501
1858680
1878642
1912453
1855409
1897801
1882249
1871578
1846970
1822700
1881194
1857698
1860523
1872984
1880734
1868315
1836377
1849339
1859792
1830537
1869513
