5314187
2969001
2696283
2746225
2860238
2781343
2698866
2672888
2819258
2800967
2734940
2595021
2827638
2546497
2808276
2735395
2817187
2792783
2860649
2742663
2918922
2746420
2529792
2775527
2559758
2375343
2810640
2630803
2839463
2644170
2653900
2862293
2823152
2846892
2839326
2753502
2819075
2849659
2856787
2613843
2888733
2712247
2798059
2661008
2849630
2613705
2867563
2835194
2793424
2881380
2864163
2673578
2915775
2804134
2701011
2785372
2768305
2757960
2734325
2709016
2500311
2667355
2838816
2738142
2805572
2786032
2845312
2627721
2821187
2618056
2837116
2720165
2752151
2806485
2901052
2591164
2900604
2783866
2804461
2822193
2792798
2850354
2896614
2940579
2903864
2867762
2816055
2858243
2856254
2836209
2670175
2841327
2948060
2887045
2775245
2880485
3039993
2683135
3015340
2931680
2984149
2871613
2877808
2966526
2813452
2899606
2821783
2861611
2735155
2826521
2894822
2723367
2711975
2360564
2613804
2803236
2697810
2778577
2783433
2606119
2687195
2770162
2723211
2664160
2814012
2723739
2772166
2632759
3057208
2731687
2765466
2734471
2825778
2571072
2696399
2608280
2751962
2698809
2537393
2670134
2733698
2730507
2724003
2687022
2571127
2769601
2726267
2663441
2678677
2859154
2523932
2529403
2720435
2646366
2883704
2685590
2740853
2619790
2785587
2725792
2835200
2767192
2698694
2790253
2681334
2651399
2732247
2769966
2771116
2712077
2795086
2625715
3030427
2980733
2666255
2813541
2946630
2699070
2692474
2693274
2827999
2801099
2820349
3054752
2701306
2782098
2856146
2654830
2671834
2670790
2699000
2635499
2816327
2706456
2685486
2756077
2749841
2795359
2732523
2617660
2718260
2690977
2773722
2707311
2734467
2671356
2704435
2600345
2697244
2488167
2720110
2620259
2835427
2755611
2688240
2699157
2753316
2627383
2677230
2563304
2756357
2696824
2708786
2714714
2598473
2591309
2654206
2695467
2861334
2651289
2656379
2675931
2754217
2930889
2746271
2509529
2573141
2439176
2494298
2602689
2702330
2644403
2472632
2426546
2835158
2695207
2658076
2656186
2738691
2586009
2616429
2697094
2553291
2551143
2371460
2350698
2512212
2450812
2574323
2662031
2623187
2350319
2593982
2596809
2452380
2618063
2520328
2487356
2544542
2457951
2516033
2511663
2635980
2512726
2507311
2534503
2533252
2625303
2458593
2494712
2594199
2615335
2529682
2550532
2554567
2437462
2525162
2591673
2628935
2405834
2538833
2482372
2688275
2551114
2624915
2730120
2506458
2617144
2633346
2435781
