1975628
1743933
1184306
1435377
1743272
1375360
1458667
1810356
1585683
1784108
1731929
1620170
1786089
1838737
1799833
1782761
1817799
1728890
1768612
1821980
1815375
1775312
1831406
1645964
1784720
1793480
1609141
1831047
1898761
1688981
1783280
1706785
1490263
1811170
1714905
1774300
1800761
1825470
1822642
1792920
1804642
1701406
1793362
1802672
1698004
1832718
1845732
1500763
1810126
1828286
1725983
1741468
1689663
1600904
1777426
1670215
1650745
1774179
1996498
1753334
1671435
1809282
1576438
1769600
1833236
1818310
1794866
1842448
1824853
1799030
1820797
1708339
1790253
1830106
1763545
1792500
1900039
1799527
1880918
1790188
1649602
1490435
1865785
1514562
1817161
1749222
1371859
1633871
1887759
1649895
1716684
1382616
1597489
1622069
1789462
1668209
1780975
1723706
1714526
1714184
1577567
1624243
1757139
1794160
1809252
1723123
1698814
1786099
1756301
1769806
1777164
1757505
1779159
1662439
1694516
1748745
1705901
1727333
1759440
1767264
1738259
1699225
1667883
1724089
1740613
1780660
1772844
1782576
1446471
1738592
1770756
1773774
1745019
1735570
1716026
1753320
1744915
1906627
1766962
1788870
1749315
3345609
1530642
1296910
1316982
1457944
1365357
1319612
1326736
1308771
1319477
1290012
1427573
1341349
1457961
1408487
1472551
1485408
1532700
1470763
1461927
1396533
1452682
1465211
1402628
1458473
1455627
1447683
1510912
1335594
1257751
1343750
1430967
1337821
1517136
1339341
1405535
1322503
1320405
1209376
1196245
1306549
1335250
1415264
1384423
1458953
1447733
1535124
1491517
1511858
1683246
1456227
1519276
1567061
1522201
1540377
1566815
1582038
1467829
1644325
1526317
1532322
1531948
1529034
1518898
1593572
1501864
1559348
1539188
1549222
1517008
1561331
1499671
1540979
1650895
1473291
1530174
1651553
1473884
1558862
1597167
1531441
1535708
1555808
1525877
1562508
1559568
1646470
1585279
1509217
1472163
1419056
1620949
1482621
1504463
1461478
1483157
1449564
1717367
1690889
1701635
1810102
1571218
1697785
1682562
1591638
1617821
1639019
1601908
1555186
1677549
1704955
1716036
1790464
1696314
1537068
1765469
1743404
1704083
1684326
1707299
1535860
1666834
1491848
1561138
1707496
1647355
1499291
1504600
1664262
1490916
1535780
1492504
1447790
1498294
1537385
1434417
1339153
1305926
1434704
1374857
1321602
1486168
1588658
1374372
1452173
1587609
1577972
1535566
1530327
1481359
1543539
1578189
1484358
1551589
1527610
1531343
1534418
1559207
1643618
