3174181
1820905
2032333
2012229
1872147
1988494
2017328
1977948
1714409
2046301
1883690
1897568
1885571
1896550
1849988
1796500
1835668
1847486
1874002
1879731
2001014
1882556
1973552
1528204
1985930
1865130
1789586
1812905
1926069
1830972
1776461
1813560
1798751
1777683
1727749
1799310
1730649
1707831
1830326
1798603
1766541
1808916
1713571
1759819
1818234
1766282
1740261
1805966
1778064
1720039
1849331
1772757
1768386
1727386
1784806
1774005
1719699
1733823
1815610
1795247
1785714
1767430
1801750
1784272
1786125
1863500
1785102
1701523
1715019
1778476
1763305
1806670
1792962
1766190
1792451
1778564
1798596
1816805
1767523
2030418
1680039
1611760
1854125
1762012
1896147
1903931
1886722
1831380
1854813
1862370
1804306
1685616
1889787
1834552
1870915
1731748
1892671
1841666
1856791
1879136
1889595
1935642
1896749
1882415
1937853
1886987
1882636
1950972
1883901
1829196
1751962
1885283
1891795
1974678
1950346
1873411
1948962
1904001
1993184
1928363
1937908
1914713
1938451
1960594
1852207
1937215
1960150
1901557
1931103
1951547
1942607
1956243
1927419
1919857
1954483
1948888
1920873
1958386
1944037
1925661
1964161
2140563
1934797
1949144
1939979
1928780
1968231
1929541
1961167
1968265
1864170
1921416
1958617
1929903
1861295
1936072
1932697
1922117
1913577
1937187
1935436
1959597
1827671
1922421
1914929
1943743
1871556
1904979
1928092
1853800
1957672
1930516
1934112
1938591
1928275
1918614
1936427
1965599
2135694
1957382
1928325
1634585
1697493
1856956
2025773
1789646
1804068
1841055
1737023
1971358
1878992
1918786
1819052
2238818
1995421
1964563
2085160
1908267
2004442
1973273
1952271
1916609
1988292
1900207
1902229
1979192
1870255
1896815
2012877
1971031
2000024
1961274
1990254
1938302
1972633
1849950
2039235
2005458
1866837
1692922
1932287
1931672
1888553
2004134
2021542
1995002
1997574
2013572
2002034
1882531
1955052
2013037
1983442
2003332
1965168
2009076
1919686
1903782
2023103
4574196
1841329
1955682
1861145
1832243
1946031
1802450
1847637
1918912
1893834
1863649
1737240
1861190
1722866
1920989
1915653
1847705
1870047
1878811
1882935
1851482
1922395
1836722
1854935
1925861
1849336
1866344
1837982
1846088
1758913
1990263
1650189
1912532
1797208
1765477
1883475
1965383
2031104
1735789
1867732
2010074
2030662
2004623
1895177
1933417
2014606
2044457
2048690
1975692
2027352
1936885
2042273
1979578
1962564
1912693
1965303
1975802
1869807
1867690
1961096
1958833
