2961272
1840652
1846656
1796866
2061244
1999007
1989933
2071424
2015533
2075737
2057098
2036174
2036323
2054552
1998583
2062859
2073408
2023463
2075710
2150478
1979273
1899986
2005883
2002349
2035149
2020759
1918232
2049267
2020407
1934768
2035724
2001374
1951353
2167175
2010997
1865407
1841248
2011068
1863752
1965967
2027965
1876166
1968908
1963292
1972197
1999882
2016757
1983677
1836156
1966954
1991178
1918807
2028398
2034033
1917576
2029039
1892921
1970107
2017907
1951347
1970890
1855776
1913546
2010043
1964001
2082756
1896457
1962664
2001378
1960138
2009807
1974393
1955352
1955509
1951317
2029612
2011115
2003872
1954044
2021132
2005342
1841586
2051407
2028514
2027263
1963905
1944527
2340156
1997664
1944313
2002891
2133459
1981862
2033327
1963564
1903412
2027137
2104589
1975846
2171970
1984937
1812053
1834523
2051245
1949846
1838811
2022234
2026413
1923627
2009533
1921737
2029661
2051380
1993823
2011250
2016081
2036907
1985064
2050709
1960754
1996887
1971253
1984865
1979537
1929064
2071639
1972463
2035645
1900587
1929745
1844611
1927784
1913972
1848988
1939256
1962809
1853468
1974223
1844472
1859352
1835916
1911297
1906819
1844192
1964652
1950852
1844742
1935318
1907618
2168470
1904572
1929226
1846952
2001764
1974113
1972963
1863988
1906726
1915361
1962287
1902901
1874656
1929597
1962478
1878066
1964602
1922691
1921043
1882918
1853527
1987921
1881698
1895873
1949547
1875328
1956774
1923863
1971802
2106174
1766376
2057918
2007913
2151990
1796863
2010575
1649261
1544810
2060605
1972497
2010119
2035728
2043757
2101202
1951733
2038188
2003957
2010691
2116553
1973414
2085074
1998352
2007918
2187570
1761306
2041096
1838263
2459952
2115343
1952282
1836876
1925099
1994317
1935931
2083217
2035723
1863428
1974068
2039802
1972883
1958368
1961609
1983642
2001288
1968028
1948966
2030704
1956018
1953417
1919857
1990522
1981088
1967625
1976193
1968843
1993045
2035844
1992996
2248545
2132612
1990277
1974593
2051455
1916538
1734376
2148344
1813586
1911951
1817126
1817147
2037747
1849338
1847958
2007923
2044538
1896178
1908473
1839233
1970167
1908187
1780787
1949846
1899766
1936383
1941604
1908637
2033531
1816196
2058087
1866570
1792450
1907948
2028967
1794652
2029475
2092454
1758448
1789717
1988097
1800796
2041734
1917232
1945747
1935677
1944081
1804487
1906309
2177910
1902811
1908131
1942663
1732404
1928439
1907486
1866139
1861718
2089818
1960837
2007787
1920763
1858456
