2869729
1768357
1817324
1677262
1849731
1884675
1881843
2019114
1992444
1940203
2061997
1988667
1987946
1968078
2003215
2016995
1993955
2014094
1982429
1912369
1947208
1908043
2068939
2000224
2059747
2019213
2070820
1929338
2019233
1996417
1957954
1873654
2031460
2029457
2066712
2023310
2010190
2023565
2010614
1887727
2029073
1997743
2013074
1966852
2001190
1960664
1956466
1943620
1987664
2015061
1941183
2004225
2032130
1943369
2013491
2020964
1899292
2060757
1937530
1994650
2047230
1897042
2037743
1998360
1988474
1911253
1949816
1976304
1992386
1993519
2024734
1943880
2017069
1928453
1955918
2080046
2019000
2005228
1986710
2035982
1958143
2025221
2026651
1951290
2011580
1969904
1985477
1950550
1958496
1946194
2033584
1930363
1912469
2085932
1998660
1943323
2101208
2108323
2052515
1998011
1923114
1911779
1992758
1928844
1943902
2026521
1953939
1967960
1866066
1910800
1948987
1948792
2000984
1976240
2057831
1981942
1997454
2049942
1926675
1925527
1838382
1905035
2056585
2019646
1924225
2069295
2004844
2078598
1989694
2109828
1984024
2019161
2088095
2018766
1997264
2066365
2067476
1995030
2035854
2061305
2045446
2052661
2068854
1998024
2047603
1998396
2043229
2041705
2007386
2055550
2043725
2057792
1982185
2033865
2135582
1856298
2012730
2075305
2013950
2252667
1989143
1825338
1896865
2015750
1971741
1991609
1970719
1928890
1940584
1974724
1898262
2001818
1963328
1988608
2065357
1985369
1979154
1954302
2022524
1985774
2024428
2016406
1921231
1994750
2284569
1986941
1852554
1938159
1878628
1874124
2075069
2022769
2100044
2213425
1670572
1848433
1718190
1842017
1851559
1947395
1900858
1939542
2019006
1929783
1924660
1951626
1813492
1937709
1821872
1805137
1892633
1933311
1875252
1900172
1951023
1914715
2013840
1963036
1916803
1962344
1942360
1911429
2125555
1940099
1925813
1976335
1947867
1933633
1887808
1951837
1925375
1905663
1956075
1931225
1963624
1915571
1924063
1955861
1985950
2019068
1975083
1942014
1931605
1962048
2085207
1908439
1984124
2181140
2085048
2005071
1955195
1952883
1977849
1925930
1908882
1497908
1942427
1967438
1944481
1974504
1954950
1984637
1974631
2040719
1996111
1969284
1945200
1937005
1936056
1952979
1962229
1942479
1900020
1916257
1929156
1960634
1932794
2009998
1969943
1997117
1978993
1959149
1983675
1875415
1876585
2254066
1940884
1958271
1899955
1984482
1892464
1942196
1968171
1812379
1894583
1958741
2150976
1845364
2148872
1713312
