4077520
2873122
2678964
2643713
2689548
2735261
2633461
2797130
2728933
2584957
2602338
2695268
2672326
2586940
2467082
2682311
2735080
2732419
2719203
3498941
2712146
2648042
2625511
2698111
2801582
2698836
2649551
2666549
2626969
2651642
2782608
2705969
2720423
2769652
2857038
2550254
2777427
2675448
2724652
2536726
2628350
2765544
2666962
2719419
2775091
2735504
2644151
2791924
2618144
2731204
2648791
2725848
2335057
2787611
2681682
2693756
2779947
2531029
2604386
2573125
2633922
2527104
2617574
2706282
3468107
2611235
2698668
2424181
2648620
2636451
2707003
2694270
2553538
2672436
2474358
2585401
2674085
2626885
2701356
2609811
4089261
2498219
2683051
2113786
2745347
2392131
2755037
2567624
2401070
2672795
2647372
2301197
2598364
2573195
2530616
2539055
2634035
2476059
2533458
2634726
2484379
2623175
2370301
2558059
2714622
2706356
2609465
2566097
2637102
2553664
2684988
2630458
2726166
2576561
2699586
2541514
2444628
2626001
2578639
2701877
2626075
2440122
2579166
2725407
3622383
2582708
2700030
2685153
2773403
2568415
2663962
2693823
2634886
2519298
2684264
2637416
2583340
2646202
2681092
2489351
2517214
2650529
2773368
2644511
2499253
2669821
2684837
2666399
2613282
2607795
2672341
2596626
2613670
2639705
2526791
2598585
2685493
2684373
2955785
2652988
2460514
2592602
2647226
2366987
2639529
2538887
2642216
2672779
2499191
3721404
2721418
2688193
2646027
2587607
2685161
2544260
2603875
2738037
2612347
2726588
2626775
2596867
2665022
2658901
2686443
2652167
2706313
2675032
2706667
2669702
2606357
2663842
2651766
2564483
2608641
2641437
2597620
2564234
2581615
2527400
2661460
2671322
2772023
2674831
2662800
2729257
2722803
2598015
2607425
2702111
2691882
2623821
2694589
2583484
2593927
2701632
2732989
2658928
2769913
2630492
2645674
2698423
2684916
2711174
2625800
2642467
2668213
2457230
2540970
4145124
5086091
2749137
2515223
2543649
2762403
2642851
2504749
2536141
2727833
2712705
2620813
2558426
2613114
2653873
2633435
2631706
2708572
2555531
2598963
2648158
2691049
2689352
2408178
2625518
2633437
2565634
2679239
2562390
2597354
2696697
2709491
2442255
2566941
2638116
2632593
2661952
2438099
2630621
2567980
2785252
2648093
2463654
2742803
2493029
3497955
2652261
2639091
2594065
2021306
2410168
2490799
2523928
2341717
2172549
2686774
2474739
2182368
2467522
2560888
2622885
2541883
2599713
2531321
2606796
2594880
2680046
2441737
2509991
2531805
2533954
