4731439
2910963
2474030
2692860
2817641
2750342
2632126
2701563
2553761
2638444
3240837
2754233
2744974
2677206
2687067
2571614
2785863
2747004
2721160
2720227
2818614
2691125
2729340
2716038
2788832
2725269
2848179
2785224
2699089
2802474
2533107
2818673
2811563
2796104
2776233
2854902
2768453
2757733
2922783
2910248
2704724
2869334
2745783
2627002
2648284
2227279
2374186
2878301
2866844
2646124
2798292
2755767
2814080
2755043
2802293
4548055
4437057
2671059
2562622
2536392
2335364
2493205
2422622
2539857
2777532
2451222
2414726
2309806
2854106
2626948
2815493
2825142
3004638
2889169
3243185
2729603
2896108
2882483
2799357
2883893
2892048
2604077
2872683
2674121
2340106
4745541
2612197
2286376
2901785
2587930
2482149
2736498
2772019
2632410
2801530
2788533
2674789
2674706
2811632
2491213
4756655
2839103
2702554
2823793
2780792
2386441
2829372
2833192
2666927
2816613
2872521
2582884
2449472
2766082
2471263
3898066
2740922
2731266
2768164
2657146
2418945
2726981
2779134
2604159
2688413
2620556
2537096
2499225
2709144
2581386
3832921
2558976
2789145
2588685
2602600
2525196
2621446
2587270
2614923
2650633
2653606
2358218
2693976
2608657
2586996
3725242
2664719
2498276
2414898
2618006
2581068
2670055
2623627
2494972
2713100
2686558
2703333
2614257
2717974
2598407
3860723
2673011
2686463
2536917
2611874
2601286
2734570
2640956
2719582
2670585
2619224
2522760
2719073
2647204
4849060
2619607
2691514
2720004
2673194
2619767
2238723
2467105
2662361
2755871
2719384
2556834
2679947
2558346
2653755
2591327
4089175
2615470
2711156
2456655
2677055
2629466
2682066
2649146
2688015
2579942
2628777
2054557
2601686
2511095
2649108
3406138
2604487
2540515
2600136
2453915
2432457
2497656
2617191
2627788
2663211
2583324
2554499
2445867
2611653
2496623
2699593
2612064
2639347
2622771
2690777
2459929
2680024
2645335
2610765
2505616
2660029
2514754
2665312
2602829
2614802
3162460
2642473
2515107
2602044
2632580
2631165
2699542
2557175
2618625
2499769
2605724
2790598
2666784
2730043
2606433
3534255
2714174
2660502
2684672
2504726
2755707
2404225
2983948
2348296
2027605
2735963
2045405
2525201
2586543
2594849
2192977
2659720
2558052
2763814
2583734
2485209
2678051
2589422
2749342
2717498
2670311
2657702
2426646
2692019
2496476
3083661
2681582
2562255
2584694
2726083
2681420
2336776
2528589
2548733
2679687
2612537
2477014
2622082
2662493
2583747
2606997
2585335
2573048
2601952
2603462
