1361428
1826574
1215828
1435152
1463946
1342663
1505318
1588597
1604563
1571228
1670958
1659139
1549096
1703230
1631170
1504572
1660114
1635044
1474511
1713738
1631278
1628092
1708490
1735294
1584718
1581691
1650093
1538267
1636152
1574177
1496512
1577662
1656506
1784874
1299583
1541645
1777542
1619553
1660012
1661919
1598653
1703173
1597583
1717075
1643323
1642099
1685386
1674219
1651854
1675266
1706314
1595811
1687974
1605790
1615918
1607803
1622705
1619654
1748409
1665773
1678666
1624504
1595957
1620963
1664889
1635847
1641603
1685948
1671954
1658813
1737439
1619640
1642254
1707225
1645474
1661631
1657077
1686930
1667961
1667904
1641090
1656959
1727818
1722270
1636787
1570283
1691653
1583222
1734119
1674990
1586226
1621957
1548859
1577186
1631383
1639750
1523936
1635177
1842840
1686040
1588443
1656971
1586439
1646784
1667970
1623113
1644353
1598683
1484186
1534252
1626979
1531056
1549452
1583939
1620609
1594694
1736141
1516831
1651449
1673582
1488881
1660398
1567110
1498232
1680774
1618493
1539572
1650772
1615868
1651515
1593242
1647030
1648841
1586313
1574277
1616523
1565483
1656756
1592005
1553616
1655333
1462786
1535452
1691799
1477378
1604189
1647614
1476172
1609523
1568406
1531182
1655799
1553859
1501312
1607147
1581483
1593193
1536938
1698482
1609285
1556741
1511778
1542246
1491184
1608059
1730155
1665771
1381541
1400258
1617835
1314338
1725480
1622368
1594333
1577542
1511757
1560672
1589614
1612263
1601391
1573077
1609248
1555952
1444026
1597161
1559872
1569088
1619543
1577212
1577852
1611111
1643943
1571828
1600723
1568633
1610134
1621841
1560416
1625469
1609467
1637122
1553787
1608212
1561792
1426506
1817824
1655127
1557365
1735865
1562323
1683033
1540735
1572896
1382179
1133564
1108901
1280763
1359790
1321015
1165851
1374044
1309963
1250552
1433472
1347282
1393519
1445380
1424926
1375693
1445288
1462831
1379169
1461026
1531852
1511263
1518660
1428464
1964898
1926915
1735380
1868341
2003699
1658553
1735919
1801961
1674880
1741105
1726245
1355408
1691687
1779919
1633422
1733765
1774086
1620019
1740041
1667852
1522342
1719060
1765645
1612553
1679908
1783519
1668174
1763084
1811272
1563907
1700095
1503782
1641871
1206567
1672930
1279348
1473905
1532696
1452497
1259158
1668524
1497841
1616609
1674652
1617127
1606019
1560863
1620694
1410660
1685234
1608669
1806790
1622007
1676688
1737126
1772165
1731334
1815675
1564932
1828076
1773255
1772638
1694000
