2730632
2178583
2006023
2044894
2287314
2262179
2328214
2242833
2182264
2199308
2302130
2184292
2151609
2221983
2095409
2227460
2209942
2037472
2197138
2294187
2296670
2218489
2212415
2236843
2109548
2067153
2265693
2322834
2234633
2374785
2366170
2196000
2309205
2251285
2290375
2378530
2232114
2148199
2262922
2294740
2300380
2385288
2424147
2322030
2269261
2298823
2375516
2370028
2341204
2285962
2297024
2318216
2219244
2289478
2298714
2325135
2197839
2283056
2264901
2125109
2002747
2009781
2003948
1991749
1961714
2033741
1829752
2083530
1955726
1958363
1874020
1698588
1736921
2026500
2008252
2374161
2106108
1962772
2011736
2040548
1979937
1829398
1989922
1937876
1965957
1935113
1880791
1838800
1906345
1923072
1919698
1968963
2060874
1719545
1978117
2022977
1966399
2020262
2078722
1953693
2032333
2089783
1969318
1828990
2127380
2049954
1948213
2058948
1997603
1934571
2051547
1957068
1949770
2066129
2054468
1964853
2028181
2033053
2040304
2041987
2104550
1936693
2027001
1801640
2020193
1908407
2022313
1896502
1702095
1799487
1676988
2096629
1881676
1962118
1996733
1891586
2010897
1808476
1858260
1850646
1855062
1849270
1941361
1854368
1788421
1938793
1911843
1837249
1838768
1907848
1814242
1891816
1976556
1812300
1865601
1986882
1827482
1828355
1822756
1812356
1858976
1911587
1871851
1872351
1940257
1705992
1795348
1860798
1828358
1845420
1923597
1743441
1848627
1849541
1789661
1791573
1735634
1735985
1993057
1651444
1819278
1684763
1858236
1718173
1688220
1759452
1829386
1794539
1828212
1763265
1841375
1741144
1836452
1893068
1868056
1725015
1826147
1914750
1797564
1839686
1834426
1609350
1876357
1955438
1869294
2037877
2227280
1980912
1972669
2034942
1993698
2029452
1960580
2050330
2001470
2022473
1927383
2021163
1791245
1863126
2145400
1909843
1880433
1895518
2051570
2279697
2254189
2090486
1863373
2088560
1764127
1829430
1947398
1931622
1830856
2001561
1820626
1849310
1964607
1930315
2010648
1952012
2051924
1966692
1972107
2008132
1949322
2058971
2006257
1931007
2029412
2071889
2023368
2023797
1944808
1953134
2006198
2019927
1979884
1940119
2000430
1950367
2062303
2076327
2002518
2000167
1915264
1937977
1943297
1998128
1984596
1905377
1921811
1819338
1992894
1930830
1880636
1970293
1850816
1863666
1927513
1869418
1928296
1965377
1939152
1954907
1932612
2008307
1924317
1917206
2153395
1965967
1922482
1890235
1865956
1755731
1910877
1935847
1954443
1908652
