4010748
2959597
2411343
2542221
2515681
2507169
2611289
2686300
2757749
2696350
2506026
2841203
2757495
2569962
2597036
2669337
2552867
2679828
2711190
2730811
2783819
2530454
2565370
2737160
2710210
2586004
2604485
2724504
2551378
2597850
2578432
2631200
2633720
2755335
2737658
2745902
2685522
2590553
2658282
2743604
2667833
2771616
2647785
2684290
2624981
2586831
2722020
2577242
2503496
2622911
2684774
2571936
2652673
2746494
2498500
2658653
2723794
2652540
2678827
2618053
2528841
2424456
2668747
2611437
2678844
2657981
2646737
2638763
2668830
2687473
2670255
2667013
2771869
2625054
2635493
2617189
2457303
2550362
2680733
2570602
2667723
2621279
2519164
2623050
2798155
2537082
2624508
2648186
2391158
2629739
2503200
2099947
2282507
2550947
2577107
2518926
2580220
2579779
2648289
2589413
2593883
2591824
2619421
2570101
2479751
2524886
2620396
2586284
2566072
2844019
2585301
2574165
2625933
2661313
2527915
2597296
2606226
2584326
2571255
2565747
2600297
2565755
2580036
2613212
2627386
2624524
2641047
2572066
2650441
2625755
2590467
2375905
2815600
2709820
2665937
2631843
2697814
2632983
2666880
2661803
2729578
2593208
2603243
2906450
2720581
2621636
2693618
2569062
2620763
2535029
2596437
2443381
2698202
2714844
2515787
2614298
2526061
2294413
2653846
2609831
2606371
2652570
2589423
2530216
2549552
2627692
2475146
2525905
2560198
2414537
2656162
2629590
2423934
2650724
2657667
2535268
2534113
2557566
2525446
2412872
2470424
2626924
2585592
2590462
2446174
2540255
2588874
2438561
2565112
2565556
2334524
2327139
2677630
2306432
2537137
2275680
2347789
2420631
2396345
2481449
2496775
2463994
2647551
2586593
2469264
2524432
2515896
2533165
2519311
2531288
2434573
2473129
2502465
2619391
2393344
2601518
2539776
2578403
2617457
2456770
2553696
2593216
2577272
2539026
2512805
2515766
2645340
2443108
2495127
2612966
2566032
2542102
2720203
2565022
2470006
2554763
2532566
2580646
2574279
2450167
2518893
2639528
2628073
2523372
2654633
2501625
2399038
2519247
2619275
2601903
2608175
2523046
2548833
2549848
2517005
2683784
2467785
2448841
2517397
2553837
2550355
2563045
2621889
2554546
2428072
2497496
2668998
2471007
2592408
2464677
2456302
2453241
2655072
2627833
2495375
2446755
2461360
2450867
2415107
2557491
2602201
2524227
2705128
2558106
2727628
2484957
2555187
2422112
2484749
2141391
2656008
2475791
2603336
2695704
2466174
2170946
2418186
2544092
2302439
2186045
