1873321
1473818
1511779
1583768
1481229
1579441
1642183
1654740
1610414
1642291
1472957
1654975
1711501
1579962
1618266
1753178
1704391
1838017
1798218
1853639
1812032
1804313
1749470
1804875
1724900
1787569
1818059
1737735
1768346
1828922
1676314
1819453
1840351
1732794
1809286
1813500
1758313
1778153
1670845
1679223
1729726
1756367
1787912
1687994
1767848
1766817
1589291
1801928
1777247
1561970
1464932
1848029
1498480
1658921
1751711
1369543
1566856
1779973
1870900
1776339
1755365
1721866
1782927
1751307
1725313
1798403
1765117
1773384
1771212
1804679
1794357
1815209
1776407
1696318
1815229
1811557
1755121
1828596
1834951
1774146
1827980
1797427
1724375
1785302
1783663
1828223
1811687
1707082
1707636
1846425
1739972
1818283
1845106
1702607
1616968
1836063
1717412
1764932
1765576
1784973
1747988
1796026
1775562
1872570
1829373
1810648
1708222
1839828
1858157
1768379
1816697
1797108
1880657
1819009
1807291
1705392
1818063
1735706
1728960
1813487
1795661
1559199
1840051
1813288
1737536
1817011
1792242
1727622
1816605
1770829
1714052
1816321
1767823
1560064
1817066
1805810
1704842
1818947
1790821
1702713
1825806
1790467
1607641
1743879
1750131
1607492
1733630
1656902
1660602
1746058
1672387
1954807
1881537
1771235
1578315
1761323
1732641
1565557
1511715
1605333
1612545
1223830
1605795
1530433
1439639
1576603
1493674
1814256
1807206
1606057
1654417
1777052
1402898
1651801
1682272
1495686
1668666
1708892
1596454
1686978
1817141
1588564
1794259
1737936
1597360
1758487
1711194
1696945
1585448
1790806
1603121
1687640
1804312
1613804
1785042
1764365
1634307
1741946
1672909
1775596
1723782
1579751
1701769
1553065
1731666
1745405
1638673
1677295
1582526
1646397
1466020
1590864
1658408
1578451
1710238
1766369
1680261
1480728
1622386
1613374
1529617
1615287
1642869
1362804
1832188
1678265
1394988
1385283
1628991
1270960
1321376
1452052
1206615
1331460
1565426
1459126
1583039
1680152
1741630
1610354
1594602
1675665
1670524
1550932
1421436
1531258
1640348
1567278
1640907
1454032
1357761
1261810
1342034
1617591
1547133
1665502
1718889
1689345
1671643
1584993
1659601
1690971
1679634
1685059
1681131
1659211
1668136
1675127
1660362
1661100
1617610
1669815
1697239
1704695
1613526
1732500
1701391
1620310
1625856
1703124
1553938
1678805
1670207
1510076
1627488
1598944
1626668
1627034
1557358
1594630
1667152
1597839
1547255
1597031
1657331
1579180
1546672
1626976
1645316
1641577
