3030042
2148034
1914505
1951581
2098376
2292682
2465164
2350341
1944633
2139140
2204350
1952739
2412984
2237733
2224268
2326753
2317486
2173123
2269864
2308418
2142179
2360681
2281859
2372463
2350000
2263792
2306668
2285902
2241313
2334780
2114395
2250587
2266912
2360325
2275923
2330452
2215682
2367878
2308677
2239597
2361130
2337370
2183347
2301782
2266649
2311043
2246833
2332724
2334114
2309032
2227717
2343748
2279193
2361969
2234633
2330184
2263087
2291992
2246822
2343928
2004156
1989662
1952279
1906307
1852898
2009715
1956614
1951439
2186540
1784212
1872093
1895047
1645496
1994259
1849748
2129620
1815393
1945773
2041639
1831692
1777794
1843235
1954298
1982374
2098442
1926703
1904093
1981084
2003476
1910812
1839538
2101695
1896389
1925228
2028071
1915659
1863016
1902273
1912072
1852083
1958777
1978848
1866329
1951884
2091445
1981920
1971406
2017252
1991490
1987959
1908663
1884061
1810268
1946557
1915741
1905088
1856228
1948047
1893289
1915059
1995166
1884295
1907443
1922946
1817998
1817948
1802000
1797638
1802782
1699677
1780916
1823358
1697916
1753491
1794591
1706918
1856113
1823439
1838472
1843230
1877800
1875727
1851742
1783866
1852843
1817846
1799326
1909104
1895437
1904836
1936625
1909006
1897902
1822497
1938414
1766680
1980103
1982755
1904867
1829883
1937704
1940819
1834033
1896143
1894951
1838952
1873754
1781133
1914125
1811132
1914531
1862682
1872844
1932420
1966504
1895533
1909573
1808262
1915338
1964273
1949249
1936363
1925969
1788106
1762407
1876517
1801380
1854371
1859384
1700582
1849524
1852802
1860538
1858518
1959150
1800592
1843098
1842305
1815948
1857248
1860938
1769477
1853048
1770101
1787800
1631062
2022790
1502332
1634957
1717533
1577379
1687161
1760752
1757487
1719486
1728837
1789416
1781845
1791624
1710937
1783398
1856859
1751544
1860044
1868853
1820763
1831812
1868173
1754916
1859998
1857093
1843883
1863179
1855216
1840383
1812128
1890148
1791663
1752552
1781147
1803723
1813008
1781412
1748361
1739111
1739006
1851218
1759432
1826216
1778368
1867259
1771844
1814572
1753317
1798058
1777579
1792144
1766094
1800604
1749963
1805154
1745066
1798124
1820164
1773323
1796529
1747577
1697920
1783151
1789564
1779255
1789654
1786022
1621793
1873750
1823477
1769478
1803724
1744992
1790403
1795368
1780726
1743447
1786282
1820744
1814648
1864195
1867218
1806886
1875373
1830024
1738899
1928239
1922279
1905965
1848422
1884569
1804271
1844398
1840515
