4559980
3187459
2641248
2698994
2767624
2869653
2811099
2691039
2817285
2730983
2812313
2760350
2883253
2623227
2506802
2658001
2640343
2670901
2790479
2789070
2737294
2672547
2695997
2684523
2516170
2453268
2663741
2602811
2734643
2775337
2775615
2675171
2748194
2719018
2726045
2666891
2762168
2618178
2794550
2470407
2308026
2736253
2811044
2752662
2812635
2644483
2667503
2622010
2741933
2683787
2695949
2775924
2668727
2882321
2882779
2805770
2749794
2722804
2693357
2813945
2566289
2628402
2857996
2800719
2747278
2787443
2839665
2816604
2796624
2679173
2810319
2741204
2845252
2794731
2741553
2727041
2808770
2612071
2508571
2392253
2516888
2451690
2409668
2620389
2470444
2337128
2527738
2362459
2374678
2502057
2488229
2464458
2614426
2593176
2765214
2683657
2628282
2633426
2736816
2407359
2743748
2350328
2582648
2729767
2653293
2527651
2599151
2493880
2627632
2608678
2670623
2627796
2554332
2496279
2517126
2672081
2704054
2633660
2635869
2702513
2610512
2361370
2674348
2616621
2663541
2545780
2779634
2634748
2665300
2377864
2581499
2505014
2684637
2586354
2619017
2551535
2553339
2505509
2694827
2622921
2623521
2677158
2633180
2677711
2687942
2680864
2641579
2329413
2480786
2629786
2649698
2314467
2533095
2689617
2392223
2491265
2691276
2267179
2424669
2325623
2344930
2334858
2437400
2489239
2580999
2504601
2358754
2378827
2471094
2476695
2465930
2503353
2520101
2469690
2479925
2453848
2533770
2162164
2301492
2384626
2344727
2325139
2489506
2484476
2373239
2460064
2555136
2442346
2457279
2333838
2499356
2359957
2482064
2372299
2521801
2474901
2441756
2485878
2542242
2455739
2629778
2547843
2502625
2565659
2473049
2475445
2623777
2557180
2622107
2697777
2567506
2286371
2594642
2635071
2406819
2567696
2561567
2544031
2628162
2578886
2589223
2608773
2611637
2548586
2631793
2537076
2380567
2570069
2574107
2552467
2610726
2589036
2473704
2554679
2589995
2464415
2625593
2603072
2639176
2604079
2372334
2387122
2623752
2626361
2498140
2593509
2704133
2494921
2617995
2572037
2807678
2593642
2347488
2642849
2074732
2539275
2135869
2569124
2622890
2346468
2644726
2214472
2368772
2674116
2544534
2518726
2759965
2597710
2555269
2637640
3979809
2447938
2781982
2468461
2539861
2582702
2788894
2449028
2590150
2517836
2555159
2574300
2667741
2559171
2570283
2519717
2427843
2500330
2559279
2366943
2595265
2585616
2586371
2617506
2639949
2595780
2623691
2445253
2520596
2639901
