1613959
1589818
1202156
1477291
1200552
1319060
1387964
1625498
1354500
1686940
1588930
1538673
1705554
1504165
1657013
1735249
1740334
1516988
1731325
1710580
1684100
1707179
1702480
1691286
1690790
1705949
1682890
1822721
1746261
1664309
1748465
1707428
1685063
1757295
1704205
1605206
1759651
1737015
1660713
1750500
1648555
1497139
1684609
1707075
1578906
1746681
1680858
1600429
1753675
1752683
1780290
1742825
1657162
1712819
1764085
1728155
1611519
1862562
1721708
1554972
1770254
1756870
1743001
1767316
1568821
1762845
1833110
1677816
1423497
1530132
1602293
1441873
1769823
1715695
1616858
1783655
1751389
1654619
1559038
1798625
1400104
1652666
1766249
1741778
1663431
1815472
1755575
1902107
1652753
1768130
1696067
1677981
1553761
1742661
1767101
1709096
1770103
1749914
1778141
1765789
1735732
1791195
1697210
1776496
1744208
1696854
1712955
1637229
1786832
1793907
1704975
1816052
1770878
1631554
1761940
1766509
1733494
1797123
1806784
1716731
1727363
1814176
1742038
1777789
1537570
1770520
1805097
1652634
1718951
1703513
1689624
1377786
1704249
1741161
1551002
1587243
1767735
1680283
1733960
1762995
1546560
1730208
1721745
1792520
1801705
1852488
1752897
1723281
1693244
1699128
1673984
1736038
1733098
1739156
1697511
1646199
1768121
1668815
1617148
1771958
1696398
1617723
1613584
1553329
1449715
1684110
1689529
1549156
1731065
1790509
1570665
1805907
1669583
1729886
1741078
1805600
1687089
1748717
1825057
1658387
1717703
1538988
1745289
1785304
1760531
1636455
1722910
1761904
1693899
1778255
2406375
1749290
1779281
1766715
1733061
1795561
1814137
1775982
1765329
1801400
1733960
1807331
1996333
1658055
1740028
1775236
1754285
1748545
1796625
1698505
1780041
1759771
1608416
1825750
1772595
1737877
1777207
1815051
1811941
1793025
1808759
1740599
1786171
1729984
1788010
1802986
1771595
1642337
1751016
1768732
1667008
1740930
1703038
1636862
1758580
1712671
1728764
1871948
1762430
1719261
1812780
1754061
1719684
1748985
1532581
1483677
1787374
1709472
1675224
1786345
1575011
1743677
1805056
1719884
1515846
1846986
1707683
1760181
1733401
1584273
1751194
1813295
1708005
1544042
1729685
1724027
1605089
1761319
1455892
1632414
1725827
1618103
1601158
1722912
1634138
1583192
1740087
1734351
1719405
1728948
1567426
1620438
1750129
1841897
1570307
1845039
1637869
1698438
1612314
1646678
1652374
1771246
1594653
1697725
1693550
1688601
1689494
1757986
1573537
1474234
