2234011
1750493
1906108
1968408
2010723
1954079
2025635
2034668
1908678
1993896
2033445
1934857
2004159
2053800
1868572
1980379
1980679
2100103
2119440
1954347
1900608
2060045
2017987
1936303
1900274
1973246
1900750
2045415
2035771
1992943
2056360
2002695
1935031
1991368
2011034
1973347
2031798
1984715
2015907
2016527
1981948
1934582
2050709
1994503
2025994
2015454
2053464
2032595
2016579
2031963
2027794
2079845
2014504
1976439
2025163
1979637
1869678
1926837
1913346
1942642
1960652
1932882
1949269
1980359
1920508
1893288
1894226
1732263
1944302
1939625
1969147
1844751
1969363
1911791
1954422
1913036
1867931
1796460
1796804
1748949
1805885
1775815
1821326
1797605
1803116
1818105
1771529
1790018
1839096
1644643
1792884
1731357
1775830
1785275
1757080
1736620
1796563
1808716
1785903
1810971
1743260
1690732
1757063
1712145
1737683
1739350
1731065
1711706
1738965
1669101
1744349
1715026
1912626
1734205
1815495
1615182
1707042
2174643
1850715
1818984
1731784
1915003
1611371
1783976
1728958
1710883
1880263
1763920
1645415
2150935
1911045
1885157
1923748
1895752
1855639
1856508
1889709
1866561
1860831
1941516
1911078
1914127
1868842
1865431
1893833
1868311
1724775
1866782
1886028
1767666
1856150
1832107
1825846
1850575
1860836
1824953
1821654
1826680
1819721
1863888
1806355
2143908
1934902
1891002
1846121
1937547
1882560
1902657
1854391
1925256
1852274
1916451
1874411
1857936
1924802
1715106
1829426
1798990
2003377
1863505
1706899
1752322
1674455
1868611
1837117
1789506
1979927
1906743
1911512
1990938
1954374
1979972
1905137
1935967
1788066
1938361
1826996
1952538
1819171
1879682
1888267
1835626
1855881
1780727
1822747
1871830
1831370
1851037
1941897
1925828
1836132
1963988
1895337
1841676
1845321
1843217
1825940
1915411
1774216
1827856
1833206
1745420
1901269
1833465
1835197
1835952
1924828
1842391
1899389
1790000
1854985
1849407
1870248
1707575
1847135
1687075
1764959
1816871
1911358
1769397
1794695
1790510
1761019
1778681
1787666
1791664
1779350
1802087
1670084
1772193
1813074
1663095
1767001
1811781
1757274
1766571
1799051
1719780
1764164
1802413
1773501
1786099
1825316
1797130
1870391
1885947
1753329
1941801
1876738
1862757
1850483
1821448
1800290
1952833
2088850
1911922
1904488
1999259
1860033
1864637
2056329
1797216
1821561
1940236
1795486
1803999
1832735
1806951
1797465
1942269
1803375
1896428
1934522
1819430
1885969
1717338
1819396
1794141
1734460
1801597
