5808751
2860260
2749259
2689468
2850020
2777900
2649956
2706342
2793810
2702934
2689534
2766345
2662704
2797810
4637548
2624097
2727895
2807723
2733311
2736174
2802331
2768776
2862441
2610222
2617202
2687563
2835641
2668773
2742579
4834285
2491370
2807876
2745686
2729450
2819390
2584598
2635958
2720793
2749512
2737609
2919169
2862767
2798044
2742539
5245952
2740930
2789146
2838440
2861557
2843121
2836807
2789765
2903957
2744269
2757964
2740114
2851206
2736296
2653601
5367281
6189954
2674117
2625376
2742494
2805839
2495709
2648732
2764559
2219833
2841628
2728967
2708701
2824771
2803118
4559435
2779692
2804233
2539120
2774475
2755639
2706968
2668319
2595220
2774288
2642903
2668743
2668747
2618092
2636897
4400434
2704480
2753212
2865507
2660163
2858677
2684290
2761223
2726130
2884144
2741079
2826057
2833057
2779256
2683993
4936569
2705033
2734704
2730828
2668092
2802471
2786702
2677887
2746066
2779721
2715088
2732898
2665580
2691120
2712471
4821671
2778281
3066787
2736314
2689688
2516475
2782106
2678713
2620236
2769491
2753649
2807901
2819529
2745475
2696347
4612141
2665562
2786545
2599548
2757031
2669243
2797926
2802455
2797969
2540990
2732415
2785597
2749789
2835212
2782438
5086551
2822666
2804073
2759665
2808631
2806596
2728511
2399698
2577981
2379944
2519094
2343067
2389073
2629299
2713983
4814926
2595202
2616219
2590816
2660087
2676580
2709914
2660239
2826331
2623569
2612853
2809150
2735170
2599438
2796532
4850740
2691187
2501856
2310996
2509496
2597395
2454389
2447399
2602837
2524251
2424188
2621942
2544180
2451955
2387450
5272549
2778992
2560981
2557182
2273799
2583688
2744454
2505959
2589712
2577252
2721618
2643738
2930212
2566081
2213085
4111487
4323021
2567762
2511456
2463664
2584918
2500553
2338272
2571648
2616787
2590705
2550391
2544404
2655714
2532271
5091117
2658314
2582511
2685654
2680213
2868126
2681193
2647784
2741257
2822080
2586521
2670710
2855327
2722980
2698238
4957603
2420989
2806490
2794692
2657803
2801229
2835657
2754401
2667219
2849590
2696673
2802165
2730461
2599142
2842341
4752195
2458615
2853714
2714984
2495344
2580215
2360354
2680311
2685010
2275631
2364981
2669473
2312781
2551271
2476453
5141602
2544174
2543534
2573247
2496104
2623802
2605111
2412924
2608305
2652817
2327592
2662959
2599545
2615078
2505219
5241966
2328591
2632317
2624297
2499326
2642353
2763738
2444108
2518017
2512746
2487022
2509945
2682743
2257438
2063660
3293461
