3362509
2130705
2018792
2144798
2023616
2092080
2115494
2094345
2090811
2075706
2045309
2147473
2123696
2099570
2100386
2066136
2087038
2069589
2141495
2114976
2046174
2049277
2003553
2025343
2067041
2016020
2030244
1981283
1987058
1927884
2070844
2084944
1880339
1812904
1916429
1956478
2000335
1790844
1955335
2021023
1918993
1953450
2043632
2006178
1981963
2016424
1972121
1968166
1945464
1969253
2008305
2010503
1971689
1968762
1981639
1975017
1922757
1952197
2058884
2035318
1439351
1633000
1905799
1822459
2002149
1935710
2025931
2055950
1927303
1907799
1891209
2059203
1851491
2065063
2016859
2032296
1989616
1856276
2002193
2027537
2070479
1967767
1891658
1979774
1867990
2040714
1925303
2013963
1983608
1979285
2017754
1972467
1970957
2028651
1987193
2014988
2004793
1891039
2060637
2017969
2006159
2059298
2007990
1861248
1894916
1942906
1741062
1908243
1946325
1917399
1856952
1898475
1910663
1843807
1810528
1895341
1766182
1989759
1887562
1973570
2486778
1943503
2043254
1867174
1925553
1903820
1969074
1954091
1886703
1989780
1978443
2117766
1833953
1920809
2072949
1964866
1903983
1803095
1975155
1964901
1815508
1993025
1854595
1958209
1976363
1921679
2073731
1898868
2091154
2096323
1980464
1959438
2093289
1990139
2325691
2009294
2053013
2035674
2014554
2037409
2208770
1933464
1988005
2053551
1999982
2051959
2021780
1882382
2050640
2085759
2083985
2045663
2014860
2137034
1995880
2003623
1860255
2064781
2023989
2074998
2036219
1848211
2072153
2057800
1902236
2053191
2024084
2017619
1910780
2036969
1966296
2036464
2001296
2000657
2094367
2061307
2020454
1955888
2053744
1974844
2026693
2032107
2026715
1888393
1889087
1982489
1761234
1930444
2271127
2071470
1962949
1995586
1966522
1999460
1982586
2059611
2015036
1826605
1921333
1996568
1923177
2094424
2014160
1854492
2067858
2004873
1965443
1977770
2101584
1935928
1969100
2014834
1949949
1967343
2050378
1981006
1889163
2002093
1964632
1974794
2008669
2013800
1954949
1952733
1970763
1958709
1995325
1997947
1967457
1969264
1961069
1959536
1912205
1998725
1956221
1995929
1861148
2154174
1796608
2316192
1973303
1984837
2082904
1950946
2009819
2070075
1969694
1829152
1989823
1964383
2004454
1973948
1953045
2022939
1990962
2063353
1954693
1979975
1995827
2085694
1961526
1928358
1871683
2244033
2014933
1907526
1959620
2075474
1967154
1971206
2025299
2071828
1968053
2067390
2011803
1961287
1941519
1954114
1970464
1920053
