1959090
1588299
1453491
1437816
1475551
1571428
1673314
1475056
1365704
1582592
1580420
1599324
1552156
1482736
1386266
1652313
1734662
1665110
1764737
1713517
1691906
1735539
1709663
1692398
1674563
1769592
1711950
1750627
1863879
1616723
1699993
1785257
1659549
1666876
1778540
1698787
1715320
1731790
1757547
1747681
1749921
1754228
1751991
1749361
1621362
1718248
1774590
1738623
1710047
1757932
1760764
1708733
1682967
1673217
1777207
1776771
1722917
1774444
1918642
1620367
1671575
1752586
1705782
1680823
1676215
1698191
1671417
1726984
1797292
1791658
1714233
1758474
1762466
1663157
1567596
1813177
1666632
1739830
1752533
1724816
1725601
1768907
1667442
1746828
1778907
1697507
1690360
1732953
1813739
1599830
1715577
1720847
1725417
1664541
1685221
1707287
1726433
1637166
1710507
1746069
1559625
1739719
1693626
1614646
1632527
1731684
1619057
1725873
1694827
1598052
1672258
1686867
1524556
1611663
1676957
1539632
1599955
1793507
1446503
1382036
1419303
1399746
1306088
1371766
1452896
1608998
1707978
1533910
1638707
1617921
1552739
1537531
1592202
1630763
1452389
1692347
1658756
1669557
1662571
1629589
1635242
1671244
1587671
1627212
1679967
1678556
1675313
1673641
1603472
1637684
1597422
1670967
1598807
1643011
1673907
1690407
1734045
1633330
1667686
1580418
1668824
1588317
1714062
1699722
1729737
1707347
1676447
1708256
1637433
1658350
1605256
1698907
1609823
1492031
1640003
1657217
1595696
1581666
1612297
1490646
1621803
1657547
1732317
1421092
1732326
1613273
1601037
1528491
1622983
1586214
1537336
1686327
1602158
1653211
1695987
1713441
1602883
1617122
1712157
1605341
1615357
1757368
1585170
1514167
1665511
1614530
1615453
1668773
1678223
1693517
1668384
1649837
1621895
1661327
1607925
1670334
1710170
1688477
1868868
1829018
1528802
1659532
1736301
1608406
1126218
1730487
1574100
1486238
1607711
1758441
1706863
1723947
1678295
1734632
1752172
1654976
1556088
1594706
1723736
1578090
1698267
1466539
1497086
1478762
1422494
1439944
1557149
1524411
1433310
1630255
1418908
1599488
1653676
1611331
1310095
1593207
1681213
1412819
1691294
1693711
1629909
1721542
1711267
1556292
1695813
1705673
1626266
1730057
1633990
1497982
1606921
1712180
1602591
1665166
1692821
1682176
1646639
1697927
1678126
1709749
1737458
1602243
1643583
1886134
1594174
1729230
1831267
1654461
1615275
1660961
1663861
1667186
1641994
1719652
1735226
1712537
1682801
1706357
1688546
1656009
