3291825
1969245
1680066
1939991
1938788
1894378
1976159
1996779
1905698
2003499
1975499
2009376
1981879
2030179
2034746
2017545
2023700
1924745
2024386
2081596
2061932
1994325
2029349
2018246
2027025
2031182
2028135
1989725
2066020
2039139
2044939
2083221
2032429
2028849
2016970
2016076
2036036
2073335
2224937
2073981
1957553
2061580
2061626
2026609
2065419
2031755
1998696
2025329
2000469
2081195
2041479
2027245
2047491
2041502
2052669
2032104
2039615
1992625
2073196
2040320
2047316
2084435
1999979
2055676
2018689
2038115
1949833
2081046
2035238
2076910
1985189
2128592
2000071
2059754
2046065
2043322
2031059
2045742
2042586
2176094
1914789
1871045
2082084
1928485
2025260
1968686
2037944
2009036
1950035
1999354
2182857
2078016
1802987
1859781
1924417
1894881
1864285
1695641
1960450
2049206
2020419
1795904
1965209
2016138
1906129
2010629
2026170
2008776
1998719
2008949
1963339
1974216
2008146
1921625
2023416
2027763
1887582
1964563
2004819
1957656
1927865
2011028
2009788
1973644
2015619
2031695
2030465
2018255
1904863
2009211
1978855
1940529
1979073
2049266
2013566
2016066
1930484
1830458
2010695
2055635
1809214
2008915
2028999
1859909
2024988
1862078
1931398
1982613
2029701
1894510
1913399
2050006
1855410
1900228
1986924
1976989
1917541
2049719
1931022
2000934
1995895
1922384
1931132
2047894
1947576
1975088
2050685
1914351
1974133
2052319
2011189
1981989
2038866
1934572
2000875
1909188
1996080
1894321
2046515
1905775
1922261
2048076
1805353
1916789
2035239
2023723
1981625
2050069
2019113
1948069
1880032
2029628
2022964
1578797
1383209
1891898
1590255
1990420
1778896
1873543
1813041
1707188
1795383
1865714
1832418
1811307
1807621
1793040
1859808
1829368
1828267
1870609
1733037
1833757
1874520
1860262
1829774
1884151
1795752
1727441
1897534
1847693
1855198
1863952
1839432
1813856
1934334
1883288
1843743
1917192
1835799
1890193
1938803
1845593
1879124
1913498
1877874
1910928
1944655
1917054
1899680
1962558
1866672
1900454
1938908
1923729
1898508
1935538
1887040
1851849
1972549
1932849
1900415
2204468
1889939
1926384
1897494
1900733
1934575
1936776
1898594
1860214
1958798
1914118
1891954
1872498
1917235
1877461
1945450
1862880
1918833
1912139
1859369
1874988
1937355
1874310
1856034
1949339
1905144
1835814
1946908
2012936
1794703
1895350
1943913
1742447
1877817
1747203
1897574
1825716
1897714
1803291
1965478
1901204
1865618
1880368
1831444
1766263
1964115
1895704
