2422224
2579602
2400320
2626468
2486145
2723843
2640187
2468624
2495301
2323282
2726289
2643884
2381738
2527086
2472836
2340618
2652028
2339815
2283210
2575156
2455320
2354597
2341144
2753564
2654391
2578148
2536375
2450103
2642161
2382909
2401164
2495229
2364307
2594310
2556455
2614617
2589497
2713707
2496670
2544292
2541091
2474805
2473823
2525775
2751113
2258107
2561501
2350454
2408059
2582852
2492564
2303510
2606252
2460054
2339472
2417146
2451126
2355470
2353186
2359854
2489643
2427182
2568522
2333014
2395194
2181151
2518100
2563426
2470846
2660128
2554855
2369209
2499196
2335404
2481966
2310308
2443490
2170055
2624322
2671867
2496449
2458581
2505597
2664997
2711287
2645116
2683827
2421099
2650343
2661846
2678846
2441631
2241862
2529992
2387435
2448709
2538175
2580281
2649047
2374309
2469242
2597543
2647758
2582405
2431199
2548014
2629338
2285039
2609134
2651937
2616955
2560116
2651312
2465012
2618806
2572235
2723749
2598631
2486960
2353614
2595181
2564235
2615667
2234207
2266822
2693606
2210712
2482140
2150871
2448015
2704986
2714558
2661177
2514780
2554786
2744153
2648473
2433599
2676025
2539966
2755227
2409179
2581840
2730203
2407483
2583985
2749413
2650663
2689627
2495710
2656903
2445504
2486641
2380639
2469507
2708253
2592975
2615076
2747687
2576755
2516996
2730866
2506200
2424555
2467424
2438726
2460063
2463923
2497501
2601020
2444089
2609985
2606827
2417218
2341887
2563716
2726774
2320345
2622902
2448816
2444098
2435200
2644478
2481430
2561787
2590023
2694139
2648993
2487185
2574351
2417313
2810855
2483743
2465933
2696627
2483085
2493216
2463364
2512304
2561045
2550301
2530504
2608476
2660822
2233860
2678118
2967177
2632002
2744587
2726168
2586855
2625901
2608650
2692191
2818587
2840628
2674052
2704824
2952726
2712652
2783743
2893869
2839384
2859174
2927985
2864768
2755999
2670402
2522841
2835578
2642692
2458510
2884883
2602322
2809791
2744877
2667482
2886638
2868860
2920459
2896984
2832108
2771664
2795868
2486066
2774289
2841949
2744432
2779274
2807186
2644620
2858135
2597771
2810738
2556916
2731877
2734782
2559521
2491986
2703626
2390262
2445740
2811375
2226982
2542566
3058570
2747007
2552932
2091732
2461634
2286649
2389998
2143637
2422076
2440555
2117619
2442690
2419836
2392898
2283113
2331734
2613928
2514175
2431291
2683622
2455299
2634473
2395779
2476614
2544017
2633061
2278413
2680196
2585526
2374668
2440775
2624558
2485056
2364903
2648449
