4096276
3016520
2766173
2618051
2767257
2700843
2815147
2818381
2627520
2763180
2762334
2791811
2685966
2673070
2326700
2534514
2574359
2569867
2514229
2583765
3241617
2749075
2569721
2690446
2581456
2634456
2634114
2589387
2699262
2621696
2826851
2570707
2590955
2462832
2588463
2547317
2605822
2501478
2237033
2562625
2425953
2509011
2577046
2522897
2586577
2492935
2626890
2545174
2481620
2660537
2430002
2476233
2502631
2537706
2433858
2640623
2676948
2529387
2427526
2341496
2623539
2383444
2481254
2432057
2592519
2572011
2455580
2561865
2417830
2442888
2422854
2606045
2318982
2322748
2190842
2451107
2321388
2358012
2392841
2308562
2495172
2487372
2389097
2521661
2509674
2523605
2465651
2312141
2441070
2523894
2501128
2086171
2421886
2494731
2434812
2711541
2561369
2526428
2677852
2513971
2571112
2715980
2627276
2520664
2757891
2507562
2609045
2448330
2527231
2607268
2579936
2555585
2628015
2581253
2586849
2595750
2568154
2648029
2693026
2660723
2581929
2621635
2527641
2592461
2649613
2575535
2423040
2706702
2607896
2452829
2655813
2561302
2665640
2678726
2705310
2580371
2677380
2650877
2528576
2636992
2495131
2602992
2666760
2694542
2438033
2553192
2735148
2575651
2499409
2337996
2601252
2604902
2717657
2477415
2342110
2588909
2338865
2410850
2533853
2501752
2654256
2586976
2496741
2565085
2497865
2491488
2503521
2589036
2461825
2504764
2782668
2363932
2696140
2458990
2496604
2403250
2718427
2507293
2308089
2468238
2394120
2542781
2628182
2492339
2597817
2583012
2589883
2594655
2603078
2362460
2576665
2533953
2359439
2063561
2427870
2414879
2570640
2413173
2415853
2618282
2338097
2519251
2646555
2434472
2365030
2624028
2500478
2335146
2549984
2489581
2487847
2516395
2560482
2481400
2528526
2591029
2516641
2606050
2646152
2481204
2663730
2592312
2491108
2576947
2537522
2325482
2592985
2611119
2530564
2178261
2349940
2486193
2655972
2482590
2453024
2415705
2487342
2501461
2504580
2424289
2454654
2500998
2494988
2389407
2568091
2512358
2439738
2405233
2468142
2500440
2533805
2426693
2443294
2450469
2491239
2317322
2433483
2614867
2412244
2552751
2113947
2374460
2444200
2338363
2444617
2315828
2211056
1804076
2398166
2427729
2322833
2326637
2294422
2318396
2485364
2430189
2361943
2432600
2387964
2363474
2429498
2386896
2401956
2354626
2412849
2297397
2367180
2384117
2185807
2384163
2368186
2112961
2394093
2375803
2313967
2426781
2348187
2341604
2598211
2132565
