3606827
2738200
2714682
2631303
2615296
2682752
2693938
2613456
2720128
2735676
2627459
2682187
2556343
2504463
2616925
2706259
2613775
2626747
2713876
2635962
2623966
2699470
2635838
2619813
2624475
2805891
2524808
2750597
2660822
2595788
2783806
2797342
2683801
2726518
2689738
2596810
2681088
2778357
2795787
2766545
2771421
2779210
2773836
2767798
2561039
4357355
2712653
2541723
2827306
2783168
2784411
2738741
2642256
2694212
2683001
2689011
2548192
2671602
2680788
2472838
2720254
2722930
2695446
2768978
2647556
2648938
2653786
2648837
2712776
2527383
2523638
2722011
2713146
2621272
2753167
2621336
2735512
2526012
2760336
2664787
2672372
2753942
2695631
2553245
2629511
2607425
2490198
2690701
2437453
2616968
2697676
2715167
2535939
2165674
2292080
2245428
2753911
2558951
2219110
2665506
2331021
2236293
2471187
2423677
2429469
2634969
2604097
2597164
2617487
2636268
2524048
2552247
2661663
2301561
2650982
2603675
2661373
2625833
2570437
2453355
2569416
2633530
2521041
2579638
2627532
2565465
2580217
2645520
2352648
2618998
2619981
2565377
2633488
2375778
2508468
2620073
2588840
2498199
2580877
2595896
2463923
2622575
2612973
2448657
2626873
2640961
2511971
2516413
2631351
2635761
2625467
2612014
2603483
2594147
2566962
2621269
2664736
2581969
2585709
2603557
2623238
2565118
2634074
2619505
2659968
2567562
2655967
2628157
2638068
2648147
2607519
2651486
2665231
2646581
2651500
2586907
2618153
2547907
2575123
2428823
2703265
2602527
2623246
2719168
2767097
2666255
2777929
2688547
2724683
2530195
2785757
2704239
2749791
2458273
3774870
2761223
2478253
2796875
2670912
2728786
2080706
2736028
2371520
2404853
2869616
2465207
2466797
2704033
2674622
2543638
2724617
2700230
2658314
2714312
2747541
2716088
2718466
2703427
2768090
2652294
2749582
2713443
2730417
2582023
2665731
2726497
2766860
2593497
2976837
2719216
2679153
2635969
2674835
2676333
2665517
2544683
2455068
2672904
2356069
2576545
2712907
2743723
2680247
2687356
2706921
2561825
2737202
2593501
2745561
2634083
2710526
2619677
2719448
2580517
2704481
2657923
3078687
2528751
2677598
2636158
2465081
2674526
2677952
2690667
2783441
2634589
2632887
2676713
2449011
2431327
2655918
2632601
2698997
2707341
2684073
2793437
2725178
2779473
2529136
2645237
2631838
2712887
1921573
2255351
2330424
2600101
2537320
2524822
2475133
2734318
2418606
2740777
2504373
2436230
2743239
2526904
2463808
2499521
2451577
2216729
