3093167
2139032
2165332
2314161
2212907
2270640
2346958
2176281
2272773
2159872
2223647
2291196
2258562
2237657
2280647
2253826
2218359
2183295
2233786
2157101
2224622
2243835
2216040
2186767
2183011
2141149
2234892
2282131
2194353
2173082
2309012
2226504
2320688
2102552
2273270
2167707
2126420
1959813
2188024
2184387
2170954
2311638
2238867
2249365
2259955
2177711
2264709
2150428
2221298
2237130
2197458
2183908
2271843
2282194
2242602
2269010
2297927
2165257
2270480
2272136
1885290
1949219
1815362
1856902
1922284
1971406
1808909
1809321
1902394
1892418
2118772
1941596
1918144
1891425
1952544
1978534
1885257
1771016
1966544
1841195
1904706
1822571
1911745
1922055
1914677
1896356
1928734
1817481
1955683
1930766
1936081
1986458
1914945
1781023
1834009
1979993
1886604
1839340
1908917
1974575
1786732
2044408
1882359
1777799
2050365
1840488
1972644
1828621
1927655
1918488
1940183
1973041
1867117
1970839
2024463
1813261
1937367
1981768
1884417
1971362
2018331
1902221
1893428
1910292
1905433
1818796
1954888
1941625
1895480
1904141
2210911
1994529
1913859
1865802
1658917
1846055
1832655
1727047
1850960
1832309
1947134
1766347
1836146
1830245
1776163
1771702
1902914
1830347
1998850
1864151
1911648
1982629
1735102
1852841
1722708
1847899
1666253
1775485
1793529
1705484
1824412
1811246
1648575
1798296
1850397
1818592
1865799
1773519
1768787
1812426
1878346
1813262
1775325
1823732
1869735
1859677
1873298
1840905
1776425
1752219
1856457
1828189
1826363
1895082
1778872
1775080
1874905
1884028
1903305
1834352
1851399
1849130
1916894
1862535
2119444
1777256
1904450
1840243
2026414
1929145
1904291
1831113
1797976
1899181
1893264
1883336
1868241
1909237
1904971
1826708
1829156
1885590
1773068
1810795
1663168
1851532
1748473
1724121
1832875
1817526
1603428
1794099
1840740
1823881
1823222
1828448
1708261
1750218
1874093
1817377
1870581
1821712
1790517
1872218
1899491
1854722
1875712
1805155
1837971
1842716
1868544
1864250
1779149
1832332
1891543
1832890
1807223
1840231
1884330
1871735
1800159
1835326
1842979
1801702
1827695
1788432
1761324
1715700
1686390
1750174
1846851
1869811
1785925
1857161
1860172
1788941
1862032
1865919
1903925
1923097
1820796
1737520
1908165
1877969
1832722
1828636
1794816
1896615
1822949
1502946
1898539
2213727
1794917
1677432
1802970
1781163
1705164
1792337
1720357
1678629
1857704
1736942
1806873
1787640
1742236
1726027
1803057
1778140
1795797
1804292
