2240139
1581618
1368049
1388007
1637037
1565556
1387875
1794703
1721134
1646570
1776707
1733055
1780707
1804004
1840704
1815284
1788794
1839972
1817885
1816454
1821383
1836026
1821555
1848106
1850988
1822262
1780911
1845090
1817576
1716943
1802092
1711359
1810560
1516745
1833744
1837754
1773049
1687394
1994218
1798830
1761457
1821927
1793684
1723755
1810156
1822384
1827927
1771733
1722495
1862659
1812178
1764463
1762858
1837837
1797685
1761700
1845594
1895076
1854701
1776460
1841463
1729928
1724403
1714984
1835003
1829340
1770367
1861061
1803666
1808994
1817854
1821491
1863356
1830196
1679374
1834640
1775842
1821623
1842124
1801686
1721996
1726897
1720511
1606142
1670923
1671237
1514888
1800361
1586808
1664115
1780346
1690632
1712443
1627276
1769732
1793640
1604958
1587705
1821179
1794400
1548968
1828670
1759179
1656248
1804027
1748688
1852471
1759284
1718224
1822208
1786346
1789618
1808439
1824862
1820734
1848390
1843237
1790230
1731941
1736164
1569155
1764699
1824590
1705493
1707599
1822604
1640238
1778729
1859777
1668077
1770314
1810608
1788465
1820594
1709084
1760418
1828401
1819266
1701188
1836714
1761849
1720776
1826714
1823840
1719436
1814919
1733788
1801685
1820450
1750942
1668995
1725244
1719426
1643494
1648900
1739386
1648854
1783389
1772744
1572575
1748507
1743061
1632853
1777667
1741202
1728277
1751057
1765696
1740794
1738388
1638890
1783640
1731637
1598095
1789818
1731694
1705029
1768817
1750460
1720436
1637014
1754348
1655634
1628711
1652986
1701613
1682804
1698831
1887597
1771920
1564071
1536957
1604391
1635417
1465836
1530530
1669869
1436443
1410370
1585780
1560050
1534663
1419125
1657467
1615454
1683734
1699904
1473708
1633705
1620744
1629250
1683246
1624979
1610387
1624196
1727478
1550261
1756999
1715797
1466854
1687724
1668116
1533236
1734081
1540079
1528765
1697047
1557341
1590234
1642671
1688393
1563135
1456321
1692309
1579458
1585658
1807798
1675525
1639946
1501639
1672542
1801050
1732081
1513727
1594814
1759040
1473917
1650148
1603384
1413368
1475354
1467027
1494555
1522609
1613628
1411326
1631924
1505500
1473382
1480560
1523449
1572649
1518665
1687463
1727234
1686420
1696475
1741050
1684095
1699504
1715546
1718411
1575063
1549835
1644140
1700095
1521209
1526997
1695438
1767844
1580272
1841604
1721576
1584459
1569229
1475219
1595655
1521968
1470219
1520661
1521685
1402111
1391254
1596344
1592264
1608805
1638984
1542064
1602055
1521511
