4392191
2443935
2393161
2878662
2635767
2500954
2753711
2694116
2672840
2593336
2682308
2708965
2580477
2687306
2749349
2713691
2804289
3620736
2853225
2704396
2860111
2792876
2681990
2848325
2656978
2681000
2526815
2815635
2656024
2648295
2655824
2603924
2609925
2652475
2590685
2506052
2749354
2533135
2600242
2830302
2602283
2670939
2736264
2576412
2613859
2648320
2622522
2353530
2744155
2476934
2634684
2565925
2628799
2570925
2722685
2614137
2560835
2694482
2627358
2586728
2338978
2505920
2759462
2812258
2592366
2792921
2616947
2606300
2640216
2592113
2807770
2553195
2787001
2419513
2326844
2695815
2507328
3446476
2616711
2604905
2517948
2477269
2527630
2612626
2610544
2788795
2630256
2596688
2562839
2341296
2665253
2631512
2279025
2694590
2468577
2358338
2329085
2856990
2376244
2644422
2582494
2675908
2976217
2622951
2466179
2683903
2500722
5466209
2922836
2646727
2711354
2688076
2623247
2768815
2799051
2894804
2959236
2690548
2712850
2684436
2485286
2709682
3192936
2796475
2691864
2732133
2764577
2941247
2959605
2715771
2801547
2788237
2819746
2783522
2650050
2560697
2620426
2857465
2701660
2795098
2877420
2680900
2656707
2787700
2706921
2783778
2742141
2713940
2801169
2829595
2738141
2822746
2564106
2954946
2971025
3061256
2770642
2898521
2712581
2733809
2720094
2597250
2788462
2691705
2590565
2819615
2823044
2682586
2762161
2654735
2821698
2808930
2808057
2704036
2635170
2818449
2750421
2677259
2746386
2710567
2315772
2524384
3156197
2874254
2900795
2666055
2874170
2877787
2581713
2556150
2792362
2598156
2883386
2717406
2591645
2753089
2674867
3680206
2816624
2635078
2727974
2768552
2569559
2588669
2854844
2507004
2746322
2640762
2645286
2741646
2605340
2671194
4325523
2735455
2830662
2646975
2756855
2535283
2705108
2502139
2681377
2738011
2765205
2785053
2791483
2772233
2863145
2588595
2704467
2651479
2680346
2619516
2659077
2696651
2628120
2838058
2687843
2642105
2640896
2662275
2618793
2797795
2684598
2756964
2703947
2581529
2725781
2764007
2733031
2638798
2773819
2699825
2671275
2630654
2619148
2411723
2597574
2650428
2751161
2644759
2648606
2510153
2149405
2524565
2790864
2601451
2710089
2603699
2472755
2606069
2375366
2658076
2659037
2767425
2772662
2745425
2653258
2895495
2648065
2584112
2563861
2558729
2855281
2487547
2684565
2555056
2603810
2545803
2789725
2641706
2561883
2486652
2664239
2150490
2443411
2454600
2374780
2417245
2332050
2227603
