3072136
2204897
2244730
2239552
2209923
2283558
2383149
2340945
2338257
2263464
2324166
2308039
2273318
3153772
2323701
2362060
2312921
2349798
2321489
2363561
2334645
2370248
2337159
2310156
2323757
2236435
2317227
2403359
2123074
2194389
2632881
2451539
2118753
2316231
2309441
2143718
2255918
2319774
2238056
2267010
2334723
2266593
2317728
2361535
2406051
2379673
2349915
2156555
2295876
2348891
2271444
2336634
2331880
2319345
2347169
2282518
2636211
2206926
3784511
2416961
2044103
1759789
1868231
2049255
2129237
2363158
2192569
2094294
1947282
2058103
2037165
2045753
2122542
2050413
1972773
2094717
2110312
2049615
2083392
2047238
2052674
2042077
2052893
2054763
2037926
2087124
1871151
1946705
2079473
2041401
2035804
2010095
1923662
1982762
1949594
2003480
2061061
2024208
2025505
2075135
1993737
2056513
2056283
2059188
2005983
2061752
1961372
2058196
2090957
2047256
1973962
2085152
2035230
1925431
2038716
2123624
1945991
2110054
1948820
3218739
2097644
1928649
2143959
2017054
1965553
1918244
2001955
1998741
2021563
1991853
2028194
1974641
2008363
2016104
1955004
1954096
2024777
1971100
1984852
2089727
1907213
1796389
1962317
1944642
1903482
2005532
1854739
1940844
1884768
1961551
1905868
1915581
1900931
1898615
1910411
1806448
1962102
1875400
1952339
1808372
1875656
1968647
1851973
2767293
1817473
1823150
1907159
1785679
1999896
2075067
1822564
1902171
1894774
2045033
1995626
1886301
1787375
2202965
1970131
1989677
1958901
1987911
1877091
1892725
1960153
1895599
1964759
1983241
1886185
1954166
1991529
1947121
1978770
1970232
1913685
1973323
1893733
1968616
1964373
1983350
1923673
1942221
1954213
1967640
1967301
1982403
1969061
2016527
3014476
1947464
1962215
1997337
1923292
1868716
1981526
1951282
1962153
1993726
1804593
1975126
1944915
1897173
1975615
1915551
1890152
1954830
2004667
1984875
1959636
1990103
1904403
1959786
1923071
1966670
1958134
2008383
1880870
1936083
2210568
2021354
1968636
1984841
1942292
1941710
1968550
1931716
1952035
1994342
1874129
1949190
1977948
1932839
1956233
2011899
1882609
1909501
1937042
1953859
1949640
1988170
1885659
1952783
1972650
1912681
1933510
1988406
1889895
1868816
2062924
3898105
1892052
2006963
2111901
2013746
1617229
1894711
1912349
1724243
1855084
1925132
1824428
1823179
1687794
1867905
1819621
1901411
1816700
1945436
1935522
1777112
1837141
1739782
1797150
1813434
1900051
1839694
1833874
1821875
1856954
1861880
