2484472
1968147
1938915
1873014
2043702
1784288
1699159
2053381
1871160
1712812
2014960
2075936
1962379
1974115
2005550
1940611
2045127
1983231
1905650
1956484
1884640
1892701
1957639
2029513
1677122
1913271
1997594
1893494
2007217
1881087
2029507
1869474
2043345
1914716
1943678
2065719
2035846
2021207
2055178
2026511
1992558
2052419
1981361
1886410
1992523
2038566
2017650
2029328
2060678
1955887
2028118
2020533
2010934
2200446
1985152
1978365
2025243
2020212
2033178
1979532
2049597
2039440
1917515
2066208
1969287
1980356
2107499
2013907
1958659
2098892
2028654
1951554
2035092
1892563
2018948
1924013
2015291
1991143
2045448
2039972
1957331
2051992
2027615
1942061
1987094
2008420
1993152
2028293
2016661
1996812
2031164
2042305
1959111
2042078
1922653
2143148
2010871
2006233
1992542
1772354
1990174
2001529
2033324
1929653
2029168
2038821
2009966
1812156
1987352
1970824
2134136
2032307
2002004
2010652
2044139
2023898
1980707
2069882
2027528
2047043
2050486
1989596
2040478
1922059
1962834
2005221
2091604
2011740
1935718
2024387
2002653
1974401
2050628
1963851
1932260
2048448
2008144
1983639
2054238
2002484
2009468
2036202
2047447
2000839
2027468
2006652
1947411
2001964
2029727
2024727
2047948
1997354
1983241
1933098
1969971
2044292
2132049
1957524
1909868
2171652
2155568
2133751
1668875
1901066
1945230
2013892
1892568
1955761
1996823
2002254
1927987
2008340
1990772
1943183
2043785
1991402
1960951
1821646
1826453
1731118
1740656
1798005
1771356
1612585
1741228
1682734
1680398
1781120
1607387
1478495
1797180
1606627
1825870
1775639
1644112
1760550
1776736
1639154
1822416
1678856
1688614
1662567
1587324
1631731
1827634
1643903
1601784
1803184
1601763
1637177
1702472
1581187
1634666
1694019
1641737
1649123
1652378
1722974
1639368
1665644
1788970
1628557
1703581
1648675
1785785
1675608
1626600
1724708
1603680
1811776
1808835
1662615
1813891
1737692
1794990
1634368
1649166
1818066
1796779
1647369
1665741
1633665
1746499
1662044
1727643
1708743
1647260
1691107
1686308
1811447
1612247
1711414
1744751
1648851
1824236
1809249
1766249
1878326
1745413
1775107
1949877
1846377
2093393
1800919
2067528
2367129
2097495
2158494
1885281
1865600
2226194
1952794
1873410
2126419
1959963
2034180
1973885
2017492
2039124
1895264
2026932
2047952
1967959
1992524
2097912
1961394
2056725
2077553
1948971
2074974
2091231
1955451
2067993
2078763
1993840
2073988
2299288
2032192
2080802
2084998
