2152414
2016128
1937513
1809898
1952894
1868925
2402793
2255506
2059005
2180720
2219668
5362050
2184034
2222147
2157660
2258693
2139497
2168852
2148157
2241077
2160491
2285967
2272783
2167387
2277611
2305301
6333775
2231180
2174085
2152276
2312289
2312072
2240403
2205381
2341820
1967544
2356138
2350148
2247742
2203747
2355378
6263825
2282216
2104211
2288402
2224233
2124097
2305569
2182082
2246881
2309862
2279714
2257029
2289893
2303484
2224085
5975543
2266881
2230222
2224127
1964813
1819436
1929943
1873426
1809646
2015659
1887163
1861623
1947750
1966128
1835838
6034887
2011040
1875333
1878394
1972305
1826708
1914634
2033636
1852778
1880053
1925350
2013555
1862371
1957087
1933759
5932973
1875106
1954204
1899539
1874463
1975530
1961313
1873262
1881987
1955708
1964658
1927566
1999762
1866668
1946507
6328746
2209674
1934794
1953657
1324573
2090304
1841998
2184905
1624103
1975728
2135234
1694641
1849409
2046416
1960764
4807719
2064025
1957234
1975325
2084105
1968351
1980029
1990784
2017194
1980874
2019820
1987304
1957640
1963299
1972822
3144754
2006661
1897583
1987314
1822897
1951705
1930110
2007871
1963218
2041681
1972974
1909201
1993090
2039735
1964673
4463610
2001344
2017194
1992629
2012480
1966192
1992814
1973453
2040680
1936879
2016640
1953544
2020514
1994734
1983484
2048248
2013184
2042371
2268648
2010414
2039365
2009618
2035234
1992063
2006797
1998324
1944139
1947849
1961142
1996130
4918802
1962528
2002204
1981854
2023028
1968987
2060336
1976114
1958623
1976654
2000211
1994124
2001534
1894200
1993359
2323985
2040468
1975145
1970489
2001720
2001138
1988748
2038764
2002756
2007832
1979589
1939370
1944408
1946401
1967354
2599447
2000304
2057926
1991792
1994006
1974267
2010758
1994138
2006909
1982609
1996688
2010658
2006974
1973471
1988177
4354084
2106211
2005264
1939772
1997084
1921630
1988958
1976520
1964024
1955548
1912903
2029385
1987535
1959293
1988812
5544437
1945133
1899964
2011200
1978391
1906597
1945434
1819693
1845393
1986396
1991556
1843684
2029278
2010604
1928627
5640799
2539591
1950798
1985404
1886153
2034384
1949130
2008199
1947609
1927075
2020184
1971689
1956077
1854216
2083004
4368964
1945398
1998045
1895869
1997175
2007285
2025661
1996248
1982270
1898359
2006474
1941236
2025421
1915408
1930758
5507552
2272906
1917068
2058827
1974862
1799043
2013454
2066344
1923943
1950653
1945269
2047530
1951289
2041909
1920394
5841390
2251367
1975833
2016005
