1885536
1338697
1577688
1586397
1539147
1409830
1787815
1681897
1707183
1653933
1641157
1619882
1702979
1653539
1693023
1709028
1709797
1643162
1744907
1672944
1714389
1817145
1608468
1722507
1806601
1769348
1708773
1893442
1654219
1703918
1756289
1637733
1756410
1801871
1661887
1725573
1758058
1596831
1737669
1710078
1623082
1791580
1685183
1681559
1658193
1752844
1694084
1754701
1799365
1688072
1709116
1739850
1700744
1726503
1788829
1713220
1723357
1897410
1679454
1755434
1665767
1703744
1741342
1737402
1584548
1830405
1720369
1611907
1710633
1812310
1834860
1785451
1678073
1609483
1741043
1597657
1671171
1745621
1656272
1621150
1731524
1688649
1609689
1757716
1699303
1612897
1690817
1842109
1626013
1709267
1630827
1573268
1610961
1767711
1699272
1735630
1685408
1619073
1706413
1736894
1683547
1771465
1899721
1658933
1779101
1662663
1705909
1710590
1732245
1629932
1713374
1631036
1758463
1762364
1706754
1747298
1759010
1519435
1695252
1546638
1625573
1517671
1673222
1675521
1536762
1623962
1659573
1554882
1621772
1642974
1572032
1647166
1584818
1613508
1646903
1641059
1606328
1589083
1623098
1536612
1555638
1621607
1598646
1672803
1659284
1547505
1541386
1569191
1549956
1616792
1662463
1592608
1612398
1637717
1599790
1536005
1648298
1577172
1630213
1641433
1604523
1657967
1643906
1736342
1590527
1633082
1607536
1605248
1638782
1563448
1564745
1646223
1613644
1540608
1596337
1636906
1674263
1579765
1493567
1630926
1532201
1534148
1654183
1591196
1563798
1635809
1581506
1529205
1601056
1587731
1540590
1549052
1591442
1532186
1629812
1597538
1550826
1628967
1582638
1551192
1629473
1588929
1582023
1443585
1622660
1676137
1667027
1572836
1486585
1550042
1444246
1488009
1488699
1723362
1479796
1543842
1580961
1543201
1653782
1721724
1652040
1485044
1584760
1571409
1322498
1478474
1432015
1474096
1452351
1418289
1554591
1623079
1507317
1526235
1656878
1521024
1509416
1659527
1694769
1613266
1685634
1632363
1618708
1586562
1587441
1696000
1585016
1657770
1684404
1590591
1711287
1553725
1543803
1536722
1628336
1477486
1612577
1677973
1582052
1715989
1442156
1697993
1712754
1587429
1639586
1523861
1596682
1525440
1511529
1493406
1461850
1701528
1463168
1459034
1516577
1600426
1516628
1530912
1593117
1565564
1685398
1501081
1492352
1469750
1461274
1439803
1528118
1562348
1478808
1479154
1481728
1617392
1490751
1516368
1634187
1513443
1578246
1505814
1582682
1536471
