3508807
2693770
5554771
2745753
2602500
2725613
2716146
2551995
2745153
2663005
2522691
2656083
2662055
2503338
2610143
2592626
2536457
3194557
2574321
2481927
2493440
2504329
2418952
2363396
2586146
2499452
2475667
2509685
2399060
2556508
2496460
2564332
6440129
2531709
2570277
2526911
2520032
2611230
2535014
2470571
2618683
2481175
2524789
2515281
2505602
2440848
2464992
5345716
2606890
2539887
2399294
2546212
2621183
2486594
2565535
2485908
2541894
2582405
2401017
2489316
2301794
2260940
4626926
2725603
2552008
2577204
2542292
2502417
2503768
2496244
2461574
2518692
2657849
2479846
2511296
2183895
2600232
3536074
2510156
2502882
2553076
2509565
2543125
2512595
2545902
2499535
2533505
2495479
2504232
2496938
2417453
2425801
4196144
2440207
2450527
2485971
2558462
2505485
2509342
2454383
2369698
2484624
2508844
2423957
2488503
2429447
2460386
4501144
2496302
2421932
2507388
2410635
2514002
2470301
2486295
2282142
2359879
2384491
2368724
2451785
2409515
2399704
4186738
2451791
2399547
2450731
2506083
2452479
2306226
2427925
2388281
2461366
2491838
2371860
2334914
2346584
2408311
4503832
2841581
2356224
2428157
2360737
2414200
2371903
2470761
2336289
2538673
2469468
2358255
2432601
2420093
2356247
2807329
2405003
2325826
2370096
2444602
2540992
2407437
2421330
2386716
2397821
2394026
2390247
2424535
2458397
2392927
2765128
2457620
2358597
2392218
2332096
2408446
2449621
2540315
2323307
2493986
2477076
2510918
2476941
2284617
2516556
3136642
2602003
2593117
2323770
2429509
2392992
2642059
2525392
2485931
2575859
2604917
2468047
2560162
2581338
2533432
2556479
2817264
2548708
2606432
2576570
2571872
2586438
2586173
2572446
2598042
2617284
2546232
2565809
2560985
2500229
4095736
2559168
2569482
2490277
1890825
2221189
2233152
2476380
3573021
2081298
2291196
2138518
2217474
2210895
2284341
2191798
2214149
2263750
2238218
2180512
2279070
2251789
2197382
2203190
2300631
2156825
2218406
2196848
2224286
2200474
2685859
2180849
1776550
2221519
2221739
2160045
2237826
2214250
2163875
2222807
2199162
2146736
2144264
2203917
2219622
3167158
2287110
2274854
2290097
2243778
2247703
2283770
2286624
2227667
2328446
2247249
2197135
2164915
2275616
2066372
2799503
2297623
2266650
2225650
2239429
2312714
2243467
2344387
2119017
2292786
2354588
2179826
2129089
2153593
2118722
2318973
2362086
2260023
2290606
2349100
2341003
2304937
2791918
2316371
2296880
2340241
2318830
2326353
