4447334
3031093
2690509
2732402
2835236
2657809
2728006
2767907
2492698
2720413
2709668
2702034
2768295
2718822
2726612
2722409
2878703
2764045
2831632
2645259
2535892
2684033
2794868
2718439
2786058
2679806
2788302
2825783
2742903
2591586
2740556
2720649
2704593
2728207
2814126
2757232
2747447
2693966
2679157
2792133
2792807
2867366
2652367
2592857
2435049
2561223
2827969
2227899
2711276
2644628
2663729
2701228
2725062
2733522
2776127
2671203
2744552
2771112
2738242
2371163
2789283
2802809
2756343
2789199
2682848
2787077
2812067
2692303
2769422
2832147
2633422
2827063
2780243
2739403
2627388
2763488
2864604
2741697
2761117
2800030
2764296
2751103
2760702
2780739
2762103
2695920
2813972
2729667
2815869
2763606
2696762
2592108
2822844
2722893
2834749
2790213
2776009
2727277
2756940
2704009
2981096
2731274
2549046
2730583
2674242
2692186
2712572
2348418
2695487
2727259
2611184
2586734
2746817
2670783
2752339
2650886
2690822
2636326
2721692
2731636
2734797
2678319
2657676
2693403
2565049
2692267
2519746
2614649
2478044
2355993
2590799
2564039
2117105
2425627
2328875
2716944
2692682
2614622
2726642
2609946
2356226
2572196
2705876
2669563
2614135
2681573
2679987
2438482
2615512
2678996
2570326
2678408
2452498
2568561
2687416
2538243
2449151
2545187
2285462
2502255
2703417
2703597
2713843
2681189
2772456
2730437
2791614
2670843
2672368
2687519
2810390
2576329
2721949
2677198
2703187
2591467
2718428
2655108
2672619
2654809
2560825
2659693
2584557
2573601
2712742
2647977
2526723
2728663
2664101
2569940
2676483
2739535
2564558
2633187
2630220
2486688
2638005
2471645
2497756
2612508
2396830
2406398
2692245
2593031
2541773
2672196
2575323
2592846
2620242
2676010
2677927
2645320
2590599
2610069
2669143
2625456
2617563
2659433
2686785
2460464
2745443
2633013
2708936
2607102
2715597
2720356
2728063
2601889
2660342
2703413
2441965
2709553
2686293
2705909
2746223
2582978
2641686
2645590
2484184
2621330
2758176
2676614
2141908
2330207
2658723
2077406
2439297
2654334
2686664
2473543
2558871
2755923
2589785
2624304
2715082
2645903
2705949
2534009
2782424
2795356
2829187
2632838
2805526
2745802
2783709
2676990
2862226
2666875
2806776
2551912
2697037
2632632
2776568
2751173
2838420
2651664
2641157
2826043
2765596
2707533
2701507
2760826
2733650
2779993
2832348
2676219
2825797
2828667
2770536
2756803
2653442
2728353
2715687
2757553
2803023
2727612
2768537
2805077
2808523
2117816
