2956153
1932318
1934423
1989340
1855834
1924185
1873932
1974015
1958933
2023422
2020994
1999994
1988923
1914884
1997390
2003205
1885749
1894690
1986205
1987184
1906039
1999643
1887538
2049740
1882039
2001939
1815096
2049743
1974630
1960567
1808068
1999806
1988063
2026839
1991847
1898480
2066006
2090186
1902630
2008825
1866895
1927529
2029865
2016768
2030018
1895228
1801888
1913568
1890609
1912577
1982230
1952709
2157576
1905732
1951409
1954484
1873993
1947264
1940340
1851712
1904313
1869853
1936836
1786008
1890880
1925956
1937239
1938394
1957080
1981183
1857348
1952590
1985430
1868554
1921844
1925365
1899108
1926854
1993289
1866100
1831154
1874178
1978165
1905903
1852049
1952382
1901255
2139567
1985903
1919835
1854795
1926481
1986839
1924326
1971425
1952184
1932272
1984235
1971981
1994952
1908812
2017366
2006866
1957574
1952891
1951365
1937102
1960463
1911889
1926301
1952561
1920974
1964713
1950995
1894710
2011705
1907585
1998484
1962374
1955923
2210243
1986465
1965257
1978455
1928759
2006475
2018726
1959553
1963655
1971432
1974312
1989629
2194296
2025269
1936057
1962608
1965673
1962980
1919229
1935805
1943099
1914529
1886139
1923368
1941639
2009625
1918418
1934029
1866465
1883401
1921947
1955349
2010020
1904339
1920813
1938934
1941060
1901199
1983190
1944333
1833166
1880778
1937283
1753156
1931848
1949492
1966882
1921682
1907913
1839443
1921869
1923136
1992580
1942997
1993703
2022925
1969353
1991050
1998859
1921029
1985601
1869493
1721193
1993225
1820269
1900217
1831419
1924720
1954277
1965937
1937688
1973303
1966914
1963529
1950869
1964012
1941005
1951553
1921153
1902867
1944387
1966504
1925937
1968299
1975898
1965329
1940894
1979268
1931792
2001398
1978407
1982653
1984661
1983629
1935157
1973910
1961929
1972719
1951140
1982368
1916528
1956169
1978579
1963601
1947628
1970050
1959267
1960749
1936813
1929683
1968689
1980229
1967872
1949144
1967379
2012671
1959958
2011027
1950853
1966990
1962202
2000198
1957269
1940842
1897129
1961639
1966361
1936978
1956107
1981729
1987339
1960271
1984231
1937035
1959846
1895997
2040183
2324591
1984990
1921135
1981365
1983223
1834280
1914099
1957263
1960028
1969917
1944750
1929453
1917899
1960363
1879720
2070928
1884362
1871459
2007770
1983868
1910800
1987909
1981530
1879797
1959679
2022090
1975520
2244034
1879380
2003977
1809229
1706881
1527278
1863442
2057553
1876975
1851768
2037943
1724271
1864969
1901595
1742786
1886532
