2325036
1964132
2437719
1949062
2322791
2403823
2360029
2377509
2308596
2330853
2339288
2428885
2335777
2384802
1912661
2424405
2243660
2209124
2075488
2081334
2357582
2214450
2365816
2366478
2331248
2277522
2402097
2232420
2360388
2342938
2374165
2278861
2362639
2262236
2295783
2446494
2305621
2295771
2307936
2284967
2321358
2437384
2228916
2120869
2326132
2415073
2339444
2303171
2031042
2363062
2166828
2177239
2564285
2229379
2303217
2362285
2401189
2451739
2425152
2043916
2023467
1843039
1909360
1917346
1965807
1930146
1983483
1907385
1954526
2013869
1989370
1945987
1932286
1940296
1936200
1919059
1885842
1937233
1927863
1825799
2047614
1853849
2002130
2012294
1951359
1895997
1946225
1957110
2036616
1961785
1962033
1914876
1950118
1803347
2003324
1969950
1806204
2014407
1952616
1797867
2041951
1965443
1982189
2001515
1989795
1902821
1858975
1974202
1970457
1936173
2075804
1917029
2010124
2013044
1938860
2000387
1952471
2028522
1998183
1936997
2003270
2065480
1978396
1957167
1954659
1926846
1951937
1963416
1977085
1865249
1931247
2276704
1947051
1892586
1957768
1847706
1895416
1956446
1859244
1931178
1978540
1922032
1947870
2007363
1882460
2130452
1961803
1707324
1539088
2113137
1781748
2112243
1871193
1871741
1974783
1886955
1870945
1941856
1928102
1878372
1849460
2014233
1874175
1879325
1936239
1805139
1833434
1916905
1816803
1925731
1912098
1896009
1846740
1837785
1803707
1847235
1912206
1853470
1907559
1924315
1766995
1782278
1918666
1819440
1843456
1832594
1869672
1961199
2045077
1735253
1877970
1883936
1772347
2029803
1873616
1933081
1854409
1969147
1863059
1840529
1858928
1860965
1865515
1856104
1834575
2049513
1959370
2247759
1935404
1808989
1685452
1780171
1891158
1860634
1821587
1911072
1853129
1890455
1903556
1842709
1874981
1902600
1869235
1905389
1925816
1930906
1790160
1903200
1834580
1820491
1962056
1861718
1829199
1929820
1813829
1906331
2015007
1765758
1900688
1927649
1959049
1956793
2130158
1639093
1676423
1874725
1710235
1813474
1865169
1719867
1914069
1896137
1847579
1960170
1859961
1756108
1762629
1861401
1785561
1780479
1966693
1774679
1818594
1830705
1715903
1866619
1814009
1725637
1812383
1827779
1785499
1812458
1746508
1748008
1819265
1774581
1836910
1818949
2171854
1911706
1883757
1998953
1766663
1805730
1795395
1838975
1817369
1792728
1851858
1835709
1949241
1835248
1842630
1885141
1732570
2132943
1864475
1731119
1852079
1891501
