2252637
2009590
1971956
1923183
2271164
2236309
2218593
2292484
2222019
2381806
2336166
2320002
2389026
2283083
2181954
2359856
2376886
2166533
2370806
2404156
2286701
2071405
2139849
2322988
2299554
2327562
2311351
2293017
2319551
2255419
2238568
2363313
2282417
2361640
2296397
2233149
2327223
2279188
2226609
2270825
2354702
2313014
2323224
2323583
2260589
2282034
1958743
2236095
2271664
2174307
2229589
2333413
2111850
2234208
2267334
2266578
2252338
2162276
2563276
2236144
2061447
1861836
1920574
2009255
1934470
1854349
1894605
1888811
1890275
1945920
1919165
1925047
1928474
1940534
1981490
2047189
1934026
1805082
2056718
2011094
1918870
2030264
1920960
1836940
1981598
1888288
1898197
2071976
1961579
1895034
2018834
2059018
1956447
2009912
2088587
1902131
2010062
2013333
1993245
2227028
1917545
2038574
2053764
1955170
2019816
2066187
1951239
1996155
2054908
2006906
1979084
2037669
1885292
1925640
1918871
1984394
2019372
2085625
1927256
1968243
1893547
1940704
2031785
1907955
1869105
1880400
1940579
1979869
1891865
2055786
1940036
1973775
1999967
2034948
1961599
2024499
1937600
1926440
1989857
1990959
1989315
1947860
1925220
1983796
2001596
1862168
1928884
1948220
1885851
2119837
1946470
1754225
2027333
1717241
1608095
1952466
1902551
1811057
1758831
2031268
1774507
1728534
1785409
1897406
1966889
1891620
1807570
1781213
1955740
1912045
1874543
1914945
1820233
1845968
1828591
1723314
1802976
1799950
1881444
1855045
1891867
1838542
1849908
1852699
1878762
1884347
2039014
1871855
1887201
1894332
1889905
2018825
1887287
1856202
1859115
1913017
1945310
1885111
1884921
1935601
1950814
1886401
1835852
1832696
1959310
1887958
1870519
1835978
1823157
1669910
2066473
1905625
1828453
2085022
1869141
1750442
1914452
1886115
1775430
1864456
1902811
1884445
1941765
1809472
1957100
1825082
1832317
1802483
1883256
1865492
1798327
1896709
1802020
1769733
1826238
1797823
1965716
1828457
1932684
1824065
1924377
1436193
1670142
1892945
1847678
1995856
1783556
1802541
1642490
1528982
1703376
1741913
1737869
1726608
1791652
1661732
1694412
1723764
1694191
1727314
1714435
1731209
1672159
1638252
1762051
1701389
1732884
1686710
1664095
1819524
1760990
1722179
1836289
1730939
1641304
1627452
2201076
1764199
1742404
1753498
1762679
1760659
1690062
1718475
1747182
1855788
1880795
1737209
1796072
1624881
1845388
1809417
1702990
1877727
1848358
1761188
1781960
1728275
1679043
2020364
