3682354
2959297
2717853
2841781
2725493
2699889
2703492
2738132
2868479
2771316
2896700
2852457
2827044
2700289
2815956
2822080
2744109
2812937
2845855
2782735
2838925
2756094
2830100
2830500
2756897
2798560
2893077
2769983
2928157
2843976
2820268
2745205
2801517
2803000
2820876
2761443
2798249
2830884
2803162
2737193
2887182
2820107
2806278
2771234
2826540
2679543
2693530
2829294
2787276
2599972
2904875
2648516
2821531
2947902
2333875
2707743
2986560
2666234
2548836
2869585
2455038
2383385
2719708
2691598
2738207
2546015
2722447
2699803
2693850
2600803
2522050
2486485
2651393
2694879
2614117
2602066
2696143
2584867
2548617
2622024
2611338
2705168
2731308
2601889
2702044
2660363
2643227
2622882
2800928
2707940
2705430
2654782
2772469
2843783
2738096
2721670
2792296
2664166
2728249
2694563
2741070
2579222
2647770
2699699
2692562
2605081
2666794
2734965
2677703
2707444
2736615
2725837
2760154
2725794
2799172
2685535
2704667
2710207
2837588
2690570
2660486
2659512
2752311
2593034
2704913
2651658
2721578
2721798
2729618
2619766
2476784
2753564
2703993
2778382
2753604
2541727
2236952
2720343
2646756
2705923
2714538
2704291
2749858
2701793
2714461
2583039
2683400
2646985
2718973
2649243
2715807
2640881
2745969
2676549
2822486
2693038
2622389
2809789
2399584
2591789
2217204
2760415
2551549
2208070
2658726
2539481
2635406
2666121
2558990
2703322
2660397
2603940
2674942
2627596
2636171
2618097
2568408
2551515
2711814
2550141
2501336
2522011
2676881
2364915
2457636
2707513
2482558
2638070
2696128
2525964
2665174
2721003
2514169
2692328
2735215
2501381
2745477
2688239
2633637
2673092
2709976
2628913
2684269
2663040
2508049
2621388
2696897
2662302
2702794
2677044
2666223
2558827
2724283
2529921
2744138
2616326
2727274
2869339
2607393
2496738
2354609
2827186
2494428
2639806
2578921
2669643
2598642
2676607
2703614
2684189
2688484
2670763
2717933
2674503
2667591
2687423
2651669
2657013
2722773
2641108
2664797
2730370
2679372
2417916
2779058
2532556
2710620
2649932
2679437
2591965
2656933
2808504
2590803
2628791
2674177
2200797
2585182
2585869
2548399
2572314
2579525
2431966
2528619
2527019
2555926
2509575
2594932
2523355
2598780
2589596
2498289
2497654
2610323
2547683
2665390
2685193
2467727
2796136
2666227
2629066
2689668
3018087
2656336
2579371
2611409
2498110
2595431
2598564
2490917
2601951
2611119
2555231
2585922
2518491
2607731
2596736
2587321
2547122
2547735
2576401
