2097081
1632867
2064377
2011845
1693756
1847673
1829348
1793312
1916528
1815854
1837711
1974728
2037197
2075424
1970940
1986533
1965745
2013199
1810516
2054675
2035218
2042319
1829497
2052566
2025890
1907640
1994287
2033189
2064669
1989941
2033622
2062446
2019294
1948615
2053933
1902153
1934568
1918346
1996740
2083390
1971053
1960561
1944328
1856755
1918400
1972051
1958907
1906527
1966909
1980749
1909376
1857787
1980298
1951327
1925437
1943775
1942948
2179451
2160703
1975459
1978488
2006823
1957410
2066148
2133453
1861543
1936407
2003112
1919551
1910978
2109539
1958354
2037793
1947754
1998759
1965224
1912915
1931897
1926881
2020901
1819145
1904261
1879476
1925300
1959200
1916045
1957923
1993682
1947829
1963077
1960912
2001109
1908077
1845910
2015670
2002774
1935387
1957839
1973102
1966087
1852111
1847230
1981102
1956062
1919683
1928657
2062438
1726393
2052780
1856408
1840236
2004348
1853245
1934929
1895438
1963400
1956327
1992743
1913231
1971009
1938837
1962487
1916034
1910223
1814901
1837487
1882416
1958358
1968559
1930208
1931328
1966248
1935369
2010731
1968245
1987654
1978837
1971454
1922837
1962103
1966503
1965542
1973844
1959900
1969250
1888042
1987003
1990395
1998961
1919533
1956509
2014689
1958158
1839529
1881858
1965562
1956837
1912383
1984227
1950132
1953326
1920832
1983127
2012078
1938819
1934835
1956430
1813059
1907506
1629993
1770912
1898281
1682894
1852552
2020151
1961047
2019470
2039394
2018325
2013372
2018593
2012040
1934877
1961750
2021860
2027417
1980690
2071240
2015794
1998930
2038351
1944003
2055020
1966950
1784366
2378852
2127808
1981101
1998052
2061061
1958402
1982018
1982602
1795573
2003408
2019494
2241641
2197936
1924653
2096340
2128040
2315610
1908152
2164889
1652672
1950486
1854238
2020028
1855348
1879595
1803596
1906367
2048899
2004668
1981642
2029210
2084444
2000491
1958388
2023558
2048451
2038718
2003578
2039954
2043938
1922800
2045018
2098169
1984788
2052260
2075038
1964569
2070928
1984066
2087355
2078313
1932667
1939193
1984433
1964510
2029137
2020727
2095399
2062329
2070634
1992883
1998954
2075100
1999504
2084005
2051170
2030498
2020314
2027028
2111086
2045305
2252830
2086780
2074329
2029504
2048485
2058675
1970268
1968051
2072827
1977601
1938534
2047891
1977744
2003849
1857063
1964113
1998234
2050513
2069229
2007491
2070019
2026618
2012494
2077829
2018244
2077784
2092083
1986259
2011554
2027034
1996100
2058703
2066712
2092360
