3830597
2709534
2735185
2733623
2730479
2756024
2696401
2594759
2795017
2621139
2776250
2795170
2609897
2836296
2373448
2473496
2218008
2606833
2569152
2558271
2676966
2763142
2692885
2840471
2956368
2814162
2807907
2750946
2827690
2760270
2769943
2765670
2920116
2769450
2818681
2821027
2616094
2239623
2918464
2786406
2755600
2945718
2796985
2758920
2798871
2679421
2859643
2780800
2782027
2812398
2939246
2852891
2735596
2789422
2751289
2800807
2895383
2695549
2709096
2757388
2769164
2708023
2926166
2846744
2842437
2755134
2811807
2545066
2893126
2846605
2657334
2729490
2638946
2701707
2912585
2676637
2661973
2551080
2788830
2592598
2603204
2525583
2744319
2793065
2511206
2830608
2763430
2747535
2647128
2601379
2615755
2657514
2659119
2773875
2712675
2584384
2637258
2741844
2725822
2657204
2602934
2683182
2734205
2575033
2422915
2537222
2569464
2594601
2636392
2628684
2542422
2668523
2497726
2746085
2591574
2566556
2653729
2565508
2604227
2380274
2703785
2630289
2722848
2612477
2674492
2508960
2503422
2722663
2814565
2693355
2840102
2556977
2720913
2547872
2443692
2664950
2626082
2648732
2766340
2620273
2593438
2706685
2498406
2586544
2675549
2480082
2488928
2658069
2430701
2294909
2196452
2494158
2486815
2359265
2433087
2420559
2374254
2328543
2462120
2215402
2432746
2534003
2596683
2614983
2282112
2419991
2402354
2354014
2567063
2449904
2436216
2669551
2552291
2433946
2343175
2181168
2347908
2433269
2234164
2398319
2662649
2354608
2734725
2559911
2621395
2470171
2292796
2306889
2558343
2489131
2578227
2463496
2557608
2409126
2526114
2459861
2506617
2482484
2556287
2699402
2624668
2545327
2564929
2575500
2626111
2632803
2751925
2138806
2498162
2278273
2512856
2646464
2555099
2436879
2518602
2628640
2508242
2424825
2589762
2671443
2480997
2426766
2349990
2327113
2326396
2552447
2669893
2792014
2611162
2625702
2613720
2590306
2695146
2606112
2229337
2547837
2676331
2544535
2537493
2398321
2578152
2665292
2568959
2573993
2647392
2575747
2513028
2591353
2605904
2544845
2861342
2559176
2580233
2581689
2511941
2685023
2767902
2514262
2651668
2735799
2585934
2527227
2549177
2595023
2417006
2546502
2839732
2631188
2307611
2213984
2428631
2288349
2429498
2327863
2346104
2328124
2454942
2411814
2806913
2536042
2627490
2340986
2377277
2487908
2419348
2442101
2380305
2448171
2481891
2592498
2573074
2607073
2441715
2651450
2747550
2573799
2542566
2667813
2499327
2488812
