1858270
1315179
1524926
1560139
1509395
1628634
1636684
1474119
1618497
1547712
1587685
1767426
1808868
1685017
1764072
1688132
1755651
1715987
1719622
1664005
1681661
1714388
1782452
1756392
1652197
1648878
1760061
1679712
1754643
1780734
1682706
1774612
1707218
1698293
1776697
1672075
1638071
1639290
1702525
1698689
1642392
1767142
1743181
1758172
1734880
1784632
1804729
1772707
1752288
1699162
1723898
1752116
1521179
1518354
1588479
1530721
1474971
1666008
1777383
1790338
1673437
1597272
1537767
1536023
1805193
1838975
1710122
1820647
1602026
1492387
1841636
1684181
1647178
1740670
1726559
1697312
1656324
1787022
1701501
1747038
1790004
1708547
1792182
1740545
1716973
1663356
1786822
1682728
1806553
1553440
1657542
1450946
1303210
1564521
1751769
1705696
1683561
1716152
1546130
1581811
1760522
1739591
1679295
1749956
1711085
1713672
1818664
1783749
1710804
1800772
1766383
1647910
1804946
1744267
1716781
1650955
1623256
1601248
1815633
1724552
1762087
1917413
1803101
1748416
1793783
1684426
1640611
1732902
1721652
1804478
1740836
1755671
1758257
1748272
1778018
1759062
1851117
1735261
1728981
1807123
1721848
1769554
1757108
1728352
1705821
1697669
1683001
1686981
1800932
1768997
1730672
1695715
1735336
1714220
1754131
1723280
1664166
1645357
1732311
1705908
1708552
1737369
1713092
1612237
1737277
1730613
1550029
1660979
1709777
1683005
1663291
1723201
1723267
1753183
1709231
1749086
1737837
1659420
1660580
1759527
1751268
1699381
1776402
1724901
1697835
1692978
1694631
1724411
1682322
1730726
1712211
1647702
1755922
1740362
1661273
1719213
1711107
1981273
1735442
1713726
1793466
1714653
1729785
1581866
1634899
1646976
1919871
1572895
1667205
1963967
1718097
1715358
1805336
1725416
1832866
1835167
1648275
1549476
1639662
1693554
1711271
1753281
1725308
1711526
1718228
1672481
1602081
1795489
1667505
1625401
1767930
1609556
1788117
1710977
1582293
1720778
1715032
1615971
1713371
1745995
1762742
1827054
1745217
1733261
1745826
1712991
1760385
1794929
2025980
1797255
1736346
1782654
1750146
1758507
1801158
1757995
1747072
1773299
1769608
1670926
1665502
1678533
1728121
1697149
1710811
1737632
1713412
1595087
1715037
1671575
1770186
1729567
1719406
1744354
1741321
1749663
1743571
1759331
1668142
1612477
1616509
1719202
1693225
1736265
1720161
1658229
1672870
1697737
1692036
1590815
1590418
1733321
1663225
1630021
1587654
1732070
1725586
1688685
1676715
1848442
