2242778
1707216
1426895
1224459
1509775
1496885
1536648
1638438
1716887
1725082
1769355
1764221
1860276
1830684
1768073
1828338
1831298
1807065
1822617
1811165
1790647
1829134
1843895
1803768
1836170
1820232
1663041
1834589
1909035
1794798
1819605
1964829
1480696
1603823
1454212
1585170
1612094
1710836
1571102
1673872
1807605
1502536
1814783
1777473
1651474
1820635
1691039
1655275
1841819
1813394
1716670
1719269
1776935
1695325
1811934
1845591
1814819
1817695
1937716
1630974
1674251
1687510
1703748
1549090
1622600
1702967
1680671
1667867
1617760
1679349
1680171
1691315
1697689
1673321
1671946
1639585
1713882
1703277
1670481
1669161
1602423
1585249
1524072
1511808
1551223
1550803
1507854
1561109
1775393
1528082
1553460
1491077
1530513
1563412
1472545
1665365
1530268
1564923
1602554
1577169
1693363
1889434
1834493
1806718
1686529
1808308
1724672
1794592
1833602
1713076
1996898
1819209
1813514
1840048
1803398
1816318
1666586
1797004
1805860
1789692
1806178
1752243
1794482
1621628
1713217
1798854
1803907
1707428
1753738
1802989
1797468
1651911
1838913
1813493
1841444
1803903
1809903
1861143
1799877
1810330
1741893
1825558
1718171
1731238
1829930
1849997
1454109
1650525
1553899
1547966
1617783
1584948
1608744
1631745
1631279
1514356
1638245
1629852
1498025
1633054
1639274
1467165
1601745
1691451
1518592
1703421
1598794
1488407
1651584
1441667
1500978
1650771
1587579
1568743
1680879
1586635
1570915
1648710
1578565
1607449
1665811
1601024
1476957
1662966
1603785
1510842
1676112
1646375
1652119
1578868
1570345
1443867
1731511
1627280
1538509
1685438
1643985
1676959
1649824
1564633
1525336
1588619
1625010
1546951
1710332
1637542
1569647
1677456
1624670
1509105
1642355
1649420
1500106
1646598
1644885
1611155
1609684
1987817
1570328
1671590
1689610
1493311
1650804
1655458
1753490
1640579
1705606
1684226
1688228
1633335
1526411
1705772
1695480
1533692
1664885
1619745
1526521
1684458
1773986
1498247
1697986
1805508
1539237
1664091
1698376
1628357
1714847
1777181
1429861
1980436
1667575
1532371
1593820
1703397
1544314
1607789
1626370
1644704
1518602
1580687
1582679
1570879
1575000
1533604
1620498
1646626
1561023
1639081
1714431
1583820
1698835
1695697
1492144
1641109
1624200
1506883
1636790
1621095
1479517
1640785
1622920
1484295
1645143
1634539
1552783
1636040
1684015
1549029
1545063
1641640
1628044
1786327
1730292
1748224
1751097
1743877
1719756
1822224
1701842
1715228
