1987335
1491370
1503302
1528562
1531187
1409346
1702846
1702592
1674062
1693609
1587400
1498238
1661336
1677675
1712130
1707408
1651763
1634486
1642537
1730014
1629725
1548817
1669272
1559833
1601624
1687169
1683382
1709543
1684094
1586493
1660943
1711308
1621628
1678679
1724410
1577578
1668895
1698009
1658739
1730296
1663205
1635039
1598334
1631681
1562628
1695215
1681135
1578018
1594417
1853079
1523913
1530234
1584811
1505351
1610308
1692786
1576514
1635232
1581058
1594602
1647875
1727800
1631223
1626927
1669795
1563916
1665984
1668255
1634540
1676164
1622237
1673238
1656098
1676995
1643731
1726021
1554282
1588450
1706379
1635155
1631683
1675856
1624608
1591024
1612912
1655788
1621774
1694006
1635941
1599495
1657364
1627359
1626034
1641581
1637709
1536543
1561255
1602158
1578393
1502357
1657709
1593948
1685279
1664600
1583504
1623347
1702246
1576355
1745595
1638714
1603438
1668233
1634715
1611523
1550324
1629014
1606027
1678993
1608652
1595818
1564913
1646489
1536970
1559057
1621058
1566838
1725833
1611413
1603445
1669496
1542248
1684740
1740751
1704111
1663939
1722479
1776690
1725292
1723462
1756590
1566656
1809414
1752280
1675119
1789325
1775564
1418676
1610185
1713024
1756184
1690888
1592128
1381743
1590574
1555310
1504685
1425007
1566873
1582178
1623258
1460921
1547172
1658273
1639516
1656394
1629810
1653093
1561118
1700799
1642876
1622143
1658485
1706182
1592617
1734112
1622714
1605313
1675569
1603441
1580791
1624967
1713233
1624629
1687412
1764671
1636963
1650760
1621071
1628434
1571952
1777270
1590994
1617090
1602239
1653840
1700405
1583218
1629248
1641435
1583842
1616083
1735159
1760031
1605298
1694640
1613369
1574437
1626507
1630652
1610363
1810894
1668059
1552657
1711063
1607143
1563048
1737985
1654445
1527208
1639044
1632606
1732645
1755502
1663125
1593362
1740985
1618691
1715325
1743950
1685155
1577515
1663158
1599218
1668174
1667309
1673859
1563113
1788966
1678524
1599872
1781635
1609435
1640108
1724960
1637538
1679392
1682118
1722928
1759419
1718076
1624494
1700280
1778116
1722804
1696634
1806414
1684029
1660571
1783475
1732772
1672095
1729585
1680430
1649213
1729669
1687598
1626555
1797236
1761916
1682165
1761880
1710579
1676586
1730408
1708034
1760630
1766227
1680609
1835561
1723889
1582548
1689560
1801264
1588498
1589003
1706437
1755265
1739381
1710293
1587085
1543375
1711673
1575957
1625898
1623048
1705369
1626065
1677948
1624418
1537014
