2425218
1797276
1974412
2101576
1984500
2003152
2058056
1745027
1956324
1558857
1797790
1937267
1847178
2050211
1993008
2087866
1895528
1908054
2004899
2121194
2064265
2084979
2026197
2047869
2059889
2035186
2049492
2045446
1993456
1960574
2047950
2113454
1954666
2046750
2130578
2018916
2053575
2106843
2017751
2099738
2056424
2056819
2034776
2108324
2010063
2091045
2128248
1947770
2052910
2019965
1975182
2139673
2126974
1989771
2075719
2062339
1972999
2087700
2071395
1994901
2068830
2107213
1965575
2080000
2099447
1948443
2085344
2129090
1983006
2039300
2020430
2037546
2080994
2113779
2039820
2002625
2097698
2025780
2041400
2101995
2021219
2075614
2007334
1958932
1989264
2101463
1944645
2074123
2115618
2127369
2012203
2096798
2083929
2087595
2093736
2078265
2037268
1965881
2022035
1998852
1962766
1936410
2043842
2017125
1842964
1990338
2064895
1932939
2037499
2177678
2043774
1867854
2072437
1730904
1901493
1949527
1819668
2012636
1963096
1959396
2034960
1866424
2016579
1971195
2040035
2007818
2023851
2014131
2015983
2035747
2038531
2015972
2036475
2017781
1987868
2024907
2031496
2020397
2010352
2058841
2017155
2036114
1980392
1881513
2030876
1943509
1991468
2005118
2009809
1926318
2034697
2045575
1997109
2025965
2121229
2029855
2022708
2025681
2049604
2069623
1987673
1977416
2037860
2056426
1955335
2018675
2037699
1979522
2156856
2146650
2025459
2074438
2039796
1915729
2080775
2101859
1950949
2063761
2088994
2022969
2080909
2084501
2005457
2017766
2094085
2012966
2053596
2035896
1984079
2084534
1942527
1987888
2301636
2077181
2061405
2075525
2038576
2025668
2044668
2077564
1954109
1979657
1903282
1931385
1848049
2002088
2028208
2074934
2083194
1988964
2058145
2083780
2059982
2088756
2121746
2042366
2083657
2075922
2043190
2025767
2102715
2322641
2078080
2077584
2032361
2107139
2057023
2074025
2025139
2289537
2130299
2069102
2046454
1862964
2088731
2048411
2019351
2063005
2082936
2009158
2053775
2082195
2025839
2113568
2107449
2008415
2070650
2103829
2016527
2035936
2484039
2029172
2074311
2075012
2025462
2085880
2096315
2065404
2064411
2203340
2071810
2068370
2069170
1980432
2083207
2049807
2012111
2049540
2085175
2056767
1998884
2035053
1995606
2069290
2091237
2019451
1949463
2075186
2026396
2077760
1984679
2060949
2092630
2082829
2056027
2036625
1996724
2048632
2108781
2087226
2033471
2060363
2041490
1913794
2062512
2029541
1902769
2026981
2033031
1999271
