4417672
2869689
2783276
2540804
2851277
2798173
2702551
2720813
2794807
2757756
2795856
2755538
2818003
2783468
2796904
2707435
2811148
2782424
2760810
2774497
2703630
2836171
2514319
2711236
2728720
2559658
2638925
2688178
2714898
2578511
2738384
2711175
2782380
2694432
2808924
2732021
2836145
2654455
2731790
2683690
2623136
2780837
2741454
2739068
2751279
2631765
2662372
2797226
2785825
2763947
2775126
2692979
2689135
2937236
2429299
2322157
2936935
2225295
2563058
2436537
2625299
2465817
2585165
2682026
2568055
2693667
2662135
2552405
2803617
2683835
2745992
2624775
2713334
2632819
2503543
2352794
2354669
2381627
2286046
2630412
2663385
2543264
2391478
2573934
2495948
2521347
2517014
2505879
2714213
2622214
2588065
2582924
2478263
2492849
2652108
2655324
2479938
2500647
2585844
2493578
2720559
2540124
2578314
2506867
2545008
2442638
2723907
2652629
2595513
2617547
2672596
2681535
2953679
2605577
2428821
2670634
2564366
2581946
2648686
2272919
2582466
2434482
2678406
2478804
2692472
2555313
2667411
2463623
2616050
2599082
2646995
2731737
2746640
2575351
2710760
2684626
2701922
2673801
2680311
2672777
2698343
2568970
2476863
2645589
2479899
2686389
2785387
2615215
2782959
2739183
2694043
2708840
2787197
2534608
2784957
2682411
2716336
2698311
2723720
2734422
2783823
2785163
2734006
2703805
2807210
2630301
2788044
2695980
2689256
2744830
2822219
2560228
2780557
2825682
2458372
2748127
2806634
2636710
2826008
2619882
2547963
2639306
2861267
2633936
2850533
2813193
2821712
2755227
2820668
2564804
2729242
2884808
2647567
2751389
2834558
2627049
2875426
2810784
2756505
2805856
2810438
2488550
2234774
2953464
2746756
2683579
2754561
2768566
2749398
2716721
2507910
2769867
2468332
2287794
2850768
2727369
2744153
2760168
2784557
2742616
2824008
2898555
2736736
2748676
2726818
2827170
2661500
2845127
2859485
2709369
2644445
2788027
2705745
2612057
2730537
2769291
2661571
2666846
2745230
2644985
2544174
2792057
2799468
2687025
2776135
2769660
2743707
2710906
2755230
2729997
2816535
2726906
2682231
2575651
2765486
2710478
2310619
2327834
2725407
2696107
2523670
2455251
2542967
2790934
2707190
2824792
2783108
2734826
2829068
2420594
2635069
2601285
2709090
2769860
2798176
2773807
2549794
2679425
2842754
2657278
2675776
2746881
2715855
2617169
2713184
2745281
2822496
2766271
2770678
2763531
2710187
2770392
2753436
2759907
2683270
2774267
2779457
2618314
2714964
2640260
