4552642
3005795
2681120
2754962
2698712
2633698
2623677
2725511
2706691
2260381
6681202
3294872
2561830
2458371
1818888
2874676
2560270
2659230
2596401
2352914
2514930
2400099
2622209
2635982
2555360
6815433
2725355
2656987
2819977
2400359
2662839
2672641
2616970
2606047
2777057
2566083
2670696
2611630
2642692
2512044
6273261
2704422
2699656
2665181
2678675
2716070
2759415
2673149
2672991
2656841
2708940
2726336
2655291
2621567
2670481
5178176
2692596
2522599
2646945
2493104
2689916
2718900
2554873
2684550
2685120
2741405
2697929
2651652
2627721
2737599
6239712
2711420
2732191
2528554
2351199
2582424
2382039
2356763
2589503
2660307
2695627
2533834
2579670
2521320
2613905
6303583
2588661
2456459
2696696
2571780
2641755
2671986
2614825
2632718
2666225
2622230
2628841
2701563
2584017
2415866
5269111
2564174
2593045
2629121
2624776
2618196
2674235
2498920
2563566
2686306
2631379
2630105
2646571
2655033
2490130
4751952
2671550
2587818
2630801
2562720
2614076
2700145
2731360
2682631
2660863
2645341
2664931
2639101
2628240
2644551
6299907
2674723
2523947
2680225
2563846
2456351
2727752
2586652
2304597
2705852
2712617
2569985
2668665
2691991
2436963
5873002
2629370
2687719
2793142
2716096
2655414
2803892
2687286
2753379
2715480
2733722
2664001
2782771
2759642
2780521
6134319
3091663
2662513
2810673
2791146
2736700
2721693
2789791
2752297
2843644
2840734
2675159
2787031
2463717
2680381
7000267
2851354
2677807
2750592
2502882
2697794
2674335
2801747
2640931
2816411
2527990
1946082
2675991
2674204
2688126
4594234
2760322
2726760
2756314
2762307
2618683
2712351
2744630
2678099
2682533
2694146
2708794
2589599
2629139
2603397
5236310
2720077
2600640
2725936
2172318
2707820
2733431
2444009
2541889
2514917
2731452
2761882
2722560
2471264
2496089
6497680
2646338
2625526
2744333
2583598
2706424
2785793
2797343
2727200
2765381
2772701
2718380
2665446
2753837
2909279
4724419
2560650
2745491
2805376
2780950
2709245
2780612
2737762
2764285
2771386
2700425
2738392
2711102
2808981
2690501
5110476
2706967
2632952
2750350
2790821
2736477
2780326
2682524
2745732
2779550
2753060
2714550
2696362
2762416
2539508
6369457
2437933
2640681
2749171
2767035
2688171
2574145
2702715
2559505
2751778
2761311
2709276
2806663
2757546
2260385
5157558
2671176
2715275
2684485
2814703
2702961
2478081
2635986
2671921
2778763
2750505
2691591
2738473
2770696
2691721
4775224
2772463
2691879
2722562
2354589
