2402228
1591292
1841891
2181654
2076514
2215017
2170876
2218131
2519863
2372404
2296152
2309582
2288425
2272023
2216241
2283431
2026097
2063831
2226404
2426295
2234004
2344226
2334333
2192690
2314791
2351672
2256252
2397497
2309057
2368031
2318276
2256073
2335505
2297514
2348811
2393046
2304318
2373993
2398011
2362701
2344984
2347622
2205075
2285090
2309317
2213655
2331601
2465845
2250757
2283267
2331180
2311432
2225551
2313715
2296986
2288095
2337521
2521213
2114208
2609673
1945985
1865389
2116752
2139229
1904325
2066675
1911732
1990304
1980677
1995124
1978625
2026699
1982590
1902746
1932696
2042571
1881005
2021163
2057990
1877257
1850376
1993689
1940051
1885971
2050055
1986962
1966793
2016040
2046510
1935256
2004435
1970683
1952116
2056046
2014197
1977885
1995320
1974257
2005680
2038332
1998671
2005990
1989025
2013960
1962380
2247623
1860883
2068824
1971011
1976352
1968776
1968650
1947730
1939626
1983551
1978147
1916531
1977940
1966204
1971245
1954771
1981407
1943207
2014261
1991863
2000240
1946000
1930771
2002453
2011361
2032336
1977004
1940796
1986677
1949665
1848930
1972396
2126484
1976432
1779265
1978583
1900534
1907981
1976174
1963201
1980524
1954265
1970667
1885558
1934571
1997004
1961446
1911926
1902841
1888547
1966515
1975221
1949117
2281347
1963558
2089385
2020821
1851353
2004821
1599706
1860029
1825359
1951409
1965726
1837111
1913855
1932454
1913001
2000136
1917986
2000637
2015691
1926458
1960806
1944496
2233719
1869597
1988644
1961967
1956191
1974331
1943551
1937575
2010859
1941143
1952167
2008275
1932500
1892111
1857336
1891537
1960837
1875780
1915511
1891621
1898411
1892540
1855994
1953614
1796946
1920321
1936433
1865054
1926157
1935669
1886146
1936928
1910352
1945200
1885039
1949740
1910695
1913115
1990676
1875803
1895362
1920404
1909251
1897619
2109191
1900175
1796125
2021465
1884730
1927583
1962785
1944797
1916109
2007835
1939487
1802731
1893930
1914086
1965370
1913305
1974206
1883630
1976192
1947294
2122095
1901300
1987467
1965102
2017207
1998336
1950265
1883521
1987345
1958006
1937108
1894077
1910336
1761871
1921032
1702719
1926675
1979927
1963770
1947881
1960515
1949675
1983886
1950146
1918865
1981537
1945515
1949058
1977670
1947492
1991377
1955636
1899934
1958549
2038048
1983535
1917170
2074378
1901775
1944825
1942653
1948721
1961565
1896721
1892496
1986985
1927480
1896639
1885521
1884360
1931825
1966801
2007521
1966805
1958356
1952017
