2941504
1947289
1607539
1785318
2025205
2025577
2081397
2030975
2044646
2010485
1881474
2064321
1978798
2033278
2116638
1981368
2073208
2099750
2056166
2069216
2038639
2096780
2080191
2095696
2096003
2090562
1915101
2044869
2090702
2047962
1952560
1977888
1974282
1976336
2092133
2064419
2044956
2113150
2034886
2071053
2093656
1991511
2068826
2083326
1977113
1973231
2077158
2173933
2011995
2028922
2104498
2051446
2079056
1735569
2024078
2255173
2050056
1945824
1704955
2144133
1962899
1878928
1785377
1723936
2010749
1893790
2007918
2065678
2119243
2057379
2077951
2102758
1970968
2090262
2091223
1929588
2060298
2090747
1996395
2056636
2090902
1969611
2075953
2113473
1844218
2154319
2119613
1977612
2054808
2084282
2072222
2065926
2060779
1901520
2073023
2045085
2030949
2077386
2088542
2058029
2294831
2031109
2036958
2040426
2106601
2071077
2064204
2092962
2054955
2081549
2090268
2007384
2028111
2092779
2028010
2032433
2064178
1983436
1981785
1955555
1992262
2018369
2043820
2082122
1987345
2075210
2009339
2043318
2099829
2063979
2091356
2108228
2079508
2054458
2070136
2079446
2018803
2095533
2059286
1982499
2073142
2069400
2065918
2048299
2054903
2081216
2089700
2080266
2083630
2087132
2071501
1951101
2002656
1928352
2033088
2095058
2068113
2073312
2011704
2071282
2062786
2007359
2059075
2074486
2088505
2076506
2050236
2086198
2046910
2107943
2078979
2043950
1961167
1938869
2070476
2064646
2101154
2015396
2075623
2048198
2082992
2058252
2095423
2015635
2071882
2088148
2015592
2056771
2077082
2071966
2091228
2100146
2056146
2028466
2107884
2049226
2013912
2086306
2059279
2067348
2071291
2062228
2070159
2047766
2060562
2095102
2105442
2088700
2061079
2084398
2010551
1886345
1949457
1975124
2009992
2007615
2080322
2069176
2002078
2069333
2076666
2018907
2078855
2220765
2015458
2066949
2041228
2086543
1982397
2024768
2050132
2030228
2054418
1926853
2057515
2043017
2052822
1932121
2038966
2002681
2042200
2044809
2007515
1954949
2030428
2048158
1993786
2038308
2046968
1973954
2040812
2056106
1965355
2039002
2236356
1785286
1934357
1814614
1752133
2105008
1932658
2022920
1959739
1805725
1959268
2105096
2067702
2020915
2283264
1897691
2013568
1807593
1817531
1915498
1916909
1738106
1750009
1960007
1803107
1795955
1924229
1722788
1823090
1813691
1806257
1820340
1798649
1681119
1870322
1733833
2021421
1956869
1922152
1951362
1953841
2010938
1868715
1839985
1980709
1861228
