2061045
2236058
2308329
2242213
2358073
2283718
2191395
2228313
2210162
2106196
2396270
2243518
2255039
2225753
2192502
2187568
2237005
2285993
2231812
2249359
2232448
2265208
2094165
2302576
2259133
2261506
2253732
2501191
2125245
2246745
2203632
2120714
2297240
2306677
2204811
2205118
2260753
2164408
2245123
2175982
2190909
1967710
2135883
1845400
1979500
1838774
2027943
1945311
1847109
1855489
1913995
1706788
2039991
1822748
1864104
1940865
2015153
2005367
2032966
2010373
1873625
1986417
1968299
1941391
1881074
1853512
1855359
1795597
1767513
1914581
1741957
1899269
1837911
1776410
1854221
1854393
1921340
1856775
1820724
1894171
1887532
1861254
1908449
1881689
1846892
1888004
1903549
1813725
1811397
1878010
1799288
1822387
1943665
1845310
1844880
1822100
1837944
1861039
1869449
1858062
1865258
1904770
1942570
1798183
1815319
1830929
1800787
1662453
1566672
1619438
1992275
1646557
1882638
1677600
1852684
1860045
1919470
1780068
2051296
1820988
1763106
1865485
1876125
1858498
1914469
1918779
1898861
1902900
1878551
1774927
1901112
2039211
1812052
1904899
1877624
1687407
1853619
1900153
1847369
1909382
1930908
1734267
1898183
1979100
1867699
1904149
1924919
1770347
1891509
1879078
1826428
2071933
1902159
1646906
1872061
1768593
1649730
1550734
1830090
1593529
1941660
1919996
1873343
1862549
1919680
1785320
1852269
1880132
1926902
1774193
1898735
1866243
1923903
1922565
1929130
1683837
1848645
1894225
1921166
1934963
1905780
1774698
1932740
1906265
1894535
1892465
1873130
1792897
1904413
1901643
1888885
1882194
1911081
1870090
1926994
1842807
1996056
1720566
1862803
1856342
1945309
1920521
1914190
1926669
1872139
1903544
1921239
1858688
1903043
1902220
1878899
1807208
1933354
2004795
1878668
2186192
1861944
1754518
1839941
1849783
1864784
1896274
1793149
1846365
1876745
1741238
1870299
1842435
1848939
1851498
1871708
1842434
1838948
1891439
1853120
1851988
1877198
1842982
1860171
1915816
2042575
1635588
1986281
1672911
1895903
2081077
2012100
2358613
1884383
1924036
1761269
1848824
1986374
2028356
2036336
1892000
2036420
2049790
1981627
1983606
1997076
1916850
1902675
2054104
2003776
1999891
2043711
1995804
2019850
2010560
2005087
2004203
2003111
2028457
2034692
2025827
2017064
2064482
1973236
1996171
1991231
1981077
1971256
2050760
2022547
1957965
2023760
2026681
1932860
1988626
1998466
1847734
1906370
1977480
1962427
2005992
1976036
1893958
1972046
1989286
