2948110
1967779
1970220
1871437
1925402
1983462
2007677
1969484
2082840
1955872
2073379
2092150
2042613
2064467
2035395
2020807
2015686
2041589
2016656
2068239
1965248
1953823
1975302
1970982
2012689
1942661
2019548
1960108
1960094
1959562
2004277
2007989
1942208
1895225
1989416
1968231
1999132
2026028
1994578
1992918
1995659
1945087
1859299
1959486
1954908
1912547
1910688
1984587
1947151
1966175
1954755
2014103
2067268
2059199
1941778
1995028
2006143
1922764
1936969
1996588
1984879
2027659
1938827
2049751
2014266
2011908
1994363
2023958
1948572
2043429
1987988
1965995
1991273
2017993
1972379
1883994
1935655
1933351
1954203
2007759
1978348
1960559
1929147
1977198
1893487
1878285
2297141
2017125
1961587
2040770
2053009
2118191
2069887
2013207
2030207
2261310
2098047
1918300
1992645
1953851
2053337
2050339
1988357
2018564
2028659
2137474
1950516
2024918
2029458
1948349
2037849
1981367
1966599
1974170
2022639
1932907
2034479
1994192
2006658
2015878
1886898
2026548
1941090
1966231
2027322
1970538
1990101
1985148
1914991
1991478
2041434
2008317
2037937
1967251
2020136
1953671
1967292
1929223
1964028
1991958
2038165
1987013
2006838
2064799
1969024
2050923
2057015
2305006
2083007
2052985
2008799
1990946
2069065
1995946
1979007
2019675
1984578
1950056
2047886
2066149
1912267
2072180
2075423
2047743
1975002
2009032
2003608
1978039
2099425
1971953
2040944
2070669
2009570
2039712
2107719
1911986
2028014
2060622
1832850
2010583
2082773
1969801
1921891
2080649
1988635
1901681
2284968
2003864
1996669
2048705
1927901
2046233
1981972
2011268
1940814
2001590
1969283
1993298
2018115
1974927
1974514
2006604
2032191
2007161
1981971
1979828
2062055
2063309
1936294
2041068
2027367
1951307
1995623
2056859
1983013
1832277
1860879
1696677
1938571
2109694
1989519
2008844
2037550
2036925
1977704
2066116
1991539
1976502
2053738
2005346
2034023
1985751
1958741
1987208
2078043
1964462
2191410
2154462
1999750
2018705
2039298
2046078
1983221
2005202
1996020
1959342
2060598
1989434
2200245
2085483
1966841
2000967
2041166
2043796
2223002
2017918
2067866
1901486
1963497
1937372
2092260
2003458
2039273
1963823
2007953
1898711
2052719
2057950
2049659
1991812
1976822
2002959
1978041
1928661
1938872
1952128
1975272
1937647
1992388
2044259
1957825
1893500
2082363
1977805
1746654
2010742
2187361
2189078
1855561
1863534
2140474
2065623
1951927
2053394
1980804
1939007
2035446
1942407
2005867
2038788
