3207243
1888932
1948822
1996446
1819045
1973137
1915584
1958305
1994688
1978265
1899339
1932390
1980165
2035529
1990928
1937839
1928833
1990691
1927197
2028769
1901394
1979238
2005783
1991703
1952128
1875445
1998016
1989606
1976689
1980756
1934997
2016430
2003007
1940579
1951415
1943634
1990316
2009513
1914894
2072229
1842542
1993144
1984499
2038277
2100231
2032797
1972046
2059488
2031243
1716744
1573023
1820551
1856073
1835285
2024351
1931316
1944787
1986766
1972155
1952380
1993752
2003316
1790840
1977552
2105855
1898484
1964685
1986919
1905346
1977566
1986257
1899574
1984286
1958295
1959885
1930364
2020287
1946584
1910995
2200773
1983602
2112339
2059468
2003742
2035459
2038920
1977782
2031367
1983832
2071305
2027503
2044067
2062134
2020174
1971795
2019766
2067367
2040674
2035479
2030524
2005466
1996447
1848477
1985999
2040967
1902056
2049259
1806464
1847574
1935773
1779800
1920428
1843955
1826362
1881120
1947516
1839007
1823403
1942267
1880395
1897410
1891745
1877095
1827061
1784707
1832757
1770461
1829162
1798340
1814137
1827781
1803858
1822887
1801988
1838682
1829647
1588664
1704788
1911219
1911149
2161441
1781671
1568817
1629813
1532667
1689138
1865740
1807374
1802356
1829314
1794201
1853731
1832123
1804993
1790777
1779781
1808232
1839587
1816076
1802549
1839053
1814733
1804820
1848758
1821361
1821461
1874802
1833312
1807861
1871493
1822677
1868360
1806208
1725321
1814948
1810980
1826851
1799704
1810823
1810613
2086444
1839788
1864914
1869635
1812655
1778780
1879973
1834050
1781062
1808201
1828744
1881772
1809553
1820312
2026378
1870685
1859059
1816137
1864020
1811272
1917312
1879989
1798724
1873152
1807716
1840716
1802566
1868211
1819151
1817143
1799961
1836522
1790731
1858602
1856715
1830443
1820981
1776979
1809803
1844524
1813633
1807834
1864365
1846955
1837167
1759719
1832228
1816411
1792580
1837147
1711538
1804366
1836924
1820083
1802370
1831527
1791560
2072588
1796130
1788960
1795866
1711637
1752083
1888379
1716133
1878631
1569010
1738246
1702278
1720378
1641737
1615941
1833851
1730466
1779819
1723767
1842418
1730171
1788801
1762714
1746091
1716013
1834842
1753162
1835782
1808142
1776518
1811536
1806226
1800969
1858134
1767696
1782660
1863552
1855483
1725439
1819711
1828731
1812486
1825461
1903697
1775763
1815476
1956053
1764480
1821895
1949195
1759309
1819327
1856932
1709034
1848997
1857047
1761990
1820079
1869698
1819454
1836345
1908494
1800571
