1957967
1294036
1603281
1521974
1432973
1696182
1440244
1734937
1734119
1632828
1607877
1718574
1556037
1607429
1497239
1476529
1774362
1796300
1735366
1825959
1678747
1692460
1566932
1710466
1658344
1646763
1802554
1688009
1750062
1614762
1650612
1739074
1726392
1677728
1723965
1780587
1641966
1677429
1776197
1671969
1830611
1686657
1692807
1724934
1717521
1773469
1825030
1816813
1736431
1681877
1656573
1553971
1607820
1768414
1737989
1147351
1610371
1465459
1693657
1783053
1598907
1610988
1648356
1623441
1571362
1777885
1591720
1615553
1713781
1738606
1633432
1729555
1728189
1621693
1716914
1678897
1578665
1722429
1568652
1629286
1712526
1713708
1746685
1787595
1730438
1597002
1718115
1723025
1656711
1723187
1719472
1689174
1716758
1718745
1618397
1935206
1681304
1659331
1732538
1709284
1628968
1743348
1720487
1630738
1738589
1720515
1632440
1753349
1722335
1610706
1728940
1719962
1707353
1739830
1753020
1742328
1787285
1716883
1671087
1792631
1730330
1681740
1768159
1725869
1574799
1744137
1655052
1622581
1749209
1721704
1746126
1745929
1723164
1822684
1773790
1770099
1683485
1755259
1778186
1694398
1628557
1853117
1672645
1753032
1719302
1698652
1733232
1737992
1681737
1705300
1729793
1692541
1759718
1741132
1736758
1695606
1724155
1740253
1754658
1722893
1657822
1741038
1724904
1713344
1702568
1750110
1752744
1745718
1717088
1699109
1748265
1820675
1714046
1769964
1776639
1715222
1770379
1765467
1665806
1739683
1723399
1686358
1745353
1716035
1664816
1700423
1815365
1669503
1779264
1679167
1584264
1645628
1584656
1633886
1557382
1477415
1613900
1528779
1620141
1469525
1664387
1563373
1429327
1711782
1751724
1541402
1633194
1590255
1579674
1550306
1632540
1581181
1625001
1631180
1560486
1675842
1667851
1592999
1646282
1615532
1521029
1701706
1678697
1600366
1666266
1628014
1600056
1698484
1724093
1591407
1699779
1712136
1634800
1700762
1591225
1649999
1689672
1589405
1645938
1595660
1637926
1728938
1639146
1633716
1606589
1632742
1619594
1606891
1630597
1625090
1600615
1566031
1549977
1179768
1501465
1362490
1296350
1482933
1539517
1268968
1289199
1395130
1227647
1501485
1687037
1500565
1511679
1654551
1637137
1668181
1546810
1624751
1635406
1639549
1613836
1643983
1689470
1606100
1660365
1632180
1697168
1661556
1644582
1613771
1797575
1588936
1673529
1649898
1648766
1589844
1660848
1654864
1678872
1716398
1654352
1674482
1816783
1679533
1775023
1746458
