2036609
1534278
1558406
1470461
1430580
1409740
1499922
1605452
1632427
1754381
1723196
1405202
1612328
1915760
1754262
1609907
1491833
1598338
1550669
1550599
1636486
1608426
1558512
1678547
1729604
1624591
1736341
1817238
1613574
1754975
1573571
1604657
1662991
1729088
1589046
1594288
1665651
1547051
1587792
1770795
1690902
1672208
1669991
1597955
1736755
1589125
1698113
1677049
1760133
1746222
1678617
1772558
1711101
1670124
1685786
1718065
1673774
1806442
1649191
1742384
1669333
1624982
1725569
1769875
1723685
1664192
1752287
1670402
1669282
1685520
1609247
1931471
1642051
1537875
1653094
1538906
1568656
1605155
1657282
1590001
1676411
1707658
1574295
1706914
1700722
1616547
1669492
1772941
1663178
1684239
1691869
1699023
1476007
1608550
1675791
1695841
1752118
1664647
1630274
1762005
1708594
1664849
1762130
1721955
1668457
1695115
1490897
1631429
1667468
1695684
1838808
1755996
1684032
1735669
1847135
1717904
1827927
1873915
1653387
1774020
1806354
1761779
1730972
1773287
1736091
1744367
1864312
1843265
1700908
1802545
1724341
1766576
1856792
1760816
1840160
1733561
1780381
1728248
1704627
1665598
1733328
1788393
1802081
1731653
1780758
1817831
1756639
1715427
1797201
1779601
1758982
1816150
1739454
1757105
1849467
1714112
1764340
1722166
1670042
1903847
1572341
1681803
1735414
1812155
1841117
1744978
1768338
1666960
1667212
1664354
1768597
1761791
1830116
1660051
1787390
1857049
1853531
1775779
1786982
1697394
1736671
1658228
1745455
1780629
1441076
1663386
1880975
1627875
1677974
1651633
1632357
1675973
1678337
1738951
1696627
1692004
1599581
1595830
1696931
1752156
1639190
1988583
1702775
1773388
1827929
1720901
1761686
1540644
1552799
1520107
1556909
1541078
1684227
1385630
1487547
1734999
1710791
1870597
1742639
1624792
1465765
1725286
1754870
1598652
1785217
1704642
1604357
1636862
1679456
1625345
1728788
1764035
1615971
1675328
1756624
1649959
1732182
1817981
1733179
1750663
1787265
1679877
1722678
1771934
1762006
1931219
1645787
1659225
1756826
1775912
1704773
1674656
1709453
1667085
1719735
1710286
1722015
1729464
1620871
1626134
1728544
1714364
1737820
1721231
1702112
1735055
1726469
1678395
1768171
1738405
1716241
1696943
1734859
1709545
1746361
1782132
1776074
1684662
1722458
1746461
1795448
1723361
1784371
1837897
1827222
1823341
1816042
1743674
1779845
1791407
1836848
1834955
1848745
1795463
1905478
1725597
1824598
1819058
1735942
1826988
