2815970
1465056
1700153
1840905
1779892
2171195
2063299
2072916
2130880
2086899
1963559
2054211
2102614
2013430
2076132
2063083
2087267
2005918
2057891
2066556
1950258
1904626
1888914
2074850
2070306
1950593
2032230
2092034
1964492
1996446
2068486
1936802
2024945
2059883
1960063
2017219
2021742
2050716
1883906
2034850
2074609
2052468
2013179
1989100
1997860
2030837
1940614
2001330
2012621
1916032
1997390
1976186
1904103
2059476
2122241
2026616
2131260
2128635
2154615
2015901
1763523
1568271
1854895
1797215
1694657
1812224
1807095
1798060
1855766
1897763
1757606
1865110
1781871
1719407
1773589
1797734
1729016
1786123
1788523
1719832
1835625
1793420
1731596
1814444
1877196
1879830
1865615
1894622
1797663
1866432
1859026
1799433
1836404
1857831
1728448
2157113
1852146
1790631
1843304
1921664
1863682
1869726
1907873
1810894
1870404
1927623
1683214
1978672
2096198
1888323
2104939
1940354
1841560
1788446
1876651
1795023
1810846
1862069
1796033
1852640
1937155
1788859
1911255
1854729
1757385
1918977
1747586
1792309
1731743
1754767
1766889
1874219
1788358
1740597
1846892
1850125
1743526
1856170
1861001
1731214
1857752
1849160
1737574
1823522
1875739
1731134
1802150
1855250
1759379
1856885
1854189
1729606
1738401
1841712
1679454
1842229
1838289
1661644
1844764
1807614
1785227
1959892
1783813
1807346
1839974
1810432
1771856
1939684
1938848
1888357
1779949
1804357
1751007
1843212
1859679
1756524
1792815
1845709
1725223
1848518
1852759
1731435
1942237
1838568
1750226
1726384
1857032
1746237
1850261
1860519
1742187
1885151
1860522
1711066
1843729
1848616
1755415
1853833
1821516
1752716
1798287
1843737
1748604
1844014
1866689
1742487
1761667
1887320
1806414
1846270
1850078
1763909
1834127
1873680
1821619
1871852
1837939
1741596
1814644
1814010
1802108
1884973
1844959
1726214
1844405
1849881
1716987
1872755
1796475
1814158
1848609
1838507
1796389
1811778
1849412
1715135
1841100
1856488
1807328
1849280
1845359
1792999
1862066
1852659
1786124
1870929
1852759
1695587
1855431
1850511
1819482
1842674
1860100
1787207
1840876
1862409
1825409
2002373
1883063
1810628
1730072
1938873
1715379
1520369
1762529
1666515
1680085
1995394
1695392
1751973
1771189
1749845
1838719
1814760
1721911
1719244
1844679
1694583
1776610
1856261
1770596
1810808
1812318
1750486
1764234
1796233
1750287
1796639
1847519
1746876
1858121
3160256
1866848
1671513
1821129
1824878
1759156
1826200
1834768
1795702
