3085463
2102284
2139441
2243993
2273264
2232131
2282722
2136521
2283747
2231512
2311379
2319720
2023643
2327212
2308153
2264923
2332978
2341744
2260842
2193986
2259033
2270943
2317570
2313457
2314163
2325943
2347157
2309353
2599108
2384524
2345052
2341594
2341558
2345377
2317601
2377640
2291264
2348952
2292423
2261501
2315284
2351129
2336193
2377054
2305575
2360767
2344443
2346119
2246833
2286373
2332565
2354612
2286034
2305714
2358476
2423224
2370885
2246226
2675529
2424575
2152402
1966377
2149202
1817694
2046570
2024826
2011188
2038787
1989513
1906873
2017128
2031295
2005747
2071143
1970982
1986318
1990649
2037436
1993697
1965512
1974909
1920683
1998880
1952860
1681486
1874562
1949328
1916166
2003763
2012560
1980588
1966828
1971484
1991200
1988559
2049016
1926373
1963024
2017149
1920912
1994444
2030509
1947988
2139865
2021076
2025493
1949041
1981572
2034537
2005889
1934293
1997638
1950028
1958279
1988639
1949062
1893880
2265487
1905187
1959597
1874037
2172909
1954215
1839816
1889937
1833080
1837468
1877363
1856873
1848860
1762763
1840783
1879283
1856092
1857444
1819086
1801265
1802226
1826986
1812556
1829146
1806330
1820396
1815549
1859770
1844721
1934734
1716858
1860692
1790567
1831506
1855899
1839727
1809232
1857053
1829195
1873170
1830888
1819476
1856573
1826706
1765938
1876701
1892861
1792944
1820726
1824736
1820479
1874961
1841217
1779342
1845348
1799136
1762796
1886731
1779552
1815198
1909436
1723038
1813940
1832583
1783505
1834926
1820329
1782165
1805267
1842836
1837208
1837268
1877483
1766978
1821160
1863607
1910257
1877681
1874275
1839927
1874076
1904334
1890978
1882795
1873193
1768886
1825579
1917487
1897466
1881561
2063441
2195905
2020859
1884054
1884923
1860752
1913449
1774386
1860792
1794155
2028059
1830813
1985668
1740155
1788471
1877805
1910778
1909988
1908488
1732941
1803099
1869702
1855737
1866581
1776779
1734330
1829919
1856212
1879947
1808756
1801188
1787912
1786276
1769656
1819442
1805596
1848676
1845687
1888917
1906361
1857665
1882113
1946693
1933678
1912738
1904908
1921915
1944518
1788655
1780920
1870107
1675622
2004552
1647643
1675301
1989515
1912798
1815469
1845773
1873693
1830096
1887413
1816440
1755770
1846006
1829985
1853630
1802086
1826177
1862428
1822752
1830547
1858207
1833253
1814912
1865896
1847190
2253727
1826566
1836711
1829138
1830806
1770286
1696025
1836046
1855163
1757412
1864989
1823645
1788846
1825126
1818186
1874438
