3248995
2093078
2041459
2055573
1993226
1998048
1907567
1863213
1922905
2009470
1898146
2026994
1939693
2081325
1972114
2041254
2051359
2050613
1939187
2045835
2033455
1804279
1851412
1969486
2033978
2010034
1931531
1982082
2053004
1976892
1982682
2047959
2092145
1975418
2078513
2047975
2025457
2102616
1941687
1993522
2051080
2068054
1997635
1943757
1915655
1902686
2009448
1910503
1914342
1989679
2010456
1895782
1968646
2031849
1909787
1963263
2021849
2030799
2041984
2034202
2227499
1972948
2019298
2041192
2012141
1946167
2061748
1965626
2082963
1886746
2094600
1787496
2016433
1817490
2148035
2027438
2016247
2123930
2005157
2003847
1989709
1953063
1949318
2035028
2006274
2028774
2004994
2012172
2033737
1903421
1988434
1986057
2025684
1902253
1989012
2037126
1821379
2007918
2027334
1998437
1861672
2017546
1902566
1968318
1902706
1872116
1933801
2024115
1929717
1963327
1984701
1879254
1829398
2031959
2020957
1973081
2000454
1884651
2011072
1903216
1886262
2013184
2008182
1998913
1967507
2003286
1870210
1984693
2015257
2165924
2064848
1932811
1840960
1930265
1940607
1999719
1948517
1937861
1918662
1958477
1959297
1912337
1827832
1983751
1921470
1942112
2160999
1952703
1957154
1969414
1975023
1953674
1980312
1947030
1948452
1953547
1957937
1825126
1981070
1961693
1990938
2039989
1882770
2102063
1884837
1947296
2051949
2029219
1821115
2072855
2053995
1945711
1862556
2039648
1971924
2035058
1972727
2069333
2067419
2038552
2074092
2057179
2035128
2053501
2041973
2041518
2034645
2009138
2071679
1805353
2064208
2028705
1996178
2092429
1865206
1866003
2064871
2037043
1820845
2068636
2027391
2047628
1953437
2054119
2019092
2071333
1984421
2041226
2049975
2026292
2041998
2062805
2030689
2075376
2064850
2035435
1935303
1944813
2263967
1977163
2053368
2043465
2023765
2070585
2035418
2038562
2050859
2026462
2000974
2046174
2045378
2051305
1974693
2038974
1989816
2012658
1934383
2036204
2065364
2025472
2008671
1988638
2028993
1965568
1912673
2052958
2036068
1956257
2040007
2049445
2065343
2028989
2041339
2079915
1989097
2051302
2055479
2024308
2042674
2042639
2036598
2044436
1922211
1893397
2003068
1948666
1793026
1863555
1886454
2046269
1711701
1737165
2046283
1832091
1813578
1792572
1921776
1949521
1838570
1867292
1939168
1901227
2174736
1919991
1822248
1870855
1960576
1896066
1917963
1945158
1894802
1890842
1920943
1927423
1858771
1848466
1831479
1858522
1880756
1782775
