3247209
2407469
2305914
2298954
2367246
2393821
2131607
2377672
2372911
2220387
2344209
2286234
2313788
2252857
2295528
2300567
2321837
2216573
2328549
2367234
2298204
2168770
2390196
2206879
2208651
2362962
2353935
2358543
2298181
2048489
2299264
2374203
2268298
2294354
2469702
2279603
2360034
2323842
2295533
2282047
2360519
2288374
2302384
2191246
2143591
2233966
2246599
2226809
2346809
2237732
2231317
2107012
2274610
2304120
2330731
2222163
2481897
2343503
2022663
1539545
1999747
1817671
1956941
1927246
1858904
1989344
2011264
2043029
2060254
1961621
1686953
1977328
2054462
2005619
1933656
2126904
1998666
1914496
2015849
2068425
2227652
1998934
2014689
1978524
1899016
1921005
1948368
2033094
1970373
2015252
1992328
1984014
1828745
1975421
1898695
1979789
1990811
2012189
1888837
1981098
1979182
2046623
1968230
1991369
1894096
1997028
2009373
1869516
2014346
1947652
1946608
1974892
1961677
1936848
2115475
1781190
1993884
4053507
2125111
1949474
2136688
2114449
2044644
1954746
1798535
1893277
1934859
2004279
1932723
1996054
1852939
1915716
1990463
1933527
1939305
1985851
1860643
1882692
1935527
1855911
1979032
2014431
1775734
1940543
1940643
1897526
2009807
1960437
1832982
1978192
1997630
1884431
1878377
1816139
1801890
1944306
1847990
1852845
1873784
1932140
1804320
1916696
1832134
1868235
1880201
1883159
1827680
1822678
1807169
1694663
1857121
1881359
1818964
1878415
1898097
1766820
1890482
1921740
1873771
1890438
1884262
1870330
1891151
1810753
2009438
1918959
1975039
2059456
2010992
1852820
1965255
2009077
1901926
1822018
1998380
1852785
2005384
1994358
1904666
2016730
2014949
1932437
1945276
2006108
1952297
1906493
2118680
1994122
1881018
1982705
1917947
1696098
1817178
1909185
2272209
1980277
2170471
1898902
1927134
1949870
1931076
1884566
1979269
1858667
1932037
1937284
1981111
1833599
1943006
1857218
1989043
2169604
1968538
1913187
2011099
1947250
2001999
1988534
1999594
1853995
1933246
1934886
1872401
1898619
1989514
1959607
1867429
1906788
1891297
1966867
1949120
1887249
2002560
1764687
1780446
1965940
2254404
1812923
1826686
1729262
1915107
1867017
1832992
2014894
1926392
1827914
1985874
1948397
1949690
1957325
1924861
1910632
1971933
1967943
1961646
1926112
1900478
1865515
2003734
1947658
1964342
2044788
1989081
1923472
1965387
1939758
2036979
1898516
2003877
1916507
1995182
1898693
1982491
1946429
1966272
1944127
1980921
1966157
2003874
1920602
