2101769
1668909
1594401
1768309
1697333
1526646
1606762
1574462
1810964
1807307
1786647
1792538
1789893
1814424
1760661
1745604
1728923
1774261
1759853
1754313
1754638
1689445
1673133
1760882
1771859
1739198
1789628
1734743
1889388
1782874
1712198
1768133
1822880
1797768
1730304
1595443
1680213
1698181
1722147
1680231
1678633
1783846
1580465
1558391
1849692
1788426
1729692
1687787
1752293
1620737
1587087
1653241
1614232
1750377
1725724
1731524
1742670
1730082
1736748
1751085
1616755
1725514
1758607
1667067
1636981
1526795
1638420
1625881
1673892
1520302
1693637
1681695
1788594
1731925
1582375
1749794
1696172
1619916
1578444
1789312
1568514
1610331
1657162
1682809
1576801
1587557
1663626
1721548
1781863
1771794
1635613
1644176
1715271
1870566
1388668
1623989
1503079
1104224
1480695
1203667
1572927
1355217
1464430
1574851
1622583
1518935
1657561
1675756
1575082
1702467
1562507
1550713
1578391
1654525
1669136
1711119
1746425
1568807
1653127
1671257
1637504
1797407
1740933
1647602
1692217
1660961
1557485
1722546
1681009
1559269
1658535
1754350
1644731
1781428
1678965
1562761
1642747
1630737
1275875
1736797
1627865
1656032
1641131
1694082
1653067
1722960
1635231
1694976
1564770
1688017
1654641
1772494
1578144
1482223
1497373
1542315
1732636
1583759
1536651
1566037
1583022
1626158
1580790
1624187
1760525
1518387
1658879
1713959
1535074
1490600
1568867
1576821
1505627
1670414
1599882
1715741
1645302
1607471
1744930
1675317
1603527
1740734
1679857
1627390
1575337
1602023
1572312
1696107
1626404
1590762
1619515
1683212
1642328
1651757
1838127
1673237
1297607
1689142
1839496
1398704
1591017
1650486
1589754
1655902
1679051
1651995
1639507
1564915
1632766
1588481
1512337
1628553
1606725
1562286
1576718
1596541
1669149
1616978
1443101
1535895
1746055
1716326
1528264
1354016
1568691
1530581
1638327
1582772
1566772
1718945
1540653
1490865
1560612
1554500
1526406
1733651
1696515
1551676
1622491
1630679
1570659
1814048
1571073
1568485
1480852
1576783
1522744
1502279
1612227
1754881
1501532
1719570
1667052
1447161
1677014
1552835
1475887
1783871
1666782
1620176
1521700
1647023
1555523
1624237
1568812
1681944
1731795
1648001
1646862
1724085
1743935
1662599
1740633
1656396
1652916
1637294
1728074
1525247
1614822
1707608
1678004
1634687
1726488
1475065
1797313
1732583
1459533
1587207
1398545
1531304
1622957
1801858
1505284
1288315
1581469
1658444
1608940
1601605
1705278
1621937
