2881461
2057733
1808569
2064228
1980570
1943982
1973454
1998199
1960125
2022700
1997974
1970871
2012716
2008974
1968090
2125179
2094113
2055405
2008029
1975667
1949425
1963610
2005264
2046914
2027574
2011984
2089189
1988674
1827991
1975266
1948735
1816587
1869376
1821752
1818731
1932099
1742651
1849523
1885586
1890766
1764980
1845139
1934240
1647649
1760107
1897122
1835241
1923545
1888559
1880780
1915882
1862070
1880762
1913342
1892496
1873470
1926866
1845793
1883445
1836436
1892470
1882422
1818887
1881127
1979250
1843830
1931672
1875818
1914324
1880067
2002838
1964025
2064487
1801898
1762932
1917237
1982465
2038616
2026014
2054296
2136188
1972555
2025794
2038530
1997935
1999294
2027207
1942061
2018950
1986534
1956603
1987514
2016580
1948220
1982466
1998765
1952256
1987827
1995162
1956375
1979080
1967190
1978289
1934189
1914135
2005444
1990379
2008574
1963516
1986726
1998218
1879330
1974205
1973445
1966605
1969731
2021984
1968365
1975084
2018005
1981514
1962531
2051223
2172189
1980461
1969272
1964193
1939736
1976391
1908141
1923883
1906426
1918135
1961821
1937916
1951895
1984001
1991680
1963775
2005613
1890047
1942847
1961429
1944546
1929347
1851078
1975745
1949032
1987545
1882686
1954485
1870872
1894779
1944200
1911755
1973105
1897305
1874854
2009736
1928222
1855509
1987804
1970177
1768780
1917220
2547943
2092517
2106900
2068089
1883476
1819477
2326594
1887514
2016080
2063970
2034885
1860580
2032880
1997905
2010557
2021884
1988747
2024756
2002027
2005615
1965685
1837377
2057254
2049046
1959519
1926246
1983037
2015774
1988997
1993762
1961623
1966485
2039380
2005705
2033462
2024705
2025010
2001852
2003005
1962101
2025124
2005677
2015512
2051367
2006305
2021448
2047264
2012770
2004816
2025490
2040851
1959770
1963247
1953090
2000134
2032454
2038176
1960778
2031965
1920788
1987850
2082966
2085077
2238134
2063562
2055098
1819437
2036851
2053691
1993998
1997544
2045954
1996565
2029293
2061657
2052115
2041615
2031405
1944508
1943553
2028985
1911888
1951610
2018919
1969652
1938996
2027703
2017816
1980346
2030565
2013357
1983665
1951106
2061633
2044835
1975120
1889676
2049899
2038737
2011167
2030424
2048186
2011355
1951104
2023003
2031064
2041725
2059034
2022518
2009639
2043645
1928425
2010711
2015702
2005946
2002822
2035497
1999478
2053215
2029835
2004035
2022664
2031881
2043312
2010183
2063174
2021607
2064781
2033965
2017929
2036119
2041949
2011696
2041185
1950382
