3845373
2990187
2671896
2767039
2651675
2740344
2690029
2679968
2750768
2605602
2698505
2712747
2795171
2636654
2805714
2680094
2750975
2745770
2770403
2712903
2774753
2556652
2832904
2738768
2763014
2733714
2786256
2765428
2703309
2748468
2716690
2547346
2764414
2643263
2728867
2726858
2746720
2702363
2799071
2629433
2752843
2758023
2795448
2721276
2810115
2789988
2729999
2767123
2685062
2748637
2774298
2666112
2732318
2645554
2967380
2663576
2750870
2775158
2704329
2766236
2727904
2627527
2605872
2431116
2748384
2657699
2784313
2686359
2780746
2689195
2783304
2486770
2777808
2812459
2661187
2598099
2292298
2713829
2306039
2457645
2537311
2239377
2417775
2529031
2632009
2487202
2721226
2527660
2828903
2678963
2643118
2741119
2661811
2397560
2682743
2737698
2611250
2717517
2691549
2690923
2439704
2620803
2539051
2686105
2570265
2911567
2554967
2642058
2543458
2636657
2611898
2628354
2375492
2621957
2775493
2483237
2649029
2656494
2548081
2606824
2647778
2533735
2656680
2381740
2644575
2680353
2649897
2456580
2723967
2533298
2502246
2437671
2363019
2491130
3009167
2547027
2573783
2575260
2497221
2555582
2611392
2468531
2581837
2531827
2394324
2594327
2562729
2513916
2663312
2502592
2591352
2631063
2600463
2336858
2644809
2601957
2599972
2662782
2595903
2433979
2678697
2487641
2692903
2678868
2671807
2652088
2617277
2538487
2501433
2756279
2737642
2621358
2801054
2755370
2741492
2599233
2669674
2689127
2659943
2562257
2641182
2601891
2651087
2444529
2681309
2761524
2580347
2628998
2629576
2508853
2546105
2546834
2508868
2625437
2664752
2501496
2684263
2823863
2546137
2719243
2598258
2517560
2605783
2716779
2738415
2740785
2492636
2539341
2754795
2607768
2630753
2668599
2599512
2507057
2492540
2672799
2677682
2629569
2742069
2755876
2724808
2672602
3022273
2585222
2729626
2835584
2725550
2645565
2521826
2779125
2690717
2662565
2818641
2736371
2602919
2740928
2709162
2636758
2723572
2776176
2675634
2794196
2509281
2465761
2693639
2477745
2690935
2564062
2535738
2491886
2542711
2442640
2446914
2639333
2501676
2534495
2524244
2584917
2427236
2526421
2610418
2763245
2670283
2594308
2597334
2492400
2582133
2481523
2603617
2386103
2582917
2374992
1957937
2116305
2253422
2166916
2309283
2076171
2434806
2542792
2601031
2561093
2610789
2609053
2573851
2531343
2578396
2582852
2441402
2451569
2521930
2571476
2645079
2436198
2565498
2400695
2514062
2531975
2449718
2421536
