1668366
1297340
1612658
1530158
1501739
1618866
1611205
1684268
1746477
1713047
1635008
1486258
1534337
1376592
1751508
1651931
1767921
1757000
1698917
1640828
1808228
1788495
1666541
1784500
1776024
1742438
1510259
1731751
1806268
1734690
1793590
1753058
1720796
1687456
1743964
1764430
1739535
1642152
1677328
1765997
1696268
1659496
1662563
1749551
1585509
1738854
1595675
1655152
1773271
1786943
1735185
1731630
1841371
1739968
1789056
1316847
1575077
1526492
1487137
1657979
1526422
1557631
1603660
1456454
1527680
1589322
1560941
1696863
1597215
1579318
1574988
1565597
1390450
1485640
1519583
1468075
1673897
1574465
1567596
1704523
1721951
1491797
1668710
1621051
1574249
1723175
1699992
1779026
1727345
1731769
1581951
1723105
1767833
1664585
1837518
1798981
1543259
1755377
1851599
1785777
1537526
1510122
1512657
1514741
1836590
1657363
1599269
1646955
1741477
1791894
1718452
1722688
1787691
1699686
1660476
1842435
1580524
1671974
1596209
1645021
1659101
1729570
1756338
1744579
1772200
1785371
1651977
1726908
1832577
1595942
1648787
1715331
1639666
1773971
1845966
1665888
1529714
1749751
1648971
1678668
1658917
1549633
1626032
1701436
1920491
1780507
1750411
1612116
1777355
1611057
1734661
1705927
1813745
1641683
1777541
1772193
1664736
1581682
1755814
1663967
1354292
1421785
1331597
1559247
1698136
1637706
1381013
1653918
1472924
1476446
1685582
1598703
1889638
1707941
1772364
1764527
1634280
1721801
1652918
1692532
1723778
1740328
1691565
1762135
1755755
1713636
1728817
1808097
1768482
1739742
1635459
1635284
1677131
1783657
1684388
1764335
1750995
1751001
1741418
1774378
1836031
1765534
1714211
1817311
1738205
1766558
1590562
1756231
1750966
1700316
1614022
1640205
1769831
1612414
1827845
1795922
1637660
1692176
1470943
1774007
2507968
1766293
1722652
1702202
1804541
1716387
1748758
1835907
1634067
1699161
1846080
1693828
1704121
1748918
1809217
1710145
1772237
1714047
1905338
1816606
1748530
1793598
1749538
1582612
1708272
1700538
1859901
1264345
1310159
1468460
1746722
1652982
1300715
1560446
1313380
1537141
1605542
1627382
1462062
1437473
1486571
1613234
1698162
1581346
1686033
1637835
1727101
1607674
1638022
1735280
1639708
1680414
1734760
1643864
1723087
1747460
1573759
1686378
1734028
1569801
1690524
1717430
1630494
1649794
1736247
1638372
1685240
1647253
1671711
1690762
1737366
1590105
1703745
1733785
1680173
1686112
1721564
1619161
1705798
1742424
