1433976
1515697
1511447
1396386
1665066
1819378
1486195
1768425
1787195
1776219
1677370
1732910
1791215
1563391
1494245
1797470
1736551
1496210
1600889
1650278
1828006
1589088
1861044
1698114
1621556
1521352
1664492
1465563
1720994
1550952
1581168
1738395
1743138
1560712
1649788
1808849
1675361
1553536
1626681
1663440
1696994
1754441
1607036
1691600
1779311
1692955
1665545
1754761
1478301
1521261
1673313
1607712
1595703
1666717
1567389
1577666
1469154
1471694
1562205
1531788
1449356
1580608
1666269
1545384
1693858
1652568
1598446
1636174
1669658
1647835
1652910
1667500
1630142
1602652
1688650
1655564
1712918
1637312
1650863
1660904
1655853
1500598
1646833
1569768
1503256
1413635
1547233
1531178
1803269
1641427
1548887
1613037
1643343
1491101
1461574
1569277
1463877
1495783
1558822
1453101
1469931
1483327
1436750
1465046
1563238
1483108
1467881
1563948
1416766
1575301
1597838
1497121
1604156
1659346
1525932
1738011
1806396
1639762
1667408
1730399
1586503
1690028
1712317
1678950
1684951
1698996
1584118
1635697
1662165
1725854
1700059
1712054
1717561
1845652
2033325
1727549
1638606
1685991
1787611
1595048
1756911
1735995
1635619
1745555
1612933
1693269
1823312
1788915
1649448
1699650
1616174
1652001
1722979
1685654
1620206
1599312
1633639
1588651
1734472
1529937
1580767
1743130
1562873
1561698
1785253
1816045
1642638
1769200
1568266
1757161
1753045
1574288
1731755
1784394
1556857
1574468
1812782
1765401
1773107
1594277
1754885
1750149
1555667
1784925
1596692
1557079
1569085
1591607
1569863
1633869
1522055
1668107
1388458
1499038
1627259
1449532
1330739
1669260
1527007
1550196
1589154
1525011
1707260
1706733
1569669
1692300
1663862
1528332
1533051
1818539
1624501
1655253
1797142
1562548
1788443
1607082
1728234
1780991
1836510
1633260
1719845
1732728
1652599
1670654
1840041
1923694
1728810
1837814
1772334
1691384
1745622
1616479
1799320
1885734
1742654
1714164
1813022
1635511
1873535
1821806
1798562
1903476
1824389
1767058
1806929
1848662
1627758
1727002
1831441
1749269
1627231
1741054
1699218
1727258
1732558
1780339
1685418
1735854
1717228
1700093
1723975
1566848
1652072
1767192
1727752
1592746
1797206
1617789
1694114
1739619
1709105
1679187
1738398
1723100
1714245
1750972
1670398
1639985
1735055
1693476
1651757
1743363
1669216
1640715
1805982
1793501
1833746
1855756
1752412
1741929
1631254
1573736
1745224
1741851
1646213
1684631
1593328
1671293
1705309
1745383
