2346651
1707625
1436961
1564973
1516945
1241580
1490515
1618946
1646647
1617197
1789218
1758552
1687793
1774223
1546801
1740663
1739054
1610998
1681009
1760145
1788544
1634326
1733302
1694152
1544357
1559937
1337649
1628637
1807422
1513172
1582640
1764089
1700722
1692133
1721693
1572631
1667212
1685406
1567599
1663544
1729127
1467947
1676156
1702916
1622565
1683548
1732572
1612988
1695838
1725290
1669148
1693329
1735071
1693706
1735417
1618586
1607582
1694439
1800883
1457819
1656153
1722377
1562044
1680370
1735096
1612621
1617707
1731222
1692346
1665280
1708419
1639896
1694272
1714146
1484963
1646106
1713647
1484624
1677176
1646315
1675312
1648015
1618862
1625551
1647011
1710443
1692835
1684772
1818385
1671514
1806650
1803209
1731152
1653906
1734929
1710432
1705280
1726610
1631995
1729108
1727252
1847118
1680608
1673981
1536555
1639010
1676200
1626034
1649689
1620235
1693402
1647656
1511113
2008358
1683438
1698359
1639536
1645389
1649677
1639556
1664095
1675404
1627936
1670953
1684862
1682637
1637292
1694983
1582990
1654124
1634876
1577255
1645665
1686381
1537303
1653872
1688792
1635595
1675846
1682990
1555375
1658891
1695970
1666839
1671839
1696020
1538443
1653412
1627872
1639793
1649332
1675522
1554010
1617451
1698480
1655772
1671037
1676872
1686063
1670739
1601241
1527248
1679795
1853772
1680026
1611485
1621216
1477158
1724207
1717696
1543726
1617792
1645946
1656308
1585411
1688247
1623085
1667210
1700137
1687882
1652088
1698963
1615471
1657356
1600286
1633596
1656222
1676628
1692044
1654652
1690720
1643968
1646442
1612346
1527208
1615745
1678336
1651651
1657778
1689556
1638096
1609178
1859968
1682862
1660624
1693049
1560233
1727100
1700982
1689039
1618912
1671786
1627318
1641141
1696300
1563084
1657419
1684958
1590459
1631850
1681737
1646771
1649886
1678220
1658558
1639753
1645835
1572404
1661678
1754047
1708133
1734196
1754747
1656343
1741840
1706471
1771257
1734986
1721690
1500420
1573656
1733922
1637177
1610099
1474759
1610396
1650736
1645652
1644392
1577909
1626201
1495538
1508208
1610402
1487449
1533089
1569767
1818078
1612413
1583031
1650469
1501738
1633063
1798710
1779763
1513585
1448143
1700593
1706727
1333271
1514726
1486660
1279586
1445045
1571990
1577386
1374396
1562650
1630068
1626558
1717743
1629148
1594361
1674952
1570691
1648188
1675996
1572727
1604221
1692182
1619162
1667109
1637010
1672646
1605136
1662501
1550150
1648503
1663219
1649772
