3358757
1958297
1945982
2065918
2003752
2078490
1976595
1846982
2005380
2066354
1977354
2048865
1991544
1965221
2067161
2131272
1951894
1986417
2035005
1971116
2061212
1963884
1941353
2041327
2068561
2223189
1888549
2022760
2105713
2079272
2083634
2189419
1935100
1758545
1898145
2073112
1922643
2030884
2069865
2024755
1893473
2072888
2019914
2010981
2082857
2022466
1968370
1949220
1928047
1978940
2076091
2042381
2031551
2082225
2057848
2041198
2079687
2071358
2121162
2041991
1977902
2004824
2065663
2064408
2053131
2102570
2056770
2132031
2121893
1975419
2080274
2108550
2056305
2046647
2095198
2064181
2094547
2090256
1992447
2016761
2064623
2029751
2038148
2072352
2250554
2196115
2082583
2077477
1972044
2012606
2012589
2242915
2039638
2080374
1948626
2055508
1984689
2063308
2061785
2097358
2037861
2094397
2083111
2090920
2069641
1970489
2044639
2023251
2072031
1983936
2064231
2070931
2029887
2183233
2067945
1934136
2009225
2051081
2030791
1951152
1962361
1932513
2019474
2057382
1978460
2001119
2047477
1970380
2004912
2059660
2020898
1948094
1871327
2181418
1953781
1903318
2023131
1998021
1920796
1910370
1932492
2015237
1903789
2029932
2006726
1918137
2022090
1968469
1892782
2020997
2037392
1987066
2042798
2033230
1935301
2035669
2025092
1970148
1997526
2054103
2012451
2025530
2055055
1936564
2025936
1981422
1969136
2095887
1882744
1819472
2100082
1871631
1939923
2085722
2022500
1938249
1961341
2001391
1959077
1956624
2001002
1952430
1991230
1948981
1923431
1975420
1951890
1902758
2014821
1991876
1996380
1965120
1951325
2009409
2031499
1971145
1992745
1967380
2010341
1896153
1971196
1999745
1989765
2033939
2090604
1939449
2037491
2024306
1817122
1889484
1912222
1899039
2005806
2027381
2052505
1990164
1994314
1943681
1966439
2023432
1975975
2039181
2013560
1986308
2000663
2003290
1995086
2041786
2010628
1939485
1986905
1858167
1727410
2038839
2219617
1813644
1619125
2028965
1975309
1827757
1900772
1782227
2138771
1824056
1603031
2258454
2106388
1911340
2085338
2010576
1911863
2034807
2068938
1993179
1990080
2000054
2000351
2100191
2111899
2042958
2069971
2021497
2053778
2072928
2074747
2014619
2064705
2082114
2025671
1987288
2075076
2075397
2082876
2025651
1978204
2048278
2124132
2034921
2095746
2055327
2085926
1988946
2086902
2055857
2024127
2020586
1988766
2082137
2013168
1994316
2093361
2045396
1948790
2312145
2015568
1944244
2071807
2078715
2085922
2024371
