2988799
1669282
1837449
2012035
1742003
1900944
1830761
2125405
2077405
1877443
2047884
2067578
2297953
2247543
2217713
2336001
2324571
2253953
2296070
2244979
2236060
2102701
2230683
2348856
2305061
2282174
2157814
2216862
2200404
2208046
2379494
2228608
2192177
2375778
2222987
2217292
2185385
2375860
2108037
2356803
2240769
2258009
2264608
2358851
2318814
2277955
2292480
2244247
2244997
2244188
2237452
2134220
2224281
2182074
2369367
2132751
2129217
2139385
2255992
2266785
2127527
1837062
2088736
1844335
1812706
1840517
2076211
1925302
1787820
2062355
1956283
1840529
1997604
2004734
1870587
2006759
1841005
1906819
1985043
1970577
1851557
1928066
2070022
1955287
1882366
1980945
1853105
1882416
1982093
1989908
2236075
1990009
1938162
1757974
1845850
1996398
2042065
1987758
1765554
1847921
1885773
1880440
1851555
1848015
1828425
1839170
1834415
1846562
1985478
1854495
1805607
1895717
1897807
1849232
1831822
1886443
1805721
1778783
2020505
1871886
2084406
1923078
1957921
1947334
1879291
1765410
1757663
1947812
1824071
1938317
1811691
1905266
1837436
1957179
1854242
1946562
1812500
1952080
1776444
1764908
1864509
1865822
1987279
1844242
1592013
2025378
2003628
1993290
1917473
2051366
1991394
1895160
1928711
1958389
1927313
1949937
1877983
1940867
1740247
1839832
1851366
1903025
1938531
1888706
1876393
2049767
1902493
1923210
1881713
1875743
1896466
1826839
1858202
1893364
1678315
2000740
1888375
1787453
1773846
1893576
1820723
1870446
2142541
1860545
1898561
1879661
1870153
1871655
1893872
1907912
1865993
1889167
1971487
1875164
1859710
1995798
1911759
1962903
1715714
1836759
2105351
1809005
1734841
1750314
1967507
1725187
1979369
1966611
1946168
1937816
1971695
1886799
1863145
1976369
1901404
1939229
1972286
1935483
1803919
1972978
1940284
1951437
1858549
1953265
1936648
1841931
1957350
1909501
1947856
1953832
1928836
1887826
1877101
1964269
1958457
1888881
1927208
1865829
1889696
1922499
1950233
1931281
1937959
1879153
1947982
1922921
1876906
1928086
1925707
1892960
1895351
1915966
1955720
1933169
1945131
1963153
1946555
1915505
1989988
1920760
1946897
1970058
1940483
1949988
1994645
1929380
1911434
1983368
1869991
1930617
1990641
1945593
1907936
1970484
1852425
1945961
1980189
1937591
1940991
1970297
1860599
1932481
1957356
1904486
1942701
1959457
1931588
1877836
1879926
1926559
1934921
1992308
1844848
1930725
1982306
1940877
1937368
1809427
1882785
1964101
