2710441
1873264
1691436
1997209
2226094
2228547
2382481
2390608
2180627
2188462
2344144
2242547
2244181
2232356
2175946
2254324
2295583
1784954
2359749
2000801
2233641
1759243
2132729
2063556
2056612
2065368
2137826
2273177
2218246
2283203
2307831
2240981
2234853
2281683
2310074
2276917
2150512
2167886
2245757
2221962
2182106
2190006
2195990
2134346
2142796
2128587
2152406
2243193
2154266
2184156
2032219
2100575
2137986
2150526
2256317
2127746
2198747
2137476
2090275
2110820
1860373
1938096
1804447
1793924
1845654
1860164
1819678
1876314
1902704
1866814
1844042
1758009
1881744
1849143
1739667
1870028
1914270
1734077
1930225
3198790
1892614
1779799
1749853
1643829
1650962
1905655
1716044
1684273
1873690
1687042
1761698
1930905
1718711
1840189
1903855
1724437
1779813
1800419
1725177
1719088
1725996
1745883
1737383
1823083
1849189
1696768
2129140
1716548
1807573
1689868
1866720
1761670
1741269
1490217
1739703
1847694
2125926
1932585
1804150
1789540
1876024
1670888
1781160
1833253
1841688
1692663
1749430
1896214
1726923
1863460
1790374
1678083
1769983
1879703
1764093
1852574
1835243
1587508
1794174
1866544
1789209
1797935
1815509
1732039
1770940
1851981
1855274
1745983
1882154
1803823
1778376
1888070
1785380
1988926
1927051
1812929
1792330
1831758
1777969
1773384
1895634
1737859
1779503
1871563
1779175
1867507
1879643
1799720
1852865
1892434
1755219
1752193
1799934
1719383
1786120
1767105
1738208
1748249
1884215
1751694
1871460
1885955
1766040
1701677
1806534
1864624
1791250
1807823
1783243
1847412
1776729
1809631
1845815
1799104
1771323
1801773
1819679
1800200
1851983
1832839
1774033
1847114
1807135
1780270
1785518
1825304
1766443
1835804
1878381
1849668
1982742
1777014
1658614
1565086
2012256
1776883
1791673
1733095
1751259
1939385
1621058
1724942
1972758
1976385
1731071
1901474
1882394
1537447
1933031
1786442
1887065
1754989
1770673
1604116
1783133
1743043
1808589
1847263
1834427
1747383
1881560
1826840
1807114
1826217
1924895
1726113
1689964
1918871
1744222
1741370
1777591
1731623
1742383
1750519
1797079
1747250
1797638
1769934
1791644
1891245
1816318
1772577
1912663
1829743
1855034
1813864
1828090
1817940
1891038
1728349
1914103
1792029
1890434
1924222
1931365
1787593
1707186
1866064
1837538
1770685
1947053
1847969
1844690
1929004
1816768
1949859
1901824
1923381
1878124
1892740
1913805
1898209
1828029
1922239
1957519
1921324
2005971
1969661
1960295
1949569
