5330276
2672696
2720374
2797514
2769713
2760115
2408080
2725438
2766293
2675182
2756829
2787140
2788164
2490063
2711027
2669794
2655352
2630513
2651393
2672055
2792633
2440741
2661828
2521992
2662161
2700148
2553997
2208413
2827572
2497992
2699682
2492710
2447256
2451884
2627823
2587231
2592787
2577416
2555920
2593632
2586674
2470389
2397357
2568901
2566756
2224556
2412139
2480185
2195571
2644385
2689232
2609827
2661247
2671647
2543955
2515311
2734473
2588735
2759716
2070622
2322682
2148021
2606276
2552101
2714017
2829125
2370981
2464716
2559901
2573457
2685927
2649120
2580585
2586701
2615277
2608877
2716803
2515290
2393285
2691926
2562682
2263581
2652491
2465434
2348153
2626546
2465137
2773027
2667897
2498464
2326184
2571052
2553374
2473455
2703298
2475690
2585640
2676151
2517476
2427745
2538091
2589391
2437974
2551651
2602595
2562491
2548366
2558270
2528414
2467781
2668612
2529630
2676291
2624581
2581227
2569454
2628517
2510916
3523041
2637272
2608461
2346784
2525946
2483929
2741668
2479321
2371572
2431150
2812988
2487000
2591807
2565909
2535135
2709788
2551215
2534770
2628874
2513971
2555752
2740544
2564731
2421353
2647035
2582157
2541152
2545746
2554497
2398198
2646725
2532178
2629260
2543547
2623635
2761407
2679316
2645298
2611992
2669651
2694618
2550955
2608196
2648349
2429454
2763258
2614927
2815613
2678555
2578203
2166005
2430902
2356580
2319218
2499252
2528453
2416711
2420433
2607841
2368214
2816733
2530666
2516804
2759490
2649942
2628187
2613367
2625327
2497395
2476634
2585396
2488500
2600891
2550896
2496714
2617894
2606897
2622997
2644892
2577070
2482853
2615665
2540550
2446044
2464267
2557294
2563926
2561156
2688674
2907817
2626493
2546974
2604039
2446255
2658672
2639804
2545091
2503111
2270614
2616811
2341093
2257347
2617494
2592500
2480088
2450500
2576316
2625517
2514736
2620775
2665042
2591090
2560177
2674455
2701417
2616021
2649547
2634201
2690608
2481945
2630050
2513700
2628829
2588955
2563972
2546606
2635646
2539443
2577395
2632931
2615558
2461990
2438303
2637153
2588751
2577111
2592134
2553456
2513091
2587802
2585079
2686595
2557094
2571554
2663573
2448830
2551126
2520868
2553646
2099369
2907373
2566683
2480000
2550021
2361272
2570783
1891036
2404520
2451620
2365687
2564468
2491544
2289606
2088388
2408343
2478680
2473436
2438558
2550577
2589969
2552406
2544438
2611418
2477903
2574129
2485660
2675595
2514739
2629842
2606756
2564121
2470899
