5090429
2961694
2382686
2776497
2791997
2909322
2806368
2741515
2876840
2891253
2835123
2797956
2862698
2884873
2763079
2856622
2825477
2821327
2857338
2742086
2888413
2838756
2803877
2852706
2789096
2838360
2716381
2924161
2751545
2730725
2900347
2834609
2860127
2808992
2916415
2893718
2916539
2801313
2873088
2913281
2901171
2905668
2903897
2842743
2843933
2815587
2887508
2799872
2644235
2155419
2830131
2826013
2799393
2880429
2965874
2563981
2659375
2775247
2592124
2399726
2347828
2519359
2655722
2694585
2715132
2556988
2687622
2517967
2701895
2686755
2717626
2599589
2691524
2720077
2629511
2612118
2750533
2579019
2709312
2671501
2731202
2733881
2589363
2713249
2793179
2557259
2661804
2738004
2704784
2644454
2726842
2576219
2683556
2679018
2732251
2673535
2656424
2436968
2731256
2722641
2571979
2491443
2793712
1968519
2372665
2433545
2463428
2802331
2674336
2595835
2563954
2300717
2677799
2625290
2492273
2577884
2635630
2652951
2674645
2413252
2495214
2526373
2600397
2576030
2652569
2523374
2637940
2594004
2688891
2641828
2652035
2638794
2600091
2707974
2524883
2470480
2638179
2663039
2696165
2612267
2673346
2627265
2554559
2682018
2655054
2645075
2599900
2612139
2605623
2617304
2696385
2631379
2675380
2714529
2655131
2619484
2681186
2399147
2721664
2678691
2691169
2672415
2646865
2647577
2620825
2587367
2614785
2468708
2596487
2626273
2712030
2548053
2640624
2278485
2549736
2682209
2488296
2615319
2553078
2296826
2410321
2351302
2663319
2694767
3012654
2691516
2702471
2629900
2638724
2701269
2717692
2694199
2696130
2682391
2650635
2725410
2810022
2667042
2696969
2333306
2622821
2673398
2641555
2867967
2709420
2184807
2638918
2423070
2635390
2299226
2459430
2574893
2068913
2472066
2635875
2590644
2651651
2320111
2556823
2485947
2383216
2383807
2487871
2492675
2528999
2614645
2548907
2541497
2445853
2302154
2636380
2599319
2507089
2581827
2634619
2429547
2593467
2481692
2477324
2516940
2632358
2526818
2494533
2510089
2566260
2569690
2628970
2352146
2718506
2670180
2584988
2490297
2598023
2559908
2602360
2626593
2556539
2584723
2595723
2367075
2613990
2606571
2477158
2578903
2637309
2621603
2905564
2587910
2526788
2382326
2470781
2377867
2594885
2656556
2461729
2560083
2656799
2538187
2708079
2467068
2645481
2564669
2632344
2510395
2499552
2571009
2611221
2567012
2643371
2473561
2523634
2660421
2245885
2632881
2773376
2425031
2588108
2842292
2508957
2405462
