2523520
1675973
2139616
2196828
2166801
2156814
2259911
2281440
2274584
2070132
2152840
2111308
2350001
2320639
2125664
2123994
2114708
2155930
2339738
2331701
2183860
2383575
2122121
1998975
1990375
2188283
2182069
2281492
2320491
2300509
2448006
2273061
2217584
2225083
2268310
2161202
2233963
2246543
2097810
2155459
2245645
2171142
2172794
2256599
2145886
2177822
2241094
2059242
2245664
2242918
1965781
2102486
1921043
2223418
2111468
2053427
2246055
2157279
2178500
2285309
1903231
1517156
1936165
1883679
1936664
2127743
1995014
1936353
1825486
1968465
1956910
1863699
1909024
1944953
1894519
1990933
1926374
1944090
2018369
1930470
1885470
1946523
1924103
1908000
1977354
1977041
1897586
1968379
2019896
1847735
1974242
2008598
1877520
1918789
1901671
1894746
1825103
1897644
1882219
1924960
1886599
1916167
1919822
1878905
1954347
1854998
1890143
1867019
1864857
1865605
1873355
1855473
1867913
1800778
1935635
1897946
1913234
1949405
1873206
1863866
1920550
1923074
1888800
1838513
1879179
1863397
1850269
1906670
1697054
1848814
1814469
1839579
1871272
1898346
1749771
1760718
1861034
1895532
1825722
1902676
1794104
1868539
1882137
1872003
1901534
1894033
1859607
1926023
1940767
1920396
1955770
2228571
2010586
1990945
1694945
1431988
1813770
1878454
1850384
1946051
1965070
1873119
1874748
1805316
1753268
4725900
1860933
1742261
1704924
1779123
1730559
1858039
1839352
1700341
1708875
1654460
1695747
1580327
1772534
1686120
1857687
1791242
1696581
1765960
1812842
1772888
1809044
1808904
1722202
1760674
1855033
1638477
1872843
1768496
1762458
1767656
1740178
1783678
1803557
1797253
1780743
1779682
1857557
1676860
1881945
1848882
1698421
1650691
1554853
1808403
1730712
1754072
1721759
1842680
1731090
1583728
1998866
1839046
1651655
1695266
1830714
1666432
1715026
1787735
1715363
1809863
1662044
1750293
1754192
1668504
1683971
1722897
1753888
1926455
1751499
1682961
1708359
1762689
1822542
1668810
1745851
1683341
1717038
1818594
1639871
1710658
1741122
1838489
1547160
1740112
1671946
1677967
1753906
1826029
1716380
1819497
1725317
1733982
1744922
1729927
1683651
1749063
1749943
1684540
1768362
1639876
1782023
1762333
1802583
1741483
1731827
1756461
1819668
1757922
1632946
1724306
1767445
1728165
1715871
1748006
1685660
1663984
1751843
1698092
1715672
1747391
1733393
1677150
1812024
1798412
1685562
1723265
1687883
1638248
1812649
1756833
1877668
1799301
1804021
1863393
