4010735
3039170
2701574
2885603
2801024
2781336
2944880
2771773
2817152
2631142
2852069
2813053
2532832
2674200
2679387
2741082
2658496
2862657
2927449
2876897
2862080
2909856
2753394
2784447
2723975
2809796
2840858
2758015
2797158
2764644
2832682
2801193
2649120
2779438
2762271
2803506
2558630
2768331
2471182
2742292
2438939
2621563
2369333
2362183
2711518
2553999
2758862
2646873
2797642
2816316
2829046
2637206
2626052
2404004
2606921
2639706
2600329
2740621
2561635
2738426
2719898
2789292
2787735
2929740
2759528
2799298
2809869
2717280
2795822
2743997
2750443
2686696
2674076
2719378
2734341
2785794
2822605
2670143
2892533
2791629
2800752
2703874
2701686
2633613
2831303
2650967
2737853
2736527
2729097
2748278
2810234
2779874
2879850
2847835
2824724
2901078
2599242
2847794
2858410
2822278
2797184
2802562
2830393
2789814
2672105
2836629
2816135
2813678
2847149
2852409
3075435
2825269
2759642
2707643
2598386
2677026
2799642
2745398
2764609
2761729
2869858
2797562
2873093
2837697
2838998
2649487
2874158
2829359
2845368
2845389
2834034
2846024
2680482
2773924
2852474
2804088
2804962
2771068
2911835
2776361
2638917
2201877
2731727
2652306
2429691
2747467
2745388
2466226
2616989
2421459
2638866
2678941
2640711
2727169
2736309
2757238
2696951
2868302
2728221
2803139
2723633
2663642
2548720
2686804
2596666
2291223
2731298
2614521
2867245
2754709
2739069
2710721
2734056
2703998
2854704
2708197
2578384
2767264
2719482
2488934
2712943
2634627
2639001
2769861
2595467
2685271
2714563
2754185
2912163
2684144
2656908
2754038
2689753
2803845
2583372
3044847
2561476
2233960
2275419
2649260
2640844
2870135
2667573
2527358
2384851
2637695
2823968
2659517
2537213
2717202
2711267
2675105
2614386
2709023
2717561
2747740
2819696
2801343
2751137
2438345
2734133
2852319
2884758
2724099
2869575
2584586
2750327
2591165
2668526
2816742
2465275
2570922
2583626
2627660
2495970
2300631
2398857
2168541
2433947
2512945
2671033
2779203
2528275
2505925
2615208
2638844
2703126
2562472
2580332
2881073
2673608
2552136
2770043
2601933
2647007
2433784
2631752
2596830
2646729
2650979
2590412
2711797
2511962
2553853
2639012
2586900
2599079
2636073
2466450
2523460
2578203
2657426
2577927
2545961
2538311
2345888
2577657
2524846
2506662
2508022
2522301
2634908
2594872
2583540
2625676
2518142
2533440
2542609
2719739
2641587
2702992
2824109
2672873
2859079
2628471
2697027
2747047
2523547
2400462
2651606
