5066782
3063487
2486293
2684899
2839340
2694332
2754816
2704377
2655742
2635591
2680088
2630496
2655472
2656614
2788758
2700369
2601531
2645449
2703802
2607429
2665617
2585501
2591924
2710076
2678876
2700480
2791487
2684616
2770414
2636532
2541888
2775703
2829208
2663400
2854405
2552040
2525374
2544364
2354811
2367135
2599505
2557294
2447988
2432082
2852609
2401251
2543890
2649770
2513542
2476904
2587543
2487396
2499599
2537324
2396632
2621790
2466849
2515854
2382434
2621700
2448274
2509994
2558733
2548392
2478508
2409987
2519949
2146687
2693296
2366155
2414513
2507698
2372387
2417857
2633391
2471773
2507590
2411927
2517460
2475236
2462832
2388351
2427832
2395391
2391151
2466883
2449080
2627320
2450134
2475263
2521599
2609115
2473783
2480463
2628257
2359231
2607591
2460453
2487391
2527998
2715253
2771073
2639252
2742369
2795197
2615551
2726868
2534079
2750671
2531398
2801742
2602935
2570236
2631200
2451704
2724004
2556870
2595079
2447237
2665355
2457411
2588695
2808759
2750882
2721182
2270159
2592995
2608363
2307350
2532104
2807982
2622070
2773177
2735203
2727751
2568636
2667346
2692057
2632935
2672488
2576418
2399581
2628787
2552568
2478336
2649145
2629550
2619195
2379253
2564563
2362480
2439718
2404167
2399055
2655691
2293695
2302273
2416311
2308790
2363486
2547994
2530570
2379941
2458728
2461099
2361955
2429676
2389136
2519452
2453041
2398902
2333365
2547956
2348100
2226164
2550970
2632793
2416143
2442707
2455860
2425981
2553297
2418718
2296980
2277838
2048766
2126035
2324888
2321825
2414327
2562189
2460395
2535134
2383922
2360871
2410874
2373891
2390373
2397823
2381042
2455128
2480975
2520143
2513994
2415770
2417834
2420342
2553883
2523109
2510523
2426016
2477680
2434038
2465052
2461392
2516488
2437074
2527179
2021775
2458903
2483779
2418798
2478818
2411902
2498551
2460186
2547948
2595823
2442414
2519608
2252185
2390781
2551472
2425816
2420393
2463726
2452117
2455736
2381057
2464102
2540300
2816852
2627045
2520693
2463111
2355886
2424627
2529278
2460507
2488948
2501012
2450257
2515253
2539183
2483474
2476217
2510752
2490953
2457804
4750925
2404265
2316103
2485457
2479141
2459372
2441811
2450101
2457147
2429264
2566940
2415672
2419266
2397036
2577400
2533309
2440086
2514564
2499373
2333276
2375017
2576060
2353437
2367729
2456714
2456538
2227675
2391007
2371226
2400092
2426137
2422311
2253854
2429245
2187881
2347144
2648984
2421865
2386221
2408367
2488458
