2439179
2009284
1976920
2089909
2262493
2281318
2279424
2176571
2153700
2181711
2159741
2257462
2288774
2277762
2289003
2215836
2330455
2181957
2609977
2266864
2175161
2277464
2281788
2232155
2208768
2197061
2332488
2316833
2272662
2326038
1917465
1929664
2237533
2286362
2340821
2217927
2240356
2265672
2280224
2151243
2320829
2276353
2236696
2201607
2314472
2238836
2227509
2262430
2185157
2408862
2094792
2118290
2306589
2158737
2121306
2256187
2234047
2105769
2140861
2198482
1912961
1947562
1939569
1987294
1925078
1874809
1788064
2224333
1644741
1943427
1739893
1661213
1826750
1784609
1717427
2122498
1671459
1786272
1948721
1870850
1742002
1946194
1755216
1754027
1747147
1717127
1883758
1866183
1771917
1867430
1912038
1913718
1860962
1914880
1826287
1855578
1805689
1758783
1932171
1825765
1743837
1966084
1913210
1726803
1760313
1669094
1780877
1657661
1869883
1946973
1725977
1793827
1742268
1736329
1718048
1891450
1899119
1905750
1907980
1844029
1958010
1776442
1716975
1770811
1867088
1748081
1996394
1777528
1693668
1709027
1793237
1932680
1926295
1799312
1813409
1765175
1884216
1706025
1917865
1778774
1775516
1890532
1927938
1712788
1797768
1716006
1926524
1800099
1871825
1826239
1830084
1760609
1817634
1836343
1873398
1870595
1944619
1741847
1772148
1812453
1814688
1762295
1872524
1783357
1880199
1831353
1817863
1838247
2195811
1979199
1838704
1933868
1884568
2165770
1831853
1690015
1699823
1897118
1582543
1846385
1755917
1848332
1646431
1808832
1787567
1848196
1801861
1864279
1767782
1817828
1872876
1853504
1778347
1859243
1806787
1777373
1836225
1773321
1876706
1787310
1853418
1805031
1819979
1997751
1717168
1771461
1646976
1818082
1940963
1796332
1842438
1957733
1683305
1953122
1994257
1903743
1878556
2002678
1859324
1948238
1994723
1901078
1903044
1983563
1880098
1904029
1761971
1675941
1927193
1955398
1804736
1917669
2000989
1966173
1921311
1840516
1746286
1789634
1798496
1801077
1964017
1971552
1754398
1912580
1992304
1912623
1940663
1991098
1896302
1751009
1978036
1863191
1822891
2028492
1818857
1816164
1935443
1799634
1936170
1922702
1565320
1914838
1828362
1836419
1604820
1839848
1900331
1802319
1891369
1897409
1884938
1890898
1888804
1869004
1834997
1840215
1844143
1833463
1900082
1670050
1792726
1745121
1887575
1812548
1845857
1828446
1863403
1873344
1845554
1813566
1787795
1848303
1768587
1803487
1616819
1866338
1848416
1797562
1828189
1874120
