3426641
2826585
2752897
2715430
2862848
2673502
2745533
2708641
2821975
2755270
2718987
2643667
2661004
2703683
2725028
2758769
2817769
2799453
2834075
2698026
2858135
2886518
2841975
2779137
2748621
2813727
2642746
2795828
2903849
2670707
2858963
2743654
2803784
2692013
2828455
2816799
2744248
2607659
2734568
2699974
2577521
2682679
2744907
2780140
2721095
2426033
2115730
2722958
2699852
2626943
2859278
2444861
2496054
2570425
2557060
2673099
2676345
2509647
2666903
2545982
2419763
2580072
2457621
2527285
2688487
2539726
2565351
2678008
2684752
2467485
2619273
2505101
2654623
2702503
2734727
2450165
2536828
2621477
2543310
2497333
2602867
2400213
2603520
2581820
2569610
2506592
2650331
2587562
2721459
2529932
2557825
2661123
2775257
2635769
2663782
2517317
2555611
2658854
2715408
2558606
2704204
2607068
2530705
2463233
2615666
2716314
2748848
2781229
2748531
2692813
2591068
2673144
2726217
2478841
2586652
2709777
2765002
2712717
2742113
2566728
2647996
2508371
2731331
2714707
2801200
2535377
2755396
2688619
2661221
2880733
2668620
2491122
2690072
2743454
2769782
2660687
2738498
2835279
2884913
2719497
2810114
2518730
2625467
2632696
2665336
2572701
2523749
2761245
2843124
2827916
2587086
2705948
2904725
2709361
2866319
2881522
2792138
2818820
2850150
2792463
2771222
2799470
2900336
2692508
2948034
2780533
2710848
2838456
2868343
2559586
2901843
2751548
2788245
2784774
2851288
2755651
2905958
2782864
2741304
2789712
2564760
2719808
2887633
2656288
2808194
2850159
2906016
2260687
2703601
2761092
2670241
2388314
2913110
2776289
2739518
2457529
2582498
2808237
2823170
2875288
2397382
2308030
2591389
2309416
2269925
2461750
2487549
2619022
2604499
2701487
2724677
2676137
2734952
2693583
2778368
2806379
2671303
2783552
3063050
2614652
2717467
2689257
2679407
2715721
2742652
2546675
2666920
2726221
2649657
2640237
2567826
2359300
2712951
2652396
2603355
2647673
2522288
2679155
2614872
2637339
2653567
2545534
2590886
2546442
2706660
2686521
2577856
2539002
2621816
2562366
2603710
2523766
2580437
2616132
2746694
2664617
2569902
2586616
2714227
2612962
2495429
2616102
2626002
2748768
2580566
2619675
2754582
2547136
2575780
2732848
2483588
2642961
2737032
2649942
2721968
2710998
2692852
2654123
2741014
2673767
2727566
2498099
2846512
2780221
2465780
2163593
2709186
3056329
2769187
2862988
2742070
2658453
2570540
2646058
2932725
2774388
2735901
3376890
2605253
2581607
