6556179
3112722
2817897
2899327
2886251
2877784
2845995
2865147
2629221
2773790
2822613
2759878
2828854
2818181
2694554
2733260
2893518
2637966
2662856
2807917
2761611
2510963
2890153
2627536
2777986
2743246
2826086
2814109
2804790
2822080
2811796
2742055
2720245
2834325
2933359
2701909
2852676
2898691
2646009
2766610
2870566
2790082
2841668
2767558
2632242
2711337
2636995
2575645
2741776
2532759
2600858
2814981
2694986
2612395
2651906
2634970
2711694
2746520
2717345
2504394
2431074
2713716
2528670
2736500
2714860
2633906
2756890
2762516
2592130
2805390
2758870
2691540
2765321
2762123
2530318
2637746
2669240
2659691
2757249
2772863
2619239
2819910
2794431
2254908
2819845
3004577
2905267
2389614
2576164
2496842
2802420
2530136
2780770
2821731
2686467
2807390
2722595
2347507
2631185
2676969
2786910
2731409
2840157
2739415
2795828
2831783
2602540
2832758
2243534
2751736
2639010
2758457
2844011
2669390
2712055
2727099
2632451
2789554
2680739
2648276
2811137
2661616
2816399
2583185
3071847
2797876
2813250
2825526
2830217
2712837
2901718
2747020
2806036
2750379
2822101
2735899
2711549
2688379
2860447
2778936
2782149
2732151
2788745
2648755
2649566
2851987
2634955
2847852
2732709
2833276
2818101
2728163
2764696
2793117
2868421
2755258
2772666
2778547
2871852
2757129
2850432
2765411
2935077
2797970
2864996
2863578
2765660
2745821
2845017
2781381
2680699
2736345
2851464
2650452
2791892
2760061
2751276
2792356
2782869
2827951
2561965
2484776
2745746
2763450
2712425
2667677
2765726
2716811
2709110
2787663
2756668
2672187
2842696
2709371
2454980
2880658
2701206
2546811
2674087
2872768
2541227
2747460
2830371
2703985
2636366
2675661
2710186
2692476
2737521
2714231
2669807
2589965
2697579
2846562
2852608
2624200
2858841
2782009
2670612
2639878
2747827
2671154
2846428
2744066
2665612
2736241
2641504
2689226
2749349
2824243
2646332
2849017
2754646
2633889
2574835
2730841
2587049
2629602
2640156
2691101
2575676
2698947
2687492
2686795
2718570
2658362
2654026
2757999
2680725
2724390
2735672
2554977
2709601
2664246
2662961
2828127
2652436
2629317
2646776
2686202
2568631
2661986
2717086
2592570
2657857
2771596
2628205
2751236
2729689
2710107
2677685
2380125
2556442
2530895
2757666
2471096
2694240
2674609
2666827
2554520
2736477
2656377
2575345
2270209
2910543
1947383
2599097
2676157
2566728
2423630
2775850
2732177
2681879
2610761
2700006
2516899
2750852
2747007
2782581
2745185
