2434795
2050639
2008510
2308082
2240417
2260048
2293910
2212964
2200841
2289585
2314858
2263068
2329688
2236537
1824079
2355454
2478023
2205693
2286322
2018056
1929109
2163378
2346388
2206481
2205253
2119836
2094016
2171817
2161036
2024007
2120180
2237068
2218747
2250865
2257186
2210731
2245327
2177733
2315605
2278383
2125087
2286551
2251354
2230912
2269742
2241541
2259239
2168281
2084266
2190302
2037609
2114306
2136271
2086042
2109726
2061750
2052710
2153817
2044952
2149504
1880855
1854031
1853394
1853895
1775114
1849616
1867685
1861699
1803629
1857933
1759416
1897822
1877142
1783428
1726858
1760812
1747625
1793810
1844031
1745838
1698489
1801835
1818837
1790115
1753164
1668757
1725489
1731570
1841975
1774340
1755548
1876088
1735078
1771635
1844785
1814040
1785949
1745642
1714508
1737980
1717465
1866162
1787041
1811199
1754269
1772784
1747741
1791010
1717974
1817574
1680194
1822549
1747222
1778060
1803821
1668830
1781354
1870173
1803584
1668994
1927209
1909537
2063201
1593021
1695544
1943706
1675614
1830008
1777622
1845415
1692462
1846982
1856871
1896446
1998403
1909681
1809912
1880715
1925443
1836709
1815768
1948339
1908777
1836510
1920920
1896021
1806513
1893615
1802952
1874641
1920314
1851972
1836572
1900635
1819512
1928354
1908108
1807265
1829940
1946366
1745685
1866803
1870805
1760639
2144381
1826749
1863275
1711128
1712925
1819015
1765066
1838728
1763598
1968442
2029860
1888396
1868317
1909989
1903173
1888476
1917148
1859866
1901584
1941880
1868624
1891112
1905154
1982220
1872748
1895122
1852055
1884166
1901262
1886172
1853469
1889371
1884839
1863486
1929725
1891593
1881325
1911370
1734798
1890370
1903140
1812069
1833673
1897225
1954107
1839282
1832928
1655785
1803226
1861869
1695248
1835235
1749168
1792018
1789459
1913698
1871415
2043995
1972130
1978161
1867485
1821457
1849422
1981386
1754240
1963933
1740186
1743423
1714749
1965560
1876118
1764658
1929244
1999120
1829608
1982661
1907030
1689568
1911836
1863115
1810351
1853938
1910425
1876162
1820165
1857654
1764028
1882664
1873380
1721540
1763895
1844138
1728814
2021313
1879272
1804263
1794439
1840249
1745279
2041456
1829975
1848175
1685340
1840611
1844429
1834103
1872768
1871595
1788068
1793852
1870075
1876495
1869665
1778399
1831351
1927442
1777473
2011504
2144538
1847268
1818829
1906320
1738113
1836179
1784695
1778750
1808825
1952607
1864515
1916029
2013825
1849273
1870992
1881982
1857372
1837880
