3102509
1971483
1775790
1939281
1916734
2009671
1920300
1980595
1994379
1864213
1891120
1944970
2035824
2001374
1959826
1972544
1918648
1990896
1969732
1665663
2009131
1889641
1959720
1867565
2019208
2084220
2125229
1870040
1990235
2082401
1925755
2035813
1992982
2008312
1805989
1981359
2051452
1887051
1891484
2037252
1898381
1799481
1922044
2198876
2022705
2054272
1894255
1920909
2090075
1916405
1924366
2078101
1964695
2026835
2070243
2004252
1865381
2022446
1997869
1913635
2047025
2029969
1970174
2052248
1891518
2032435
2051264
2018214
1911902
2008825
2033380
2022126
1902162
2028170
1954241
2070295
2094426
2015236
2083611
1953056
1989499
2057495
2004116
2050799
2048576
2186777
1935544
2021702
1936142
2245073
2078878
2059489
1847871
2055095
1919268
1878371
2114243
1984692
1869864
1968911
2017665
1908251
2004715
2025461
1929254
2006832
1928006
1862627
2110925
1985942
2051355
2016716
1985474
1994583
2005360
1993538
1977825
2079763
2122483
1930221
1939298
1794149
2133632
1882070
1957594
1913994
1926310
1967493
1847704
1863811
1934857
1932960
1941654
1896739
1866936
2023796
2001655
1876559
2058868
1933761
1940221
2029117
1964000
1879417
2024686
1898017
1935271
1921271
2016264
2040145
1979335
1977738
2043278
1956825
1904035
1922781
2017245
2004261
2037807
2038902
2057737
2096754
2029271
1960545
2001190
2024255
2074458
1901806
1983688
1864350
2007998
2030502
1948890
1934528
1854028
1998465
1825840
1936632
2057686
2007857
1996315
2063330
1832557
1795520
1694123
1958178
1951455
1995098
1943799
1918674
1939054
1940569
2047496
1908980
2102806
2022862
1856720
2035388
2021792
1799380
2045445
1980966
1975926
1937465
1961207
1919908
1987787
1964206
1994043
1865861
1797425
2106580
1924048
1886969
1867627
1967802
1955861
1898320
1820811
1963325
1819754
1898251
1953702
1806464
1939657
1900847
1748943
1816316
1962808
1937978
1915627
2120256
1912658
1953090
1955815
1878920
1773765
1929861
1934395
1855851
1957992
1830444
1942099
2004071
1749110
1942320
2015372
1937885
1905748
1939589
1922527
1886754
1958915
1933640
1889354
1918484
2003761
1867478
1968669
1737787
1906191
1918615
1886204
1881465
1919161
1746673
1831870
1895160
1989044
1833405
1925696
1957709
1855585
1841202
1840115
1837295
1907554
1900419
1822120
1971392
1925195
1991705
1944079
1921000
1940035
1959716
1785274
1872453
1942696
1755041
1839705
1858405
1834089
1765789
1961701
1877330
1772210
1958536
1932533
1886286
