2536719
1691967
2002492
2213797
2322561
2120108
2351641
2278108
2268374
2223333
2256718
2175946
2288570
2243506
2104780
2278741
2190721
2112261
2294692
2204732
2211341
2185876
2189716
2158376
2215904
2242196
2152998
2202497
2292927
2226067
2206491
2230120
2288724
2177077
2182703
2117146
2151573
2178949
2188928
2144693
2158312
2246644
2249028
2250757
2169343
2134292
2187207
2077840
2108357
2232014
2218643
2151362
2218637
2215017
2244623
2266972
2247134
2226770
2249008
2243564
1948358
1955422
1892787
1928364
1978247
1954727
1939324
1887394
2098267
1938005
1795980
1840536
1903718
1906951
1800280
1980679
1893774
1786030
2035435
1905290
1867954
1920531
1866698
1758348
1910065
1813814
1877367
1887454
1950375
1879486
1935505
2071175
1978226
1941354
2016180
1925290
1892054
1953575
2015709
1782028
1869225
2318878
1958581
1853366
2262578
1995625
1952355
1903346
1959096
1843206
1842885
2010197
1960345
1836329
2005315
1916665
1931350
2031290
2018957
1928945
2031574
2041430
1742282
2005922
1920654
1972275
1987276
1782210
1981637
1963651
1861340
1958490
1875890
1814454
1925512
1781620
2031012
1877665
1821575
1873313
1960871
1831174
1785172
1944275
1998877
1983411
1922495
2003596
1946369
1877079
2052256
1632339
1978635
1936407
1828448
1942677
1872647
1815910
1647626
1878639
1916587
1944464
1941615
1855211
1932189
1963200
1921469
1918860
1961293
1918385
1954312
1944455
2016286
1802340
2056172
1984502
1840626
2017582
1936473
2018696
2063102
1944931
1921788
2012889
1931589
2001097
2018062
1948422
1896789
2027142
2326541
2121563
1976615
1961585
1996362
1996655
1987238
1933595
2018081
1940279
1928808
1959017
1960725
1907856
2021760
1891051
1796490
2049960
1978626
2007149
2032835
1897214
1867727
1939823
1895378
1864894
1951804
1852435
1905007
1904339
1830598
1857276
1872368
1797916
1867038
1881681
1911543
1869699
2156831
1759231
1732196
1800760
1748935
1506423
1646376
1669125
1764080
1801580
1761973
1831528
1896877
1862270
1926512
1956455
1914971
1930101
1922697
1839550
1936075
1923504
2001919
2163352
2020617
1776803
2202817
1882014
1695529
1779754
1861871
1865360
1772921
1860904
1864714
1775687
1812874
1809362
1696678
1862308
1941195
1742329
1926046
1953584
1906691
1867828
1968380
1888826
1943389
1947179
1619477
1831491
1869428
1857786
1896207
1908084
1816344
1994840
2043010
2016713
1982245
1901068
1996619
1963329
1927640
1867498
1995726
2011853
1992653
2039549
1944430
1995943
