1844125
1452828
1447730
1551254
1658550
1703300
1659407
1253973
1678554
1700207
1238156
1780269
1637569
1566983
1680053
1686580
1865145
1761854
1738964
1676284
1816006
1725317
1729893
1771074
1808759
1692599
1792910
1931184
1646483
1734919
1772661
1762974
1788890
1802217
1693617
1770539
1756824
1641287
1829547
1812109
1689288
1830392
1744977
1718391
1763305
1817015
1672020
1745042
1532049
1825094
1808290
1781739
1810233
1837764
1779709
1734460
1508938
1783887
1811178
1826510
1711074
1754494
1840309
1779080
1808374
1830608
1668380
1780374
1888250
1720674
1742947
1781804
1753780
1774844
1764450
1747061
1720737
1857069
1615727
1790114
1780020
1767616
1688118
1770454
1798597
1597263
1576728
1757772
1620117
1641120
1701694
1389361
1632257
1592043
1715414
1745110
1681453
1727649
1779796
1671277
1697794
1740559
1659829
1738356
1716360
1671017
1664752
1780589
1642869
1759068
1780614
1633209
1672573
1757330
1724867
1761954
1755213
1721471
1713023
1621324
1621317
1576432
1661657
1616796
1403209
1767770
1651246
1683363
1731528
1633531
1777648
1738100
1625487
1696234
1740219
1764939
1676574
1744873
1726399
1613961
1752170
1655730
1705082
1755448
1603915
1630899
1689269
1626003
1577087
1667852
1608124
1792255
1665439
1583027
1649890
1700668
1632886
1591543
1668894
1608119
1703373
1638353
1618018
1610533
1700158
1634364
1568251
1856364
1638069
1498900
1715641
1586905
1704384
1684868
1633113
1644920
1699873
1625218
1648747
1689802
1617883
1616899
1680346
1615954
1646749
1711527
1620536
1610362
1706716
1629481
1511364
1641558
1455121
1026738
1587770
1598155
969824
1679074
1537194
1612123
1441697
1473786
1417229
1594321
1535974
1652970
1703381
1617147
1684959
1700149
1618763
1601762
1668908
1640053
1549044
1677870
1615873
1650913
1683958
1624883
1639616
1674520
1626997
1636403
1670318
1618924
1597416
1688040
1577343
1709744
1674193
1618122
1605759
1680359
1610110
1656528
1680610
1682759
1593623
1670102
1764999
1690246
1687423
1586206
1647403
1493462
1587853
1648218
1690934
1571759
1640783
1683092
1620366
1679452
1681608
1629546
1685721
1679944
1572526
1649533
1698580
1583297
1687139
1697277
1625522
1700013
1684130
1614349
1680353
1688827
1575129
1627609
1588759
1571365
1637520
1691303
1598967
1702758
1683913
1620933
1647672
1684512
1579612
1701564
1677990
1570563
1640791
1689059
1363576
1660684
1677008
1585671
1698010
1806604
1628196
1456043
1709463
1566466
1566832
1531527
