2429427
1795704
1656414
1808434
1783659
1712741
1775818
1668041
1819129
2241926
2026780
2087485
1982053
4328876
2094854
2137668
2154664
2114988
2373747
2289063
2070840
2388435
2243146
2120765
2290114
2241645
2067460
2212996
4561999
2149935
2212515
2193735
2069497
2199373
2101634
2263595
2330463
2395152
2180442
2336774
2270536
2211333
2266204
4255099
2185574
2286914
2366316
2292665
2316700
2452158
2246606
2315226
2345646
2303874
2320106
2258767
2278106
2363847
4190568
2268006
2061093
2069085
1998843
2321333
1997064
2054215
2010454
2031710
1966427
2039898
2031654
1923263
1986030
4081698
1899592
2051721
2041483
1923584
1974143
1996193
1939363
1974693
1934744
2023653
1907823
2002202
2227370
1936631
4154558
1967262
1972390
1805304
1914386
1907151
1937084
1867590
2058244
1784795
1816850
1987623
2000441
1972200
1945309
3899196
2007766
1892301
1924664
1924519
2036758
2047417
1997761
2057530
1977300
1903340
2058561
2030171
1794188
2011255
4239928
1908110
2007845
2059031
1891595
1903160
1847388
1798107
1878355
1925880
1804799
1894810
1974995
1838009
1785989
3786152
1809925
2127822
1933870
2034232
1909463
1903129
1871458
1939710
1980786
1828332
1906161
1974925
1772747
1920650
4328334
1912895
1947210
1802983
1884519
1935127
1924230
1890359
1933828
1998180
1904307
1981459
1960330
1794803
1929248
3888938
1744299
1983539
1959250
1969020
1966694
1976719
1726189
1927640
2002095
1796256
1958327
1963230
1694978
1985400
4382300
1762538
2134046
1988031
1952658
1978943
1806909
1999215
1975268
1999040
1902407
1931499
2008957
1958911
1937599
3908908
1875349
1982761
1957388
1828689
1515809
2028291
2032224
1842274
1991521
2010689
1977960
1957370
1980268
1839789
3273539
1962591
1990070
1979738
1967487
1857317
2027010
1937741
2016565
2000043
1948759
2026070
1876987
1978420
1918895
3149928
1940240
2017570
2009888
1944140
1997961
2015515
1914040
2015864
2000686
1952440
1995258
2102322
2015950
2141940
3304299
1922350
2068575
2194851
2062901
2049412
1961290
2095238
2074300
2031114
1869569
1977412
1988630
1911010
2071334
3291177
1798659
1981810
1965375
1928669
1906137
1964841
1972810
1951950
2001631
2118995
2037340
1773804
1873744
2018785
3294217
1715886
1977740
1994780
1957020
1927379
1924010
1669066
1943719
2000810
1881660
1979961
1955675
1793767
1914170
3629496
1871260
1865987
2008034
1864038
1925408
1938248
1890800
1921509
1993020
1979491
1880917
2021030
1835573
1979560
3550906
1982719
