2633498
1915277
1971673
1949364
2050236
2288607
2178187
2285784
2117427
2172115
2157924
2267956
2248451
2204859
2106586
2011348
2157833
2420311
2109350
2434663
1957947
1952205
2242414
1988879
2037841
2287127
1956327
2053178
2225813
2251776
2247593
2353609
2344623
2138400
2320787
2345483
2177438
2311679
2214091
2160830
2366143
2314154
2376440
2284118
2210283
2416281
2325014
2408981
2446144
2323554
2280512
2310470
2293243
2394681
2395700
2346014
2361059
2349829
2232960
2269237
2070380
2031235
1944307
1981783
1987034
2014926
1976809
2037633
1973193
1908224
2064321
2034919
1870729
2037013
1850923
1862195
2008717
2004383
1924083
2020309
2014325
1788095
2008603
2005269
1845313
1990176
1953537
1955593
2118513
2062543
2307173
2038988
1887473
1903600
1896723
1926947
1805986
1918866
1881237
2010213
1884397
1971609
1878219
1917679
1908644
1911366
1895523
1947623
1852759
1944260
1888667
1813072
1936622
1924621
1845463
1989203
1928350
1973303
2022753
2010098
2205853
2072676
2207529
1913954
1826715
1803493
1639424
1885249
1866339
2007465
1876740
1849704
1957419
1983922
1893627
2079111
2007136
1965628
1991242
1931909
1898064
2004702
2006066
1923680
1996845
1995243
1933083
1885237
1975764
1921573
1975578
1884474
1880137
1860496
1823136
1824994
1884529
1861769
1825484
1862994
1857822
1885822
1870529
1819984
1828823
1731420
1847654
1879908
1916007
1818828
1848840
1753648
1859099
1879792
1885837
1847250
1803280
1798154
1862043
1845063
1881443
1889767
1835050
1819213
2012578
1803373
1698097
1873666
1837873
1787036
1920325
1965739
1902016
1858215
1824508
1891633
1935254
1976048
1900877
1836139
1941588
1887703
1874743
1938281
1896302
1830003
1963984
1921303
1920389
1947437
1912504
1861428
1942542
1930801
1925410
1901569
2179457
1871003
1955798
1916540
1969313
1971398
1769900
1965053
1950037
1962637
1846276
1963813
1961049
1942673
1971057
1862073
2040113
1996864
1938503
1958043
1997703
1972432
1950437
1975352
1969089
1910808
1824740
1940689
1901397
1966003
1945485
1921762
1862958
1832390
1963153
1915423
1944579
1918214
1924624
1967659
1870395
1941932
1987647
1868963
1914237
1899596
1921993
1923343
1911177
1885943
1957343
1840063
2047200
2001881
2137744
1974033
2004818
2005249
1949209
1929767
1932659
1950635
1944789
2003950
1998704
1982383
1973643
1909209
1982233
2031577
1982123
2041339
2029398
1920749
1974540
2132354
2010764
1977093
2005128
1968484
1983234
2035462
1824467
2033329
