4605946
3109253
2648042
2740995
2782948
2868671
2862302
2787833
2828529
2858505
2691956
2832165
2670063
2768184
2821647
2756649
2804360
2686709
2389165
2301500
2642357
2829313
2799968
2776111
2287408
2300648
2595228
2686044
2263971
2811243
2572350
2684809
2763130
2777889
2701979
2735021
2824970
2687168
2824743
2581475
2625658
2653508
2815075
2570391
2687222
2741813
2714002
2713625
2779276
2656965
2766680
2738493
2752950
2690036
2761779
2530002
2737633
2683469
2682738
2671563
2657478
2727579
2679636
2701924
2665563
2628863
2731852
2650302
2742095
2738278
2756456
2681372
2582501
2714805
2785793
2629667
2662624
2665966
2665618
2631764
2782338
2629638
2781861
2703168
2823584
2537600
2948926
2902486
2639663
2946618
2629988
2462824
2560212
2595611
2703938
2653922
2856490
2555841
2688878
2792324
2624463
2754189
2727184
2580887
2792029
2798787
2806243
2759825
2829600
2706645
2805076
2779337
2781609
2766715
2921150
2612997
2737416
2647186
2691238
2700048
2611993
2748257
2617950
2718342
2740599
2635065
2693503
2715459
2767315
2696270
2722647
2830405
2728417
2715631
2828383
2688477
2606846
2799435
2783427
2719498
2805547
2764194
2636861
2823645
2741095
2735136
2760326
2372303
2690446
2362733
2556707
2512193
2544050
2626100
2719910
2647616
2758388
2566469
2616073
2512024
2581441
2685122
2651322
2421100
2680273
2521135
2390581
2625690
2708187
2695794
2736263
2793517
2818875
2634383
2671538
2758932
2736878
2585848
2778133
2664332
2394469
2591848
2726549
2662482
2723777
2688786
2600253
2770099
2713259
2662483
2720008
2687626
2691868
2766027
2791083
2579721
2726797
2712157
2639810
2738606
2770368
2658672
2777204
2716518
2725610
2712658
2704251
2566486
2734325
2644704
2659872
2608000
2735726
2592380
2737151
2698538
2577201
2622806
2722420
2603467
2666341
2682857
2651463
2732063
2727629
2542959
2750033
2694506
2681197
2717201
2710973
2717137
2744727
2716012
2770123
2691874
2933548
2577311
2862883
2707198
2746821
2737847
2754667
2473490
2710723
2698932
2736651
2729236
2710537
2626572
2540809
2700043
2704975
2544394
2673685
2643372
2711634
2637563
2713505
2656155
2610442
2600240
2644863
2515381
2572345
2388228
2527088
2420538
2638502
2655611
2445053
2514711
2598057
2337680
2639816
2400296
2658953
2491879
2691337
2446635
2541121
2672605
2372157
2653341
2714547
2620132
2149549
2449630
2906809
2451597
2486030
2694094
2532653
2671875
2392754
2238352
2544222
2529643
2689803
2501622
