2434962
2046085
1815347
2052314
2274745
2257237
2159727
2254177
2211437
2145102
2175539
2295913
2195655
2142136
2067737
2238954
2150973
2236591
2234834
2089042
2231114
2141653
2059792
2243861
2233739
2157333
2164131
2152513
2131828
2239832
2200024
2169473
2124909
2140168
2121293
2126216
2170518
2140972
2273842
2148228
2102723
2162484
2180477
2112633
2197072
2030547
2200861
2173670
2137046
2106356
2221179
2092867
2084681
2175237
2056884
2075272
2146107
2073188
2002162
2125753
1715784
1892683
1835065
1843384
1811371
1891949
1903905
1876317
1862826
1872550
1848765
1857317
1915301
1754349
1844852
1889002
1794715
2007895
1804397
1704997
1778663
1715516
1773789
1760424
1763570
1654273
1708859
1752574
1815236
1872621
1754106
1812193
1715456
1740538
1687949
1957701
1506850
1737400
1709330
1732040
1839615
2052277
1803821
1791125
1823101
1659520
1770199
1993081
1912037
1809589
1988120
1803921
1779250
1729963
1789188
1690028
1774335
1743125
1755420
1701150
1797302
1585159
1701986
1754561
1673251
1677469
1694802
1777982
1975447
1728270
1718095
1721170
1737846
1828261
1590494
1834562
1820050
1740310
1970711
2169947
1859970
1762338
1747652
1972001
1702515
1742920
1786683
1761003
1725760
1987514
1801965
1695483
1754982
1804437
1668248
1794622
1829904
1701636
1985311
2017176
1738591
1983700
2012109
1641396
1718792
1794191
2002077
2056027
1838397
1792291
1796160
1908237
1830972
1934312
1784584
1873560
1987351
1814161
1851941
1974671
1934737
1949352
1975926
1925755
1819490
1887939
1883796
1825592
1889475
1798153
2044626
1940082
1884275
1907671
1762980
1796984
2123619
1985818
2144048
1723916
2071030
1758044
1727667
2277690
2014862
2130194
1996502
2026112
2044431
1988275
1909196
1919034
1992301
1848295
1859865
1995029
1864891
1965928
1941360
1958627
1973440
1953897
1883216
2264968
1947466
1884113
1970455
1984756
1864552
1985941
1974681
2005613
1852530
1819490
2069582
1853546
1992338
1859501
1978635
1841240
1943617
1842175
2321103
1994085
1855496
1943227
1882592
1907583
1849643
1831276
1937007
1910054
1880866
1900129
1718587
1834247
1886206
1968838
1878587
1941997
1940660
1859584
1896274
1886736
1879717
1943146
1854062
1926346
1820920
1924038
1898928
1894498
1966781
1848948
1911070
1892345
1915631
1904418
1921311
1846524
1951528
1922804
1872260
1892748
1979387
1827236
1929897
1886904
1805292
1889789
1898648
1762292
1879790
1877105
1776666
1903991
2014028
1849587
1902710
1889723
