4649313
2575637
2748210
2786658
2537407
2561348
2537717
2860729
2446593
4889712
2692360
2636104
2428264
2472249
2454909
2621519
2514136
2786321
2558777
2456240
2668040
2461735
2598058
2556674
6041523
5620193
2300706
2560753
2592827
2564923
2545645
2525637
2533962
2563926
2631062
2646449
2577368
2085422
2504621
5308407
2583358
2625422
2673560
2423955
2656819
2666059
2689589
2661920
2654579
2670385
2687270
2643453
2466425
2538584
4699637
2599878
2676910
2555457
2501900
2708153
2523361
2412138
2567785
2713484
2790186
2650649
2721784
2706992
2612818
4876748
2692940
2573282
2605223
2370122
2764007
2470239
2402348
2326367
2338492
2481731
2485689
2400457
2620253
2569391
5705774
2673344
2643542
2369917
2510856
2468220
2475000
2424930
2636333
3697218
2532950
2495860
2528642
2518679
2482030
5245915
2607582
2441124
2439354
2496726
2609782
2514156
2632844
2467210
2677155
2510429
4687367
2457021
2578220
2493075
5702290
2641688
2429138
2228790
2436894
2492231
2427127
2410448
2606805
2545214
2631225
2173812
2438493
2519186
2570176
5885941
2662352
2706975
2596888
2536901
2731425
2540842
2657695
4063309
2600307
5207665
2612118
2599082
2704202
2710279
5433880
2652289
2597928
2815586
2972565
2665350
2415914
2483521
2587157
2662919
2492265
2262371
2525310
2552687
2741760
5886387
2602047
2636789
2516371
2694454
2681005
2439219
2652237
2569975
2723114
2676414
2649248
2723485
2690289
2368172
4709822
5312483
2502646
2384111
2136701
2402513
2277221
2314861
2599701
2567991
2557476
2467749
2708396
2553487
2574751
4555414
2607374
2741166
2552666
2777785
2783446
2624273
2691520
2760749
2657275
2465831
2570541
2586421
2559672
2588741
4520223
2555597
2584206
2452625
2484795
2583977
2286421
2377027
2635136
2437280
2462753
2527996
2475344
2520245
2646548
4571137
2703558
2488639
2213033
2949405
2551863
2403383
2748211
2854198
2464648
2807442
2595273
2344492
2776031
2689619
4926863
2641261
2768200
2572811
2572301
2471617
2631104
2661633
2616674
2600218
2781075
2758491
2544360
2710144
2640680
4635038
2675180
2574506
2615478
2699950
2578757
2721956
2608788
2758037
2609567
2761654
2558277
2675309
2760294
2665369
4901407
2682919
2669210
2699219
2809215
2625217
2559361
2525309
2808846
2532967
2725466
2666355
2712040
2733565
2792766
4874842
2698816
2604252
2690570
2725510
2557971
2720884
2775376
2696365
2713060
2859434
2725779
2681824
2701660
2532990
4852086
2700059
2636258
2680163
2685584
2693445
