1859546
1440394
1538007
1628592
1264909
1700166
1732706
1803274
1720606
1690803
1743101
1781826
1753180
1747420
1713213
1712320
1753059
1685478
1688541
1701368
1646213
1644653
1812149
1725956
1705461
1763932
1743636
1714450
1827072
1586998
1884515
1446442
1683266
1625350
1601556
1389508
1521469
1748391
1492232
1598942
1635891
1617495
1560994
1701653
1677478
1625184
1657866
1545561
1700182
1743906
1635368
1632092
1717994
1713272
1667641
1699314
1706553
1660904
1884955
1532550
1670247
1717781
1628325
1646432
1700981
1620053
1615844
1776114
1634019
1739916
1732866
1778466
1740590
1706573
1647811
1679141
1766467
1553668
1713341
1702823
1634184
1784296
1810302
1712866
1758112
1810532
1660962
1764791
1791562
1582587
1834266
1794607
1610648
1815840
1807887
1724034
1801442
1806321
1677133
1809578
1812051
1635844
1808090
1802212
1705041
1815686
1790442
1668953
1858885
1808090
1643871
1826882
1806310
1731010
1713682
1824314
1750533
1748412
1793485
1551729
1791382
1667328
1635286
1787328
1774184
1690917
1762667
1789390
1629267
1609162
1710833
1843806
1854746
1495577
1606998
1593278
1643766
1526945
1625693
1591482
1858955
1652498
1659858
1576988
1544236
1403045
1730951
1626605
1675921
1647700
1603806
1613462
1499850
1621326
1703164
1532496
1504385
1674721
1425658
1543278
1588654
1618133
1526195
1592151
1587501
1577339
1588476
1410626
1538663
1739527
1578201
1554343
1515090
1586278
1494002
1563539
1628278
1612768
1551638
1425330
1552252
1695847
1558748
1552264
1565340
1576803
1748000
1567388
1596381
1510668
1588283
1619964
1561077
1778221
1537968
1511968
1534565
1523200
1515012
1589512
1662012
1363427
1560684
1441889
1640702
1610968
1615452
1507529
1596352
1606630
1544089
1598530
1621132
1595129
1608033
1557531
1567032
1652512
1620699
1511321
1576387
1651763
1558578
1577732
1605071
1526944
1566598
1424249
1710972
1734686
1555502
1551205
1541074
1543318
1511649
1659077
1563387
1700523
1654592
1423839
1596522
1698753
1540312
1552801
1531941
1418103
1518807
1627527
1534189
1449962
1564374
1428337
1561324
1549174
1484055
1550612
1647161
1429728
1517893
1604260
1454841
1439456
1520909
1387199
1442717
1510219
1561864
1516056
1599721
1549692
1501675
1547095
1533128
1494694
1607182
1612308
1450130
1698874
1597219
1490443
1642477
1637137
1623626
1641553
1613602
1599494
1639291
1565473
1671443
1643643
1601197
1632098
1655732
1585652
1602721
1559833
1656346
1617089
1581278
1502685
