2349753
2157566
1763628
2185696
2116000
2113535
2108321
2020000
2135935
2134674
2163999
2108150
2150250
2150160
2099664
2161194
2133494
2045988
2114320
2084239
2108119
2125773
2124795
2111315
2139734
2163805
2112607
2066250
2078359
2240349
1632399
2253494
2308861
2128015
2188065
2129104
2149800
2139126
2112116
1925928
2041218
1942375
2054638
2057338
1969725
1999270
2039404
2024768
2041742
2024544
2015606
2072618
2006380
2026015
2033996
2087922
1952695
2002529
2030264
2026113
1968253
1984283
1995077
2000935
1988510
2026376
2001437
2007875
2012717
1929546
2042164
2020943
1982271
2004467
2017597
2040188
2035544
2041483
1971639
2011584
2030279
1935457
2066810
2030583
1890936
2077837
1999836
2048312
1990181
2038076
2045460
1960812
1983046
2043918
2051068
2020543
1988519
2057730
2021344
1908912
2055340
2028200
1982174
2024464
2019144
1985984
1994998
2048478
2040783
1983995
2022002
1974000
2059604
2019936
1938815
2078259
2066785
2007393
2030453
2004238
2032260
2037604
1892465
1986240
2139752
2221117
2023950
1805915
2066218
2105764
2171739
2051788
2139325
2182968
1996774
2151432
2016520
1872887
1902479
1970284
2040665
1963509
2038716
1920799
2058418
2041303
1897602
1927322
2021834
1931662
2037130
2018113
1939643
2010836
2039277
1958484
2044662
2034193
1916110
1902605
2052434
1970314
1995696
2022744
1965103
2052312
1947582
1966304
2044694
2292657
1958733
2048668
1928413
1959776
2036621
2040181
1977813
2049139
2047470
1933929
2008203
2324633
2012226
2032054
1998393
1946295
1997791
2033123
1950227
2034498
2033912
1964359
2188848
2049974
2023086
2070639
2019757
1998901
2050726
1876424
2000596
1981376
2045320
1960963
2024802
2064029
1999889
2046320
2068026
1997164
2007898
1901807
1994640
2074665
2037556
1995466
2002491
2060966
1815462
1999149
2031463
1968934
2018885
1957853
1953141
2029072
2016756
1956223
1973742
2023394
2013492
1987547
2036746
2003741
1993081
2040294
2021136
1985926
2006541
2015165
2049050
2018134
2013226
2067476
2029060
1963228
1985888
2016124
1996171
1971803
2033071
1996535
1965187
2011040
2000213
1951732
1983428
1933133
1820072
2147889
1662421
1955385
1983965
1967627
1847752
2170830
2012064
1930653
2031886
2008048
1930272
1955064
1998453
1982599
1969713
1947767
1932857
1947672
1954157
1993997
2120167
1890462
1954685
1988561
1945317
1994390
1893944
1954461
1985483
1994523
1972465
1981794
1989185
1960871
2004066
1981963
1974755
1923325
1976725
1949022
