1053344
1250747
1622868
1379252
1760836
1845797
1638388
1777640
1696131
1592810
1775928
1634249
1734830
1764138
1771172
1641062
1793186
1759863
1693426
1700002
1765814
1592859
1776234
1752712
1765784
1766389
1766609
1667775
1763348
1777374
1805670
1824850
1795158
1736331
1823815
1787752
1790182
1835844
1784368
1754806
1809027
1803296
1734016
1831510
1752298
1644656
1823848
1782335
1785424
1768630
1765146
1707780
1837459
1698494
1602087
1578260
1686330
1516372
1904291
1654044
1773410
1839755
1680087
1659607
1764148
1814197
1696356
1784515
1749746
1791645
1753760
1419994
1707042
1750521
1720116
1758788
1724644
1763161
1716670
1736576
1748043
1768924
1866146
1933580
1628009
1630964
1647118
1416804
1640619
2058299
1509151
1538475
1624797
1607395
1582272
1547681
1419999
1482967
1606639
1612043
1647029
1639123
1642548
1686639
1825380
1613953
1747233
1633075
1632425
1613489
1628431
1635391
1654771
1627069
1724360
1661983
1631852
1621108
1722139
1650419
1630325
1602912
1624248
1543488
1655373
1673345
1618074
1738278
1623189
1713650
1737509
1699536
1681428
1734394
1654416
1729787
1692859
1690010
1660736
1602307
1816631
1667063
1615187
1706474
1730610
1663477
1715621
1678559
1701641
1651343
1680107
1705157
1706666
1679403
1680849
1796260
1715453
1684840
1683441
1629445
1835886
1684486
1630059
1710171
1634439
1740748
1753417
1669633
1701323
1686721
1671076
1701134
1611833
1719744
1764360
1691250
1669679
1731426
1761446
1657039
1673599
1783541
1764009
1650303
1646679
1667388
1701670
1668558
1749465
1715324
1482178
1603366
1612285
1613843
1607315
1658943
1752482
1698609
1663206
1769977
1761089
1641590
1776931
1684355
1751040
1804216
1733083
1728468
1721149
1718666
1791555
1814957
1783193
1773240
1778580
1773426
1675223
1785597
1741156
1681664
1756734
1742571
1772455
1792786
1785444
1596088
1419824
1677927
1530190
1693183
1647506
1673703
1693093
1661359
1693067
1678678
1643705
1567454
1688315
1643949
1555152
1636860
1689084
1688445
1687364
1606184
1572464
1666908
1621229
1529972
1655867
1622129
1563785
1586349
1573898
1571766
1579888
1796336
1650109
1637110
1644631
1598420
1658879
1625049
1563708
1604109
1682853
1625534
1658126
1698313
1481725
1641269
1640933
1615638
1652507
1653914
1615824
1640358
1637409
1572690
1559915
1622799
1400025
1602318
1621155
1677673
1667980
1648733
1429060
1500346
1753909
1535094
1577777
1616458
1578423
1646821
1681463
1422916
1663465
1546162
