3064660
2254632
2001950
2284787
2300651
2293800
2278402
2275499
2271093
2294173
2309788
2233719
2330648
2342548
2311743
2341994
2312247
2200989
2306174
2296721
2265569
2322961
2300609
2197542
2303769
2442400
2413799
2217438
2316779
2096352
2276097
2357644
2089901
2288953
2203641
2219243
2410424
2390771
2244214
2325753
2285114
2282370
2269379
2243722
2204206
2353922
2330890
2286034
2329034
2332922
1970259
2324149
2202161
2197602
2338794
2223423
2134686
2566785
2179203
2365412
1739228
1996544
1955058
1992036
2031535
1893269
1770391
1888023
1791083
1830073
1711378
2029105
1494444
1890726
1798735
1929563
1875159
1939215
1954593
1871010
1827413
1959109
1927964
1817649
1946951
1964423
1857365
1938540
2014745
1722351
1965634
2001100
2005950
1896549
1899343
1928510
1958569
1849687
1905979
1787124
1915734
1843448
1882390
1918220
1822489
1775948
1917083
1909393
1775983
1913133
1785577
1763948
1819963
1816229
1932804
1918185
1984284
1829930
1821594
1802809
1959990
1872794
1828523
1883579
1805215
1801829
1880733
1829582
1727931
1884145
1871090
1887124
1875659
1871543
1746313
1784834
1828068
1812324
1871189
1882843
1796085
1775748
1806678
1811088
1794239
1735911
1810999
1762723
1853940
1868229
1866010
1735791
1793098
1821525
1800907
1873343
1878149
1782153
1784912
1772423
1831485
1612684
1721864
1885489
1786048
1730252
1905193
1797153
1857005
1770452
1818813
1774526
1775515
1902725
1900613
1799878
1788975
1913036
1810408
1804943
1832646
1913979
1744842
1898759
1865008
1776008
1834767
1897119
1810032
1890118
1894748
1721905
1809038
1847425
1839658
1800219
1897943
1771122
1901434
1893278
1906425
1879529
1803064
1833942
1973380
1866258
1891956
1780842
1932598
1902614
1911495
1889059
1830333
1888786
1885607
1804321
1905468
1801002
1889978
1901183
1787504
1860255
1794502
1893659
1863233
1796071
1889263
1849963
1904338
1846154
1874922
1758135
1903022
1851783
1819609
1833314
1892437
1897697
1788148
1842549
1845377
1882893
1848163
1841343
1869678
1794673
1896669
1798274
1862351
1868246
1816934
1854772
1975374
2014795
2059425
1810132
1873679
1626281
1817668
1908673
1838658
1896576
1804334
1851484
1926532
1893623
1907462
1795917
1721116
2612238
1900473
1855680
1858910
1840048
1783745
1895566
1846208
1857245
1884513
1839758
1860929
1843024
1794782
1854292
1814921
1743816
1828782
1852050
1756002
1849579
1888170
1802882
1827127
1822352
1746058
1845162
1813974
1802652
1831256
1790127
